115
236.9886 -4.0 -1.0 0.0 0.0 -3.0 0.0 -1.0 -1.0 -4.0 -2.0 -1.0 -4.0 -3.0 -2.0 -1.0 0.0 0.0 -1.0 -3.0 -2.0 -3.0 -4.0 0.0 -1.0 -2.0 -2.0 -4.0 -1.0 -3.0 -4.0 -3.0 0.0 0.0 -3.0 -4.0 -1.0 -2.0 -4.0 -3.0 -3.0 0.0 -4.0 -2.0 0.0 -2.0 -4.0 -1.0 -4.0 -2.0 -1.0 -4.0 -2.0 -3.0 -1.0 -4.0 -1.0 -4.0 -2.0 -4.0 -2.0 -4.0 -4.0 -1.0 -2.0 -2.0 -1.0 -4.0 -4.0 -1.0 -2.0 0.0 -2.0 -1.0 -4.0 0.0 -4.0 -2.0 -3.0 -3.0 -4.0 0.0 -1.0 -2.0 -4.0 -1.0 0.0 -2.0 -1.0 -1.0 -1.0 -3.0 -2.0 -4.0 -2.0 -4.0 -1.0 -2.0 -4.0 -2.0 0.0 0.0 -1.0 -4.0 -3.0 0.0 0.0 -4.0 0.0 0.0 -4.0 -2.0 -3.0 -3.0 -1.0 
-1.0 197.0 0.0 -4.0 -2.0 -4.0 -4.0 -2.0 -2.0 -1.0 0.0 -1.0 -2.0 -2.0 -1.0 -1.0 -2.0 0.0 -3.0 -2.0 0.0 -2.0 -4.0 0.0 0.0 0.0 -1.0 -4.0 -4.0 -2.0 -2.0 -1.0 0.0 -2.0 -2.0 -3.0 0.0 -4.0 -1.0 -3.0 -4.0 -1.0 -1.0 -2.0 -1.0 -2.0 -1.0 -4.0 -3.0 0.0 -3.0 -1.0 0.0 0.0 0.0 -2.0 -4.0 0.0 -4.0 0.0 0.0 -2.0 -4.0 -4.0 0.0 -4.0 -4.0 -2.0 0.0 -3.0 0.0 -2.0 0.0 -3.0 -1.0 0.0 -2.0 -2.0 0.0 -1.0 0.0 -3.0 0.0 0.0 0.0 -1.0 -4.0 -2.0 0.0 -4.0 0.0 -2.0 -4.0 0.0 -2.0 -1.0 -4.0 -3.0 0.0 -3.0 -4.0 0.0 -3.0 -2.0 -1.0 0.0 -1.0 -4.0 -3.0 -3.0 -1.0 -2.0 -2.0 0.0 -2.0 
-4.0 -2.0 248.0 0.0 -2.0 -2.0 -4.0 -3.0 -1.0 -4.0 -2.0 -3.0 -2.0 -2.0 -1.0 -4.0 -2.0 -2.0 -2.0 -2.0 -4.0 -1.0 -3.0 -1.0 -2.0 -3.0 0.0 -3.0 0.0 -3.0 -2.0 -2.0 -1.0 -3.0 -2.0 -1.0 -2.0 -2.0 -3.0 -2.0 -3.0 -1.0 -4.0 -1.0 0.0 -2.0 -2.0 -3.0 -4.0 -3.0 0.0 -1.0 -2.0 -4.0 0.0 -1.0 -2.0 -3.0 -1.0 -3.0 -1.0 -1.0 -1.0 -3.0 -4.0 -2.0 -3.0 -2.0 -2.0 0.0 0.0 -3.0 -4.0 0.0 -4.0 -3.0 -3.0 -3.0 -1.0 0.0 -3.0 -3.0 0.0 -4.0 -4.0 -3.0 -2.0 -1.0 -4.0 -2.0 -4.0 0.0 -1.0 -4.0 -4.0 -1.0 -2.0 -1.0 -2.0 -2.0 -1.0 -1.0 -3.0 -4.0 -4.0 -1.0 -1.0 -1.0 -3.0 -4.0 -4.0 -2.0 -4.0 -4.0 0.0 
-2.0 -1.0 0.0 220.0 0.0 -2.0 -3.0 -3.0 0.0 -2.0 -1.0 -3.0 0.0 -4.0 0.0 0.0 -3.0 -4.0 -2.0 -4.0 -1.0 0.0 -2.0 0.0 0.0 0.0 -3.0 -4.0 -2.0 -1.0 -3.0 -1.0 -2.0 -1.0 0.0 -3.0 -4.0 -4.0 0.0 0.0 -2.0 -2.0 -4.0 -4.0 -2.0 0.0 -1.0 -4.0 -1.0 -1.0 -4.0 0.0 -1.0 -4.0 0.0 -3.0 -1.0 -2.0 -2.0 -4.0 -1.0 -4.0 -3.0 -3.0 -2.0 -4.0 -1.0 -1.0 -3.0 -4.0 0.0 -3.0 0.0 -2.0 0.0 -3.0 0.0 -2.0 -3.0 -4.0 -3.0 0.0 -1.0 -3.0 -2.0 -4.0 -3.0 -4.0 -1.0 -4.0 -4.0 -1.0 -1.0 -3.0 0.0 0.0 -1.0 0.0 -4.0 0.0 0.0 -4.0 -2.0 -4.0 0.0 -1.0 -4.0 -2.0 0.0 -3.0 -2.0 -1.0 -4.0 -2.0 -2.0 
0.0 -1.0 0.0 -1.0 214.0 -4.0 -3.0 -3.0 0.0 0.0 -3.0 -4.0 -2.0 -4.0 0.0 -4.0 -4.0 -3.0 -3.0 -4.0 -1.0 0.0 -3.0 -3.0 -1.0 -2.0 0.0 -2.0 -4.0 -3.0 -4.0 -3.0 -1.0 -2.0 -4.0 -1.0 -2.0 -2.0 -3.0 -3.0 -1.0 -3.0 -1.0 -2.0 0.0 0.0 0.0 0.0 -2.0 0.0 -1.0 0.0 0.0 -1.0 -1.0 0.0 -3.0 -2.0 -2.0 -4.0 -2.0 -4.0 -3.0 -1.0 0.0 0.0 -1.0 -1.0 -3.0 -3.0 -4.0 -1.0 -2.0 -1.0 -2.0 -1.0 -4.0 -1.0 -1.0 -3.0 -1.0 -3.0 -3.0 -1.0 0.0 -1.0 -4.0 -3.0 -3.0 -4.0 -2.0 -2.0 -3.0 0.0 -2.0 -4.0 -1.0 -1.0 -2.0 -3.0 -1.0 -1.0 -2.0 0.0 -3.0 0.0 -1.0 0.0 -1.0 -4.0 0.0 -3.0 -3.0 0.0 -4.0 
-2.0 0.0 -1.0 -3.0 -2.0 227.0 0.0 -1.0 -3.0 -1.0 -4.0 -3.0 -1.0 -3.0 -3.0 -4.0 -2.0 -3.0 0.0 -1.0 0.0 -1.0 -2.0 -4.0 -2.0 -1.0 -1.0 -4.0 -2.0 -1.0 -1.0 -2.0 -4.0 -4.0 -4.0 -4.0 -1.0 -3.0 -3.0 -4.0 -2.0 -4.0 -4.0 -3.0 -3.0 -4.0 -3.0 -1.0 -1.0 0.0 0.0 0.0 -3.0 0.0 -2.0 -2.0 -2.0 -1.0 -2.0 0.0 -1.0 -2.0 -2.0 -2.0 -4.0 -3.0 0.0 -3.0 0.0 -3.0 -2.0 -3.0 -3.0 -1.0 -1.0 -4.0 -1.0 -3.0 -3.0 -1.0 -3.0 -4.0 -1.0 -1.0 -2.0 -2.0 -4.0 -1.0 -2.0 -3.0 0.0 0.0 0.0 -4.0 -4.0 -2.0 0.0 -4.0 -2.0 -3.0 0.0 0.0 -4.0 -1.0 0.0 0.0 0.0 -4.0 0.0 -2.0 -1.0 -1.0 -4.0 -4.0 0.0 
-3.0 -1.0 0.0 0.0 -1.0 -3.0 207.0 -3.0 -3.0 -3.0 0.0 -2.0 -3.0 -1.0 -1.0 0.0 0.0 -1.0 -2.0 -1.0 -1.0 -3.0 -4.0 0.0 -1.0 -3.0 0.0 -3.0 -4.0 0.0 -1.0 -4.0 -2.0 -4.0 -4.0 -4.0 -2.0 -1.0 -4.0 -2.0 0.0 0.0 -2.0 0.0 -3.0 0.0 -2.0 -1.0 -1.0 -3.0 -3.0 -1.0 -4.0 0.0 -4.0 -1.0 -3.0 -2.0 0.0 -2.0 0.0 0.0 0.0 -2.0 -2.0 -4.0 -2.0 -2.0 -4.0 0.0 -2.0 0.0 -3.0 -3.0 -3.0 0.0 -4.0 -2.0 0.0 0.0 0.0 -2.0 -4.0 -4.0 -3.0 -1.0 -2.0 -2.0 0.0 -2.0 -1.0 -1.0 -4.0 -3.0 0.0 -1.0 -2.0 0.0 -2.0 -2.0 -3.0 0.0 -2.0 -1.0 -3.0 -2.0 0.0 -2.0 -1.0 -2.0 -2.0 -3.0 -2.0 -4.0 -4.0 
-4.0 -4.0 0.0 -3.0 -4.0 0.0 -1.0 226.0 -3.0 -4.0 -2.0 -1.0 -3.0 0.0 -1.0 -3.0 0.0 -3.0 0.0 -2.0 -3.0 0.0 -2.0 -4.0 -2.0 -4.0 0.0 -2.0 -2.0 -4.0 -3.0 0.0 0.0 -4.0 -4.0 -1.0 -1.0 -3.0 -3.0 -1.0 0.0 -4.0 -1.0 -1.0 -4.0 -1.0 0.0 -4.0 -1.0 -4.0 -4.0 -2.0 -3.0 -3.0 -3.0 -3.0 -3.0 -3.0 -2.0 0.0 -4.0 -3.0 0.0 -3.0 -2.0 0.0 -1.0 -2.0 -2.0 -1.0 -1.0 0.0 -2.0 -1.0 -3.0 -1.0 -4.0 -4.0 0.0 -2.0 -1.0 -1.0 -1.0 -1.0 -1.0 0.0 0.0 -1.0 -2.0 -3.0 -2.0 -4.0 -3.0 -2.0 -2.0 -4.0 -2.0 -4.0 0.0 -4.0 -2.0 0.0 -2.0 -2.0 0.0 -3.0 -3.0 0.0 -4.0 0.0 -2.0 -1.0 -1.0 -3.0 -2.0 
-3.0 -4.0 -3.0 0.0 -4.0 -3.0 -4.0 -1.0 248.0 0.0 -2.0 -1.0 -3.0 -1.0 -3.0 0.0 0.0 -2.0 -1.0 -3.0 -3.0 -4.0 0.0 -1.0 -2.0 -2.0 -2.0 -3.0 -2.0 0.0 -2.0 -1.0 -1.0 -4.0 -4.0 0.0 -4.0 0.0 -1.0 -1.0 -1.0 -2.0 -3.0 -4.0 -4.0 -4.0 -4.0 -3.0 -3.0 -4.0 -2.0 -4.0 -4.0 0.0 0.0 0.0 -3.0 -3.0 -4.0 0.0 -4.0 -3.0 0.0 -4.0 -2.0 0.0 -2.0 -3.0 -1.0 -2.0 -3.0 -1.0 0.0 -4.0 0.0 -4.0 -3.0 -2.0 0.0 -2.0 -4.0 -1.0 -4.0 -1.0 -4.0 -4.0 -4.0 -3.0 -3.0 -4.0 -4.0 -1.0 -3.0 -1.0 -4.0 0.0 -1.0 -4.0 -1.0 -1.0 -1.0 -1.0 -2.0 -4.0 0.0 -4.0 0.0 -4.0 -3.0 -3.0 -3.0 -1.0 0.0 -2.0 -1.0 
-4.0 -1.0 -2.0 -2.0 -3.0 -4.0 -2.0 -4.0 -3.0 234.0 -3.0 -4.0 -1.0 -1.0 -4.0 -3.0 0.0 0.0 -4.0 -2.0 -4.0 -2.0 -1.0 -2.0 -3.0 -1.0 0.0 -2.0 -3.0 -4.0 -4.0 -3.0 -3.0 -1.0 -3.0 -4.0 -4.0 -2.0 0.0 -4.0 -4.0 0.0 -3.0 -1.0 -2.0 -3.0 0.0 -4.0 -3.0 0.0 -2.0 -3.0 0.0 -3.0 -1.0 0.0 -1.0 -2.0 0.0 -3.0 -3.0 -1.0 0.0 -4.0 -4.0 -1.0 -2.0 -3.0 0.0 0.0 -2.0 0.0 0.0 0.0 -2.0 0.0 -4.0 -4.0 -4.0 -4.0 -1.0 -3.0 -2.0 -2.0 -4.0 -3.0 -2.0 -1.0 0.0 0.0 -4.0 -4.0 -4.0 0.0 0.0 -3.0 -1.0 -2.0 -2.0 0.0 -3.0 -1.0 -4.0 -4.0 0.0 -3.0 -3.0 0.0 0.0 -3.0 0.0 -2.0 -1.0 0.0 -2.0 
-3.0 0.0 -3.0 -4.0 -4.0 -1.0 -1.0 0.0 -2.0 -1.0 205.0 0.0 0.0 -4.0 -4.0 -1.0 -1.0 -1.0 0.0 -3.0 -4.0 -1.0 0.0 -1.0 -3.0 -1.0 -2.0 -2.0 0.0 0.0 -1.0 -3.0 -1.0 -4.0 -3.0 -4.0 -1.0 0.0 -4.0 -4.0 -2.0 -2.0 -1.0 -1.0 -4.0 0.0 -2.0 -1.0 0.0 -3.0 -3.0 0.0 -2.0 -3.0 -1.0 -4.0 -2.0 -3.0 -2.0 -3.0 -4.0 -4.0 -1.0 -1.0 -1.0 -1.0 -2.0 -2.0 -1.0 -3.0 -2.0 -1.0 -2.0 -1.0 -2.0 0.0 0.0 -3.0 -4.0 0.0 -1.0 -2.0 -2.0 -1.0 -4.0 -2.0 0.0 0.0 -4.0 -1.0 0.0 -4.0 -1.0 -3.0 -4.0 -1.0 -4.0 0.0 -1.0 -2.0 0.0 0.0 -3.0 -1.0 0.0 0.0 -3.0 -1.0 0.0 -2.0 -3.0 -1.0 0.0 -4.0 -4.0 
-3.0 0.0 -2.0 -4.0 -4.0 -2.0 -4.0 -1.0 -4.0 -3.0 -4.0 238.0 -4.0 -4.0 -4.0 0.0 -1.0 -3.0 -4.0 -4.0 -2.0 -2.0 -2.0 -3.0 0.0 0.0 0.0 -1.0 -2.0 -4.0 -2.0 0.0 -4.0 -1.0 -2.0 -3.0 -4.0 -4.0 -3.0 -1.0 -4.0 -2.0 -1.0 -3.0 -2.0 -4.0 -2.0 -2.0 -4.0 -2.0 -1.0 -1.0 -4.0 -2.0 -1.0 -1.0 -2.0 -1.0 -1.0 -4.0 0.0 -1.0 -2.0 -3.0 -3.0 0.0 0.0 -3.0 -2.0 -4.0 -3.0 -1.0 -3.0 -1.0 0.0 -1.0 -2.0 0.0 -4.0 -3.0 -3.0 -1.0 -1.0 -4.0 -2.0 0.0 0.0 0.0 -4.0 0.0 -1.0 -3.0 -2.0 -1.0 0.0 -2.0 -3.0 -1.0 -2.0 -1.0 -3.0 -4.0 -2.0 0.0 -1.0 -4.0 -2.0 -4.0 -3.0 -2.0 -2.0 -2.0 -1.0 -2.0 0.0 
0.0 -1.0 -1.0 -1.0 -2.0 -2.0 -4.0 -2.0 -2.0 -2.0 -4.0 0.0 241.0 -3.0 -4.0 -4.0 -3.0 0.0 -4.0 -4.0 -4.0 -2.0 -3.0 -1.0 0.0 -3.0 -2.0 -2.0 -3.0 -4.0 -3.0 -3.0 -1.0 -2.0 -4.0 -4.0 0.0 -4.0 -3.0 0.0 -4.0 -4.0 -4.0 -2.0 -1.0 -4.0 -1.0 0.0 -1.0 -2.0 -4.0 -1.0 -1.0 -2.0 -2.0 -1.0 -3.0 -3.0 -3.0 -3.0 -4.0 -4.0 -1.0 0.0 -4.0 -1.0 -3.0 -2.0 0.0 -1.0 0.0 -4.0 -2.0 -3.0 -2.0 -2.0 -2.0 -2.0 -3.0 -2.0 -2.0 -2.0 -1.0 -2.0 -1.0 -3.0 -4.0 -3.0 -1.0 -1.0 -3.0 -1.0 -3.0 0.0 -3.0 0.0 0.0 -2.0 -3.0 -2.0 0.0 -3.0 -3.0 0.0 -2.0 -3.0 -1.0 0.0 -3.0 -3.0 -3.0 0.0 -1.0 -3.0 0.0 
-4.0 0.0 -1.0 -3.0 0.0 0.0 0.0 -2.0 -4.0 -4.0 -3.0 -4.0 -2.0 255.0 -4.0 -4.0 0.0 -3.0 -4.0 -2.0 -1.0 -4.0 0.0 -3.0 -3.0 -3.0 -3.0 -4.0 -1.0 0.0 -3.0 -1.0 0.0 -4.0 -4.0 0.0 -3.0 -3.0 -4.0 -4.0 -4.0 -3.0 -1.0 -4.0 -2.0 -2.0 -1.0 -3.0 -2.0 0.0 -2.0 -3.0 -2.0 0.0 -1.0 -4.0 -3.0 -1.0 -3.0 -3.0 -4.0 -3.0 0.0 0.0 -4.0 0.0 0.0 -1.0 -3.0 -4.0 -2.0 -3.0 -1.0 -2.0 -1.0 -3.0 0.0 -3.0 0.0 -4.0 -1.0 -3.0 -3.0 -3.0 -4.0 -2.0 -4.0 -4.0 -3.0 -3.0 -4.0 -2.0 -4.0 0.0 0.0 -3.0 -4.0 -2.0 -1.0 -4.0 -2.0 -2.0 -2.0 -2.0 0.0 -2.0 -4.0 -3.0 -1.0 -2.0 -4.0 -2.0 -1.0 0.0 0.0 
-4.0 -1.0 -2.0 -3.0 -2.0 -1.0 -4.0 -1.0 -2.0 -1.0 -3.0 -3.0 -4.0 0.0 234.0 -4.0 -1.0 -4.0 -1.0 0.0 -2.0 -4.0 -4.0 -2.0 -2.0 -3.0 -2.0 -4.0 -3.0 -3.0 -3.0 -3.0 0.0 -3.0 -1.0 -2.0 -1.0 -2.0 -3.0 -1.0 0.0 -3.0 -2.0 -3.0 -2.0 -3.0 0.0 -4.0 -1.0 -3.0 -3.0 -1.0 0.0 0.0 -4.0 -4.0 -3.0 -4.0 -1.0 0.0 -2.0 -3.0 -2.0 -2.0 -1.0 0.0 0.0 -1.0 0.0 -4.0 -1.0 0.0 -1.0 -1.0 -1.0 -1.0 -3.0 -1.0 -2.0 -3.0 0.0 -2.0 -2.0 -2.0 0.0 -2.0 0.0 -4.0 0.0 -3.0 -4.0 -4.0 -3.0 -2.0 -3.0 -1.0 -4.0 -1.0 0.0 0.0 -4.0 -4.0 -4.0 -2.0 -2.0 -1.0 -4.0 0.0 -4.0 -4.0 -2.0 -3.0 -1.0 -1.0 -2.0 
-2.0 -4.0 -4.0 -2.0 -1.0 0.0 -2.0 0.0 -4.0 -1.0 -3.0 -3.0 -3.0 -3.0 0.0 237.0 -1.0 -1.0 0.0 -3.0 -4.0 -3.0 -1.0 -2.0 -4.0 -3.0 -1.0 -3.0 -1.0 -2.0 -3.0 -2.0 -1.0 0.0 -2.0 -2.0 0.0 -3.0 0.0 -1.0 0.0 -1.0 -1.0 0.0 -1.0 -2.0 -2.0 -1.0 -4.0 -2.0 -2.0 -1.0 -4.0 -1.0 -4.0 -2.0 -2.0 -2.0 -4.0 -2.0 -2.0 -4.0 -4.0 0.0 -3.0 -2.0 -2.0 -4.0 -3.0 -1.0 -2.0 -4.0 -4.0 -1.0 -1.0 -4.0 -1.0 -4.0 -3.0 0.0 -2.0 -3.0 -2.0 -2.0 -4.0 -2.0 -2.0 -4.0 -1.0 -4.0 0.0 -4.0 -4.0 0.0 -3.0 -1.0 -2.0 -1.0 -2.0 0.0 -4.0 -2.0 -1.0 -3.0 -4.0 -4.0 -1.0 -2.0 -2.0 -2.0 -3.0 0.0 -1.0 0.0 -3.0 
-4.0 -2.0 -3.0 0.0 0.0 0.0 -4.0 -4.0 0.0 0.0 -3.0 -2.0 0.0 -3.0 0.0 -1.0 229.0 0.0 -3.0 -3.0 -3.0 0.0 0.0 -3.0 -4.0 -2.0 0.0 -3.0 -2.0 -4.0 0.0 -2.0 -1.0 -2.0 -1.0 -3.0 -2.0 -4.0 -2.0 -2.0 -3.0 -1.0 0.0 -1.0 -3.0 -2.0 -3.0 -2.0 -3.0 -4.0 -3.0 -2.0 -2.0 -2.0 -1.0 -1.0 -4.0 -2.0 0.0 -4.0 -3.0 0.0 -2.0 -1.0 -3.0 -1.0 -3.0 -1.0 -2.0 0.0 -1.0 -1.0 -2.0 -3.0 0.0 -2.0 -3.0 -3.0 -3.0 -3.0 -2.0 0.0 -1.0 -1.0 -4.0 0.0 -4.0 -4.0 -4.0 0.0 -3.0 -4.0 -1.0 -2.0 -1.0 -4.0 -1.0 0.0 -4.0 0.0 -2.0 -4.0 -1.0 -2.0 -3.0 -4.0 0.0 -3.0 -3.0 -2.0 -2.0 -3.0 0.0 -4.0 -4.0 
-4.0 -3.0 -1.0 -4.0 -4.0 -1.0 -1.0 -2.0 0.0 -4.0 -1.0 -4.0 -1.0 -4.0 -1.0 -4.0 0.0 223.0 -3.0 -4.0 -4.0 -1.0 -3.0 -1.0 0.0 -2.0 -4.0 0.0 0.0 0.0 -4.0 -1.0 -4.0 0.0 0.0 -1.0 0.0 0.0 -3.0 -2.0 -3.0 0.0 -3.0 -2.0 0.0 -2.0 0.0 0.0 -4.0 0.0 0.0 -2.0 -1.0 -1.0 0.0 -2.0 -3.0 -2.0 -3.0 -4.0 -3.0 -4.0 -4.0 -3.0 -3.0 -4.0 -3.0 -3.0 0.0 -3.0 0.0 -4.0 -1.0 -3.0 -2.0 -3.0 0.0 -1.0 0.0 0.0 -1.0 0.0 0.0 -2.0 -3.0 0.0 -4.0 -4.0 -3.0 -2.0 0.0 0.0 -1.0 -4.0 -1.0 -1.0 -3.0 -2.0 -1.0 -3.0 -1.0 0.0 -2.0 -3.0 0.0 -3.0 -4.0 -4.0 -2.0 -2.0 -4.0 -4.0 0.0 -4.0 -3.0 
-1.0 -2.0 -4.0 -1.0 -4.0 -1.0 -4.0 -3.0 0.0 0.0 -1.0 -2.0 -4.0 -2.0 0.0 0.0 -4.0 0.0 217.0 0.0 -1.0 -3.0 -1.0 -3.0 -3.0 0.0 -2.0 -4.0 -2.0 -4.0 0.0 -2.0 -2.0 0.0 -2.0 -4.0 -3.0 -4.0 -1.0 -1.0 -2.0 -4.0 -4.0 -1.0 -3.0 0.0 -4.0 -2.0 0.0 -2.0 -1.0 0.0 -4.0 -3.0 0.0 -2.0 0.0 -3.0 -2.0 0.0 -1.0 -3.0 -1.0 0.0 -2.0 -1.0 -4.0 -2.0 -2.0 -1.0 0.0 -1.0 -2.0 -4.0 -2.0 -4.0 -3.0 -3.0 -1.0 -4.0 -4.0 -3.0 -3.0 -3.0 -1.0 -1.0 -4.0 0.0 -1.0 -3.0 -1.0 -4.0 0.0 -1.0 -3.0 -1.0 -3.0 -1.0 0.0 -2.0 -1.0 -4.0 -3.0 -3.0 -2.0 -1.0 -1.0 -3.0 0.0 -2.0 0.0 -1.0 0.0 -1.0 -3.0 
-3.0 -3.0 -4.0 -3.0 -1.0 -2.0 -2.0 0.0 -2.0 -3.0 -2.0 0.0 0.0 -2.0 -2.0 -2.0 -1.0 -4.0 -4.0 219.0 -3.0 -4.0 -4.0 0.0 -2.0 -1.0 -4.0 -1.0 -3.0 0.0 -3.0 -4.0 -4.0 -4.0 -4.0 -1.0 -1.0 -3.0 0.0 -1.0 -3.0 -1.0 0.0 -2.0 0.0 -1.0 0.0 -1.0 -1.0 0.0 -2.0 -1.0 -2.0 -3.0 -2.0 -1.0 -1.0 -1.0 0.0 -2.0 -2.0 -2.0 -3.0 -4.0 -2.0 -4.0 -1.0 -4.0 -1.0 -4.0 -1.0 -2.0 -1.0 -1.0 0.0 -3.0 -3.0 -2.0 -1.0 -3.0 -1.0 -2.0 -1.0 -1.0 -4.0 -2.0 0.0 -3.0 -1.0 -3.0 -4.0 -4.0 -1.0 -4.0 -1.0 -4.0 -2.0 0.0 -2.0 0.0 -2.0 0.0 0.0 0.0 -1.0 -4.0 -3.0 -1.0 -1.0 0.0 -4.0 -1.0 0.0 -4.0 -3.0 
-1.0 -1.0 0.0 -1.0 -4.0 -3.0 -3.0 -2.0 -1.0 -3.0 -1.0 -3.0 -2.0 -2.0 -1.0 -4.0 -2.0 -3.0 0.0 -3.0 232.0 -3.0 0.0 -3.0 -2.0 -1.0 -3.0 -4.0 -4.0 -3.0 -2.0 -2.0 -2.0 0.0 0.0 -2.0 -2.0 -4.0 0.0 -4.0 -1.0 -4.0 -1.0 -2.0 -4.0 -4.0 -1.0 -3.0 -2.0 -2.0 0.0 -1.0 -1.0 -1.0 -4.0 -4.0 -3.0 -4.0 0.0 -4.0 0.0 0.0 -3.0 -4.0 -4.0 -1.0 -3.0 -3.0 -4.0 -2.0 -3.0 0.0 -1.0 0.0 -4.0 -1.0 -4.0 -2.0 0.0 -3.0 0.0 -1.0 -4.0 -3.0 -1.0 -4.0 -3.0 -1.0 -1.0 -2.0 -1.0 -1.0 0.0 0.0 -4.0 -1.0 -2.0 -2.0 0.0 -4.0 0.0 -4.0 -2.0 -3.0 -1.0 -2.0 -1.0 -1.0 -4.0 -2.0 0.0 0.0 -2.0 -2.0 -4.0 
0.0 -3.0 -1.0 -1.0 -4.0 -4.0 -1.0 -4.0 -1.0 0.0 -3.0 -4.0 0.0 -1.0 0.0 -3.0 -2.0 -4.0 -2.0 -3.0 -4.0 225.0 0.0 0.0 -1.0 0.0 -1.0 -4.0 -2.0 -2.0 -3.0 -2.0 0.0 -4.0 -1.0 -3.0 -2.0 -1.0 -4.0 0.0 0.0 -3.0 -2.0 -2.0 0.0 -1.0 -3.0 -2.0 -4.0 -1.0 0.0 -1.0 -1.0 0.0 0.0 0.0 -3.0 -1.0 -2.0 -3.0 -1.0 0.0 -4.0 -1.0 -1.0 -2.0 -3.0 -2.0 0.0 0.0 -4.0 -4.0 -4.0 -4.0 -2.0 -2.0 -4.0 0.0 0.0 -2.0 -2.0 -3.0 -4.0 -3.0 -2.0 -1.0 -1.0 0.0 -1.0 -1.0 -4.0 -2.0 -1.0 -3.0 -4.0 0.0 -4.0 -3.0 -2.0 -2.0 -4.0 -2.0 0.0 -3.0 -4.0 -2.0 -2.0 -2.0 -2.0 -3.0 -2.0 -2.0 -3.0 -3.0 -4.0 
-4.0 0.0 0.0 -3.0 -4.0 -3.0 -1.0 -1.0 -1.0 -1.0 0.0 -1.0 -2.0 -4.0 0.0 0.0 -1.0 -1.0 -2.0 -1.0 -3.0 -1.0 228.0 0.0 -1.0 0.0 -4.0 -1.0 -1.0 0.0 -1.0 -4.0 -3.0 0.0 -4.0 0.0 -2.0 0.0 -1.0 -1.0 -3.0 -3.0 -1.0 -4.0 -3.0 -1.0 -1.0 -1.0 -2.0 -3.0 -4.0 -1.0 -2.0 -2.0 -2.0 -2.0 -1.0 -3.0 -4.0 -3.0 -4.0 -2.0 -4.0 0.0 -4.0 -4.0 -3.0 -1.0 -3.0 0.0 -3.0 0.0 -1.0 -3.0 -3.0 -3.0 -2.0 -4.0 -4.0 -3.0 -3.0 -3.0 -2.0 -2.0 -3.0 -3.0 -4.0 0.0 -3.0 -3.0 0.0 -1.0 -2.0 0.0 -4.0 -3.0 0.0 -1.0 -2.0 0.0 0.0 -3.0 -1.0 -4.0 -2.0 -1.0 -3.0 -4.0 -3.0 -4.0 -4.0 -3.0 -3.0 0.0 0.0 
-2.0 -4.0 0.0 0.0 0.0 -2.0 -4.0 -2.0 -1.0 -1.0 -3.0 -4.0 -2.0 -2.0 -2.0 -4.0 -3.0 -1.0 0.0 0.0 -2.0 -4.0 -4.0 240.0 -3.0 0.0 -2.0 0.0 -4.0 0.0 -2.0 -4.0 -2.0 0.0 -4.0 -2.0 0.0 -1.0 -1.0 -1.0 -1.0 -3.0 -2.0 -4.0 0.0 -2.0 -3.0 0.0 -1.0 -4.0 -2.0 -3.0 0.0 -2.0 -4.0 -3.0 -4.0 -3.0 0.0 -3.0 -2.0 -3.0 -2.0 -3.0 0.0 -3.0 -1.0 -4.0 -4.0 -1.0 -1.0 -2.0 -1.0 -3.0 -4.0 -2.0 -4.0 0.0 -3.0 -1.0 -2.0 0.0 0.0 -4.0 -2.0 -3.0 -3.0 -3.0 0.0 -2.0 -4.0 0.0 -4.0 -2.0 -3.0 -3.0 -2.0 -3.0 -3.0 -4.0 0.0 -1.0 -2.0 -4.0 -3.0 -3.0 -4.0 0.0 -4.0 -3.0 -1.0 0.0 -1.0 -2.0 -4.0 
-2.0 -1.0 -3.0 0.0 -1.0 -2.0 0.0 -4.0 -3.0 -4.0 -3.0 -2.0 -4.0 -4.0 -3.0 -2.0 -3.0 -3.0 -4.0 0.0 -4.0 0.0 -4.0 -4.0 247.0 -4.0 -4.0 -2.0 0.0 0.0 -4.0 -4.0 -2.0 -2.0 -3.0 0.0 -1.0 -4.0 -3.0 -4.0 -1.0 0.0 -1.0 0.0 -3.0 0.0 -3.0 0.0 -2.0 -1.0 -2.0 -1.0 -3.0 -4.0 -4.0 -4.0 0.0 -2.0 -2.0 -1.0 -4.0 0.0 -4.0 -4.0 0.0 -2.0 -2.0 -2.0 -3.0 -1.0 0.0 -4.0 -2.0 -3.0 -3.0 -4.0 -2.0 0.0 -4.0 -3.0 -3.0 -3.0 0.0 -2.0 0.0 -1.0 0.0 -4.0 -3.0 -3.0 -4.0 -1.0 0.0 -2.0 -3.0 -4.0 0.0 -1.0 0.0 -2.0 0.0 -4.0 -4.0 0.0 -4.0 -4.0 -1.0 -1.0 -2.0 0.0 -4.0 -1.0 -4.0 -3.0 -1.0 
-2.0 0.0 -2.0 -2.0 -1.0 -1.0 0.0 -3.0 -2.0 -4.0 -3.0 -3.0 0.0 -1.0 -3.0 -1.0 -4.0 -2.0 -1.0 -3.0 0.0 -3.0 -4.0 -3.0 -1.0 235.0 -3.0 -4.0 -1.0 -1.0 -3.0 0.0 -4.0 0.0 -3.0 -3.0 -2.0 -1.0 0.0 -1.0 -1.0 -2.0 -1.0 -2.0 -3.0 -4.0 0.0 0.0 -4.0 0.0 0.0 -4.0 -3.0 -3.0 -3.0 -2.0 -3.0 -4.0 -1.0 -3.0 -2.0 -4.0 -3.0 -2.0 -1.0 -1.0 0.0 -1.0 -2.0 -2.0 -1.0 0.0 -1.0 0.0 -1.0 -2.0 -1.0 -2.0 -2.0 -2.0 -4.0 -3.0 -2.0 -4.0 -4.0 -3.0 -2.0 -2.0 -1.0 -4.0 -2.0 -3.0 -2.0 -2.0 -3.0 -3.0 -4.0 0.0 -3.0 -4.0 -4.0 -1.0 -3.0 -3.0 0.0 -4.0 -2.0 -2.0 0.0 -2.0 -4.0 -3.0 -1.0 -2.0 -1.0 
-4.0 -2.0 -3.0 0.0 -4.0 -2.0 -2.0 -1.0 -3.0 -2.0 -1.0 -2.0 -1.0 -1.0 0.0 0.0 -3.0 0.0 -4.0 -1.0 -3.0 -4.0 -3.0 -2.0 -4.0 -4.0 247.0 -1.0 -2.0 -2.0 -2.0 -1.0 0.0 -1.0 -3.0 -1.0 0.0 0.0 0.0 -1.0 -3.0 -2.0 -1.0 0.0 -2.0 -4.0 -4.0 -1.0 -3.0 -4.0 -4.0 0.0 -3.0 -2.0 -2.0 0.0 -3.0 -2.0 -2.0 -4.0 -4.0 -4.0 -4.0 -4.0 -1.0 0.0 -3.0 -3.0 0.0 -3.0 -1.0 -1.0 -1.0 -4.0 -2.0 -3.0 -1.0 0.0 -2.0 -3.0 -4.0 -2.0 -4.0 -2.0 -4.0 -3.0 -3.0 -4.0 -2.0 -2.0 0.0 -3.0 -2.0 -1.0 -4.0 0.0 0.0 0.0 -2.0 -4.0 -4.0 -2.0 -2.0 -4.0 -4.0 -3.0 -3.0 -3.0 0.0 -3.0 -3.0 -1.0 -4.0 -4.0 -1.0 
-2.0 0.0 -3.0 -3.0 -3.0 -4.0 -1.0 0.0 0.0 -3.0 -2.0 -4.0 -3.0 -2.0 -3.0 -1.0 -1.0 -3.0 -3.0 -2.0 -2.0 -1.0 -2.0 0.0 -2.0 -4.0 -1.0 219.0 0.0 -3.0 -2.0 -4.0 -2.0 0.0 0.0 -2.0 -1.0 0.0 -1.0 -1.0 -3.0 -4.0 -2.0 -2.0 0.0 -1.0 -4.0 -4.0 -1.0 -2.0 0.0 -4.0 0.0 -2.0 -4.0 -4.0 -1.0 -1.0 -3.0 0.0 -4.0 -2.0 -1.0 -1.0 -2.0 -4.0 -4.0 -4.0 -2.0 -4.0 -4.0 -1.0 0.0 -2.0 -4.0 -3.0 -4.0 -4.0 -2.0 0.0 -4.0 0.0 -4.0 0.0 -1.0 0.0 0.0 -3.0 -4.0 -1.0 -2.0 -1.0 -1.0 -4.0 -1.0 0.0 -4.0 0.0 -2.0 -1.0 0.0 0.0 -1.0 -3.0 -2.0 -4.0 -2.0 -1.0 0.0 -2.0 -2.0 -1.0 0.0 -1.0 -2.0 
-4.0 -1.0 -4.0 -3.0 0.0 -2.0 -3.0 0.0 -2.0 -3.0 -1.0 -2.0 -1.0 -3.0 -3.0 -4.0 -3.0 0.0 -4.0 -2.0 -3.0 -4.0 -4.0 0.0 -1.0 -3.0 -4.0 -4.0 260.0 -2.0 0.0 0.0 -4.0 0.0 -2.0 -1.0 -4.0 -4.0 0.0 -3.0 -1.0 -4.0 -2.0 0.0 -3.0 -1.0 -3.0 -4.0 -1.0 -3.0 -2.0 0.0 -3.0 -4.0 -3.0 -1.0 -2.0 -3.0 -1.0 -2.0 0.0 -3.0 -3.0 -1.0 -3.0 -3.0 -1.0 -4.0 0.0 0.0 -4.0 -1.0 -2.0 -4.0 -1.0 0.0 -1.0 -2.0 -3.0 -3.0 -3.0 -2.0 -3.0 -1.0 -3.0 -4.0 0.0 -4.0 -3.0 -1.0 -4.0 -2.0 -4.0 -3.0 -4.0 -1.0 -4.0 -3.0 0.0 -4.0 -2.0 0.0 0.0 -2.0 -2.0 -4.0 -3.0 -1.0 -3.0 -3.0 -4.0 -4.0 -4.0 -4.0 -1.0 
-2.0 0.0 -2.0 -3.0 0.0 0.0 -3.0 -2.0 -2.0 -3.0 -3.0 0.0 0.0 -2.0 0.0 -1.0 -2.0 -4.0 -4.0 -1.0 -3.0 -1.0 -1.0 0.0 0.0 0.0 -3.0 -2.0 0.0 220.0 -3.0 -4.0 -3.0 -1.0 -3.0 -2.0 -1.0 -3.0 0.0 0.0 -3.0 -2.0 0.0 -1.0 -3.0 -2.0 -1.0 -1.0 -1.0 -2.0 0.0 -1.0 -2.0 -2.0 -4.0 -3.0 -4.0 -2.0 -3.0 -2.0 -4.0 0.0 -3.0 0.0 -4.0 -4.0 -1.0 -4.0 -4.0 -3.0 -2.0 -2.0 -4.0 -2.0 -4.0 -2.0 -2.0 -1.0 -2.0 -4.0 -3.0 0.0 -3.0 -1.0 0.0 -3.0 -4.0 0.0 0.0 -1.0 -3.0 -1.0 -4.0 -3.0 -2.0 -4.0 -1.0 -1.0 0.0 -1.0 -2.0 0.0 -1.0 -2.0 -1.0 -1.0 -4.0 -3.0 -1.0 -4.0 -4.0 0.0 -3.0 -1.0 -3.0 
-2.0 -2.0 -1.0 -1.0 -3.0 -1.0 -3.0 0.0 0.0 0.0 -1.0 0.0 -4.0 -4.0 -2.0 0.0 -1.0 -1.0 0.0 -2.0 -3.0 0.0 0.0 -4.0 -4.0 -4.0 0.0 -2.0 0.0 -2.0 220.0 -2.0 -3.0 0.0 -1.0 -1.0 -1.0 -4.0 -3.0 -3.0 -3.0 -2.0 -2.0 0.0 -4.0 -2.0 -1.0 -2.0 -1.0 -2.0 -3.0 -3.0 -1.0 -1.0 -1.0 -4.0 -4.0 -1.0 -4.0 -4.0 -4.0 -2.0 -1.0 -3.0 -4.0 -2.0 -3.0 -2.0 -4.0 -1.0 -1.0 -4.0 -1.0 -3.0 0.0 -3.0 -4.0 -1.0 -3.0 0.0 -3.0 -2.0 -3.0 -4.0 -2.0 -1.0 -3.0 0.0 -3.0 0.0 0.0 -1.0 -2.0 -2.0 -1.0 0.0 -4.0 -1.0 -2.0 -4.0 -1.0 -4.0 -1.0 -1.0 0.0 -4.0 0.0 -4.0 0.0 -4.0 -1.0 -1.0 0.0 -3.0 -2.0 
-3.0 -2.0 -4.0 -4.0 0.0 -4.0 -1.0 -4.0 -1.0 -4.0 0.0 -4.0 -4.0 -3.0 -4.0 -3.0 -2.0 -4.0 -2.0 0.0 -1.0 -3.0 -1.0 -3.0 -2.0 -1.0 -4.0 0.0 -1.0 -3.0 -3.0 233.0 -1.0 -4.0 -2.0 0.0 -1.0 -1.0 -1.0 -2.0 -3.0 -2.0 -2.0 0.0 0.0 -2.0 -3.0 -3.0 -3.0 0.0 -3.0 0.0 0.0 -2.0 -4.0 -2.0 0.0 -4.0 -1.0 -1.0 -3.0 0.0 -4.0 -1.0 -1.0 -3.0 -4.0 0.0 0.0 -2.0 -2.0 -4.0 -2.0 -3.0 0.0 -2.0 -3.0 -4.0 -2.0 -2.0 -1.0 -4.0 -2.0 -1.0 -4.0 -4.0 -1.0 -2.0 -1.0 -4.0 0.0 -2.0 0.0 -3.0 0.0 0.0 -4.0 -3.0 -3.0 -2.0 -3.0 -3.0 -1.0 0.0 -3.0 -1.0 0.0 -2.0 -2.0 -3.0 -4.0 -2.0 0.0 -1.0 -3.0 
-1.0 -4.0 0.0 -4.0 -2.0 -1.0 -3.0 0.0 -3.0 0.0 -2.0 -4.0 -2.0 -2.0 -1.0 -2.0 0.0 -3.0 -3.0 -4.0 0.0 0.0 -2.0 -1.0 -3.0 -4.0 0.0 -3.0 -2.0 -3.0 -1.0 -2.0 244.0 -2.0 -3.0 -1.0 -4.0 -4.0 -3.0 -2.0 -1.0 -3.0 -1.0 -1.0 0.0 -4.0 -3.0 -4.0 -3.0 -4.0 -3.0 -2.0 -3.0 -2.0 -3.0 -2.0 -2.0 -1.0 -1.0 -2.0 0.0 -1.0 -1.0 -3.0 -2.0 -4.0 -1.0 -2.0 -1.0 -2.0 -1.0 -3.0 -1.0 -1.0 -3.0 -2.0 -4.0 -1.0 -2.0 -3.0 -1.0 -2.0 0.0 -1.0 -1.0 -1.0 -3.0 -3.0 -2.0 -2.0 -4.0 -3.0 -4.0 -1.0 -1.0 -2.0 -4.0 -4.0 -4.0 -3.0 -4.0 0.0 -3.0 -4.0 0.0 -3.0 -2.0 -4.0 -1.0 -4.0 -1.0 -4.0 -4.0 0.0 0.0 
-1.0 -2.0 0.0 -1.0 -3.0 -2.0 -1.0 -3.0 0.0 -2.0 -3.0 0.0 -1.0 -4.0 -1.0 0.0 -2.0 0.0 -4.0 0.0 -3.0 -1.0 -1.0 -4.0 -1.0 -4.0 -4.0 0.0 -1.0 -3.0 -1.0 -3.0 0.0 200.0 -1.0 -1.0 -3.0 -4.0 0.0 -2.0 -3.0 0.0 -4.0 -4.0 -1.0 -4.0 -4.0 -2.0 0.0 0.0 0.0 -4.0 -1.0 -2.0 0.0 0.0 -3.0 -3.0 -1.0 -2.0 0.0 -3.0 0.0 -2.0 -3.0 -1.0 -2.0 -1.0 0.0 -4.0 0.0 0.0 -2.0 -4.0 0.0 -4.0 0.0 -2.0 -2.0 -1.0 -1.0 -2.0 -4.0 -2.0 -4.0 -3.0 -4.0 -2.0 -2.0 -1.0 -4.0 -1.0 -2.0 -1.0 0.0 -1.0 0.0 -3.0 0.0 -3.0 -3.0 -3.0 -1.0 0.0 -1.0 -2.0 -1.0 -2.0 -2.0 -1.0 0.0 0.0 -4.0 0.0 -4.0 
-1.0 0.0 -2.0 -2.0 -3.0 -3.0 -1.0 -1.0 0.0 0.0 -1.0 -2.0 -2.0 -2.0 -2.0 0.0 0.0 -2.0 -2.0 -3.0 -3.0 -1.0 -3.0 -2.0 0.0 0.0 -3.0 -1.0 -1.0 -2.0 -1.0 0.0 -3.0 -1.0 202.0 -2.0 -2.0 -3.0 0.0 -4.0 -1.0 -4.0 -4.0 -4.0 0.0 -1.0 -3.0 -1.0 0.0 -1.0 -1.0 -4.0 -1.0 -3.0 -1.0 -1.0 0.0 -2.0 -3.0 -2.0 -2.0 -2.0 -1.0 -3.0 -3.0 0.0 -3.0 -1.0 -3.0 -4.0 0.0 0.0 -4.0 -4.0 -1.0 -4.0 -2.0 -2.0 0.0 -1.0 -3.0 -4.0 0.0 -3.0 -3.0 0.0 0.0 -4.0 -1.0 -2.0 -4.0 -2.0 -1.0 -1.0 -1.0 0.0 -4.0 0.0 0.0 0.0 -1.0 -1.0 -4.0 -3.0 -1.0 -2.0 -3.0 -4.0 -3.0 -2.0 0.0 -4.0 -2.0 -1.0 0.0 
-1.0 -3.0 0.0 -2.0 -4.0 -4.0 -2.0 -4.0 -3.0 -2.0 -2.0 0.0 0.0 -3.0 -2.0 -2.0 0.0 -1.0 -2.0 -2.0 0.0 0.0 -4.0 -4.0 -4.0 0.0 0.0 0.0 -4.0 -2.0 0.0 -3.0 -2.0 -2.0 -4.0 233.0 -3.0 -4.0 -3.0 0.0 -3.0 -2.0 -3.0 -4.0 -2.0 -3.0 -3.0 -1.0 -2.0 -2.0 -4.0 -3.0 -2.0 -3.0 -4.0 -2.0 -4.0 -3.0 -2.0 0.0 -2.0 -3.0 -2.0 -1.0 -2.0 0.0 -2.0 -1.0 -2.0 -1.0 -1.0 0.0 -4.0 0.0 0.0 -3.0 -3.0 -1.0 -1.0 -2.0 0.0 -3.0 -4.0 -4.0 -3.0 -4.0 0.0 -3.0 0.0 -2.0 -4.0 -3.0 -2.0 -1.0 -3.0 -3.0 -1.0 -2.0 0.0 -2.0 -4.0 0.0 -3.0 -2.0 -2.0 -4.0 0.0 0.0 -1.0 0.0 -1.0 -4.0 -3.0 0.0 -4.0 
-3.0 -2.0 -3.0 -2.0 -1.0 -1.0 -3.0 -1.0 -4.0 -1.0 -4.0 0.0 -3.0 0.0 -2.0 0.0 0.0 -4.0 -1.0 -1.0 -1.0 -4.0 -4.0 0.0 -3.0 -4.0 -3.0 -4.0 -1.0 -4.0 -1.0 -1.0 -1.0 -3.0 -3.0 -4.0 254.0 -4.0 -3.0 -2.0 -4.0 -1.0 0.0 -3.0 -1.0 -2.0 -4.0 -3.0 0.0 -4.0 -1.0 0.0 -1.0 0.0 -4.0 -2.0 -3.0 0.0 -3.0 0.0 0.0 0.0 -3.0 -2.0 -4.0 0.0 -2.0 -4.0 -1.0 -4.0 -4.0 -4.0 -4.0 -3.0 -3.0 -2.0 0.0 -4.0 0.0 -4.0 -2.0 -2.0 0.0 -3.0 -1.0 -4.0 -4.0 -3.0 -3.0 -1.0 -4.0 -2.0 -2.0 -4.0 0.0 -3.0 -3.0 -1.0 -1.0 -2.0 0.0 0.0 -4.0 -4.0 -4.0 -3.0 -2.0 -4.0 -2.0 -3.0 0.0 -4.0 -4.0 -3.0 -2.0 
0.0 -4.0 0.0 -1.0 -1.0 0.0 -1.0 -1.0 -1.0 -3.0 -4.0 0.0 -3.0 0.0 -2.0 -3.0 -1.0 -4.0 -4.0 -4.0 -3.0 0.0 0.0 0.0 0.0 -1.0 0.0 -1.0 -2.0 -1.0 -4.0 -2.0 -3.0 -4.0 -3.0 -3.0 -4.0 223.0 0.0 -2.0 0.0 -1.0 -2.0 0.0 -1.0 0.0 -4.0 -2.0 -4.0 -4.0 -2.0 -3.0 0.0 -1.0 -3.0 0.0 0.0 -3.0 -2.0 -1.0 0.0 -2.0 -4.0 -3.0 -1.0 -3.0 -4.0 -3.0 0.0 -4.0 -1.0 -1.0 -1.0 -2.0 -2.0 -4.0 0.0 0.0 -4.0 -3.0 -2.0 -1.0 -1.0 -2.0 -2.0 -3.0 0.0 -3.0 0.0 -4.0 -1.0 -2.0 -4.0 -1.0 -3.0 -1.0 -4.0 -4.0 -2.0 -4.0 -3.0 -1.0 -2.0 -4.0 -2.0 -2.0 -2.0 -2.0 0.0 -3.0 -4.0 -3.0 -1.0 -4.0 -1.0 
0.0 -1.0 -4.0 -1.0 -1.0 -4.0 -4.0 -1.0 0.0 0.0 -1.0 -1.0 -2.0 0.0 0.0 -3.0 -2.0 0.0 -2.0 0.0 -1.0 -3.0 -1.0 -2.0 -1.0 -1.0 -1.0 0.0 -4.0 0.0 -3.0 -3.0 -4.0 -4.0 -3.0 0.0 -4.0 -3.0 213.0 0.0 -3.0 0.0 -4.0 -1.0 0.0 -1.0 -4.0 0.0 -1.0 -4.0 -4.0 -3.0 -3.0 -4.0 -1.0 -3.0 0.0 -3.0 0.0 -1.0 0.0 -3.0 -3.0 0.0 -1.0 -2.0 -4.0 -4.0 -1.0 0.0 -2.0 -1.0 -2.0 -1.0 -2.0 -1.0 -1.0 0.0 -1.0 -1.0 0.0 -4.0 -2.0 -1.0 0.0 -3.0 -4.0 -4.0 -3.0 -3.0 0.0 -1.0 -4.0 -2.0 -4.0 -2.0 -3.0 0.0 -2.0 -2.0 0.0 -3.0 -2.0 -4.0 -2.0 -3.0 0.0 -4.0 -4.0 0.0 -2.0 -4.0 0.0 -4.0 -2.0 
-3.0 -2.0 -2.0 -3.0 -3.0 -3.0 0.0 -3.0 0.0 0.0 0.0 -2.0 0.0 -3.0 -3.0 -1.0 -4.0 -4.0 -4.0 -2.0 0.0 -2.0 -4.0 0.0 0.0 -3.0 -4.0 0.0 -3.0 0.0 -4.0 -2.0 0.0 -1.0 0.0 -1.0 -3.0 -1.0 -3.0 216.0 -2.0 -3.0 -2.0 -3.0 0.0 -2.0 -2.0 -3.0 -4.0 -2.0 0.0 -3.0 -1.0 -1.0 -1.0 -1.0 -2.0 -2.0 -1.0 0.0 -4.0 0.0 -4.0 -3.0 -1.0 -1.0 -4.0 0.0 0.0 -4.0 -2.0 -2.0 -3.0 -1.0 -2.0 -4.0 0.0 -3.0 -3.0 -3.0 -1.0 -4.0 -1.0 0.0 -2.0 -4.0 0.0 -1.0 0.0 -3.0 -2.0 -3.0 -3.0 -1.0 -1.0 0.0 -4.0 0.0 0.0 -1.0 -4.0 0.0 -4.0 -4.0 -1.0 -4.0 -4.0 -2.0 -1.0 -3.0 0.0 0.0 0.0 -2.0 -4.0 
-4.0 0.0 -3.0 -2.0 -2.0 -1.0 -4.0 -4.0 -4.0 0.0 -3.0 -1.0 -1.0 0.0 -2.0 -1.0 -2.0 -4.0 0.0 -1.0 -3.0 -1.0 -3.0 0.0 -1.0 -1.0 -1.0 0.0 -2.0 0.0 0.0 -4.0 -2.0 -3.0 -1.0 -1.0 -3.0 -4.0 -1.0 -2.0 244.0 0.0 -1.0 -3.0 -4.0 -3.0 -1.0 -1.0 -2.0 -3.0 -4.0 -3.0 -4.0 -3.0 -4.0 0.0 -3.0 -1.0 -3.0 -1.0 -1.0 -3.0 -1.0 -4.0 -3.0 -3.0 0.0 -1.0 -3.0 -2.0 -2.0 0.0 -1.0 -1.0 -3.0 -3.0 -3.0 -2.0 -3.0 -1.0 -4.0 -4.0 -1.0 -4.0 -4.0 -3.0 -3.0 -1.0 -2.0 -4.0 -4.0 -4.0 -1.0 0.0 -4.0 -3.0 -3.0 -4.0 -3.0 -2.0 0.0 -4.0 -2.0 -3.0 -1.0 -2.0 -3.0 0.0 -4.0 -3.0 -2.0 0.0 -2.0 -2.0 -2.0 
-2.0 -1.0 -3.0 -3.0 -2.0 -4.0 -3.0 -2.0 -2.0 -4.0 0.0 -4.0 -2.0 -2.0 0.0 -2.0 -1.0 -2.0 0.0 -2.0 0.0 -1.0 -1.0 -4.0 -4.0 -2.0 0.0 -2.0 -2.0 -1.0 -3.0 0.0 0.0 -1.0 -1.0 -3.0 -1.0 -4.0 -2.0 -4.0 0.0 232.0 -2.0 -1.0 -4.0 -1.0 0.0 -2.0 -4.0 0.0 -4.0 -4.0 -1.0 -4.0 -3.0 -3.0 -2.0 0.0 -2.0 -2.0 -2.0 -1.0 0.0 -3.0 -4.0 -2.0 -2.0 -3.0 -1.0 -3.0 -1.0 -1.0 -4.0 -4.0 -2.0 0.0 -3.0 -3.0 -3.0 -3.0 -1.0 -1.0 -1.0 0.0 0.0 -3.0 -1.0 -4.0 -3.0 -3.0 -1.0 -1.0 -1.0 -3.0 -3.0 -1.0 -2.0 -1.0 0.0 -1.0 -4.0 -2.0 -4.0 -4.0 -3.0 -4.0 -3.0 0.0 -1.0 -2.0 -3.0 -2.0 -4.0 -3.0 -1.0 
-4.0 0.0 -1.0 0.0 0.0 -3.0 0.0 -3.0 -3.0 0.0 -1.0 0.0 0.0 -1.0 -3.0 -1.0 -1.0 -4.0 -1.0 -2.0 -1.0 -1.0 -1.0 -4.0 -1.0 0.0 0.0 -4.0 0.0 -2.0 -4.0 -4.0 -2.0 -3.0 -4.0 -4.0 -2.0 -3.0 -4.0 -1.0 -2.0 -4.0 241.0 -1.0 -1.0 0.0 -2.0 0.0 -4.0 -1.0 -3.0 -2.0 -4.0 -1.0 -3.0 0.0 -2.0 -1.0 -2.0 -2.0 -1.0 -2.0 -4.0 -4.0 -3.0 -1.0 -1.0 -4.0 -3.0 -4.0 -3.0 -3.0 -2.0 -4.0 -3.0 0.0 -2.0 -3.0 0.0 -4.0 -3.0 0.0 0.0 -2.0 -3.0 -2.0 -3.0 -3.0 -4.0 -1.0 -3.0 -2.0 -2.0 -3.0 -3.0 -3.0 -4.0 -1.0 -2.0 -4.0 -4.0 -3.0 0.0 -2.0 -2.0 0.0 0.0 -4.0 -2.0 -3.0 -4.0 -1.0 -4.0 -1.0 -4.0 
-2.0 -1.0 -1.0 -4.0 -3.0 -1.0 -3.0 -2.0 -1.0 -2.0 -1.0 -1.0 -4.0 -3.0 -4.0 0.0 -3.0 -2.0 -1.0 -2.0 0.0 0.0 -2.0 -2.0 -1.0 -1.0 -1.0 -2.0 -4.0 -2.0 -3.0 -4.0 -3.0 -2.0 0.0 0.0 0.0 -1.0 0.0 -2.0 0.0 -1.0 -1.0 203.0 0.0 0.0 -4.0 -4.0 -4.0 -2.0 -2.0 0.0 0.0 -4.0 -4.0 -3.0 0.0 -2.0 -1.0 -1.0 -4.0 -2.0 -2.0 -2.0 0.0 -2.0 -4.0 0.0 -2.0 -2.0 -1.0 0.0 -1.0 -3.0 -1.0 -2.0 -2.0 0.0 0.0 -2.0 -1.0 -4.0 -1.0 -2.0 -1.0 -1.0 -4.0 -1.0 -1.0 -3.0 -3.0 0.0 -1.0 -3.0 -1.0 0.0 0.0 -1.0 -4.0 -3.0 -1.0 -1.0 -4.0 -2.0 -4.0 -1.0 0.0 -3.0 -2.0 -3.0 -2.0 -2.0 -2.0 -2.0 -3.0 
-1.0 -4.0 -4.0 -3.0 -1.0 -3.0 -4.0 -1.0 0.0 -1.0 0.0 -3.0 -2.0 -4.0 -2.0 0.0 -2.0 -1.0 -1.0 -1.0 -1.0 -3.0 -2.0 -1.0 -1.0 -1.0 0.0 -2.0 -4.0 -2.0 -1.0 -4.0 -3.0 0.0 -1.0 -2.0 0.0 0.0 -4.0 -1.0 -4.0 -2.0 0.0 -1.0 218.0 -2.0 -3.0 -1.0 -2.0 -1.0 -2.0 -4.0 0.0 -3.0 -1.0 -1.0 -3.0 -3.0 -3.0 -4.0 -4.0 -4.0 -3.0 -1.0 -2.0 -3.0 0.0 -3.0 -2.0 -2.0 0.0 -1.0 -1.0 -1.0 -2.0 -4.0 -1.0 0.0 0.0 -4.0 -3.0 -3.0 -2.0 0.0 -3.0 -2.0 0.0 -1.0 -4.0 -3.0 -1.0 -4.0 -1.0 -4.0 0.0 -1.0 -3.0 -2.0 -3.0 0.0 -4.0 -2.0 -1.0 -2.0 0.0 -4.0 0.0 -3.0 -2.0 0.0 -3.0 -2.0 -2.0 -4.0 0.0 
-1.0 -2.0 -1.0 -4.0 -2.0 -4.0 -1.0 -2.0 -4.0 -3.0 0.0 -3.0 0.0 -3.0 -2.0 0.0 -1.0 -2.0 -1.0 -1.0 -3.0 0.0 -2.0 -3.0 0.0 -3.0 -4.0 0.0 0.0 -3.0 -2.0 -2.0 -2.0 0.0 -2.0 -3.0 -2.0 -2.0 0.0 0.0 -4.0 -2.0 -2.0 -4.0 -4.0 219.0 -3.0 0.0 0.0 -3.0 -3.0 -3.0 -4.0 -4.0 -1.0 0.0 -2.0 0.0 -4.0 0.0 -1.0 -1.0 -3.0 0.0 0.0 -3.0 0.0 -3.0 -2.0 -1.0 -2.0 -2.0 -2.0 0.0 -3.0 -1.0 -3.0 -2.0 0.0 -2.0 -1.0 -4.0 -1.0 -1.0 -1.0 0.0 0.0 0.0 -3.0 -4.0 -2.0 -1.0 -1.0 -4.0 -3.0 -4.0 -1.0 -3.0 -4.0 -2.0 -4.0 -3.0 -3.0 0.0 -3.0 -1.0 -3.0 0.0 -1.0 -3.0 -3.0 -3.0 -4.0 -2.0 -2.0 
-4.0 -2.0 -1.0 -3.0 -3.0 -2.0 0.0 -3.0 0.0 -4.0 -4.0 0.0 -1.0 -2.0 -1.0 -4.0 -1.0 -3.0 -2.0 0.0 0.0 -4.0 -4.0 0.0 -4.0 -4.0 -4.0 -3.0 -3.0 -1.0 -4.0 -1.0 0.0 -4.0 -1.0 0.0 -2.0 -1.0 0.0 -4.0 -3.0 -2.0 -4.0 -4.0 -3.0 -1.0 214.0 -4.0 -1.0 0.0 -1.0 0.0 -3.0 -4.0 -2.0 -4.0 -3.0 0.0 -3.0 -4.0 -3.0 -4.0 -4.0 0.0 -4.0 -1.0 0.0 -2.0 -3.0 -1.0 0.0 -4.0 0.0 -3.0 -2.0 0.0 -3.0 -2.0 0.0 -3.0 -1.0 0.0 0.0 -3.0 -2.0 -1.0 0.0 -3.0 -3.0 -3.0 0.0 0.0 -3.0 -2.0 0.0 0.0 -1.0 -1.0 -4.0 -1.0 -3.0 -2.0 -1.0 -1.0 0.0 -1.0 -2.0 -1.0 0.0 0.0 0.0 -1.0 -3.0 0.0 -2.0 
-2.0 -2.0 0.0 0.0 -4.0 -3.0 -4.0 0.0 -1.0 0.0 0.0 -1.0 -4.0 0.0 -4.0 -4.0 -1.0 0.0 -2.0 0.0 0.0 -2.0 -2.0 -1.0 -2.0 -3.0 -3.0 0.0 -1.0 -3.0 0.0 -3.0 -1.0 -1.0 0.0 -4.0 -1.0 -3.0 -4.0 -3.0 -3.0 -1.0 0.0 -3.0 -3.0 0.0 -2.0 210.0 -1.0 -2.0 0.0 -4.0 0.0 -3.0 -4.0 -2.0 -3.0 -2.0 -3.0 -3.0 0.0 -1.0 0.0 -3.0 -3.0 -1.0 -3.0 -4.0 -2.0 -1.0 0.0 -3.0 -2.0 -3.0 -3.0 -1.0 0.0 -3.0 -3.0 0.0 -2.0 -4.0 -4.0 -4.0 -1.0 -3.0 0.0 -2.0 -3.0 0.0 -3.0 -1.0 -1.0 0.0 -2.0 0.0 -1.0 -1.0 -4.0 -2.0 -1.0 0.0 -3.0 0.0 -2.0 -2.0 -1.0 -1.0 -1.0 -3.0 -1.0 -3.0 -2.0 -4.0 -4.0 
-1.0 -4.0 -3.0 -1.0 -2.0 -1.0 -4.0 -1.0 -1.0 -4.0 -1.0 -4.0 -3.0 -4.0 0.0 -3.0 -2.0 -2.0 -1.0 -3.0 -2.0 0.0 -2.0 -3.0 -1.0 -2.0 -4.0 -2.0 -3.0 -1.0 -3.0 -3.0 -3.0 -2.0 -4.0 -4.0 -1.0 -4.0 0.0 -4.0 -2.0 -3.0 -1.0 -1.0 -1.0 0.0 0.0 -2.0 241.0 -1.0 -4.0 -4.0 -1.0 0.0 0.0 -3.0 -3.0 0.0 -2.0 -2.0 -1.0 -2.0 -1.0 -4.0 -2.0 -2.0 -2.0 -2.0 -3.0 -1.0 -2.0 -2.0 -4.0 -2.0 -2.0 -4.0 -1.0 -4.0 -1.0 0.0 -4.0 -1.0 0.0 -4.0 -3.0 -4.0 -4.0 -2.0 -1.0 -1.0 -3.0 -3.0 -4.0 -4.0 0.0 -2.0 -2.0 -2.0 -1.0 -4.0 0.0 -4.0 -4.0 -2.0 -2.0 -4.0 0.0 -2.0 -1.0 -4.0 -1.0 -1.0 -1.0 0.0 -1.0 
-1.0 -3.0 -2.0 -4.0 -4.0 -2.0 -2.0 0.0 -1.0 -2.0 -4.0 -4.0 0.0 -3.0 -1.0 -4.0 -4.0 -2.0 -3.0 -4.0 -3.0 0.0 0.0 -2.0 -2.0 -3.0 -4.0 -4.0 0.0 -3.0 -4.0 -1.0 -2.0 0.0 -3.0 -4.0 -4.0 -1.0 0.0 -1.0 -3.0 0.0 -4.0 0.0 -3.0 -4.0 -1.0 -4.0 -1.0 245.0 -4.0 -1.0 -2.0 -4.0 -3.0 -2.0 0.0 -3.0 -1.0 0.0 0.0 -2.0 0.0 -1.0 0.0 -4.0 -4.0 -2.0 -1.0 0.0 -1.0 -4.0 -2.0 -3.0 -1.0 -4.0 -1.0 -3.0 0.0 -1.0 -3.0 -3.0 -3.0 -4.0 0.0 -4.0 -3.0 -2.0 -3.0 0.0 -1.0 -4.0 -3.0 -1.0 -2.0 -2.0 -1.0 -1.0 -4.0 -4.0 -4.0 0.0 0.0 -2.0 -2.0 -3.0 -2.0 -4.0 0.0 -3.0 0.0 -2.0 -4.0 -3.0 -3.0 
-3.0 -1.0 -4.0 -1.0 -4.0 -3.0 -2.0 0.0 -2.0 -1.0 -1.0 -3.0 0.0 -1.0 -3.0 -3.0 -1.0 -1.0 -2.0 -2.0 0.0 -3.0 -3.0 -2.0 -1.0 -3.0 -4.0 0.0 -2.0 -3.0 0.0 -4.0 -3.0 -3.0 0.0 -1.0 -1.0 0.0 0.0 0.0 0.0 -4.0 0.0 -1.0 -4.0 -4.0 -1.0 -1.0 -4.0 -1.0 200.0 -1.0 -1.0 -2.0 -2.0 0.0 0.0 -4.0 0.0 -4.0 -2.0 -2.0 -2.0 0.0 -2.0 -4.0 0.0 -3.0 -1.0 -1.0 0.0 -2.0 -4.0 0.0 0.0 -4.0 -3.0 -3.0 -1.0 -1.0 -4.0 -1.0 -3.0 0.0 0.0 -1.0 -1.0 -2.0 -3.0 0.0 -2.0 -3.0 -4.0 -3.0 0.0 0.0 -3.0 -1.0 -2.0 -2.0 -1.0 -3.0 -4.0 -2.0 -2.0 -4.0 0.0 -4.0 0.0 -2.0 0.0 -3.0 0.0 0.0 0.0 
-3.0 -1.0 -4.0 -4.0 -2.0 -2.0 -4.0 -4.0 -2.0 -2.0 0.0 -3.0 -1.0 0.0 -1.0 0.0 -1.0 0.0 -4.0 -1.0 -3.0 -3.0 -3.0 -2.0 0.0 -2.0 -2.0 -4.0 0.0 -2.0 0.0 0.0 0.0 -2.0 -3.0 0.0 -3.0 0.0 -1.0 -2.0 -1.0 -3.0 -3.0 -4.0 -4.0 -3.0 -1.0 -3.0 -4.0 -2.0 -2.0 219.0 0.0 -3.0 -4.0 -1.0 0.0 -4.0 -4.0 0.0 -1.0 -4.0 -4.0 -1.0 -4.0 -4.0 -2.0 0.0 0.0 -4.0 -1.0 -4.0 -3.0 -4.0 0.0 -1.0 0.0 -3.0 0.0 -3.0 -2.0 -2.0 -2.0 0.0 0.0 -1.0 -1.0 -3.0 -3.0 -4.0 -3.0 -1.0 -1.0 -4.0 -1.0 -2.0 -2.0 -2.0 0.0 -2.0 -1.0 -3.0 -3.0 -4.0 -2.0 -1.0 -4.0 0.0 0.0 -1.0 0.0 -1.0 0.0 -3.0 0.0 
-2.0 0.0 -3.0 -4.0 -2.0 -2.0 0.0 -1.0 -4.0 -2.0 -4.0 -1.0 -2.0 -3.0 -3.0 -2.0 -3.0 -1.0 -3.0 -1.0 -3.0 -2.0 -3.0 0.0 0.0 0.0 -1.0 -1.0 -2.0 0.0 0.0 -1.0 0.0 -3.0 -1.0 -3.0 -2.0 -1.0 -3.0 0.0 0.0 -2.0 -3.0 -2.0 -4.0 -2.0 -1.0 -3.0 -3.0 -2.0 -1.0 -3.0 218.0 -1.0 -4.0 -4.0 -3.0 -3.0 -4.0 -3.0 -4.0 -1.0 0.0 -2.0 -3.0 0.0 -2.0 -1.0 -2.0 -3.0 -3.0 0.0 -1.0 0.0 -1.0 -4.0 -1.0 -4.0 -3.0 -3.0 0.0 -2.0 -3.0 -2.0 -4.0 -1.0 -1.0 -4.0 0.0 -4.0 -4.0 -3.0 -4.0 -3.0 -1.0 -4.0 -1.0 -2.0 0.0 -2.0 0.0 -3.0 0.0 -1.0 0.0 -1.0 -1.0 -2.0 -2.0 -2.0 0.0 -2.0 0.0 -2.0 -2.0 
-2.0 -1.0 -1.0 -4.0 0.0 -1.0 -1.0 -1.0 -3.0 -1.0 0.0 -2.0 0.0 -3.0 0.0 -1.0 -1.0 0.0 -4.0 0.0 -4.0 -4.0 -3.0 -4.0 -4.0 -3.0 -4.0 -2.0 -1.0 -4.0 -2.0 0.0 -2.0 0.0 -3.0 -3.0 0.0 -4.0 -1.0 -3.0 -2.0 0.0 -2.0 0.0 -2.0 -3.0 -4.0 -2.0 -1.0 -4.0 -4.0 -4.0 -2.0 240.0 -3.0 -2.0 -2.0 -2.0 0.0 -2.0 -4.0 -2.0 -4.0 -3.0 -3.0 -2.0 -1.0 0.0 -4.0 -4.0 -3.0 -1.0 -2.0 -2.0 -1.0 -3.0 -4.0 -1.0 -1.0 -4.0 -2.0 -4.0 -1.0 -4.0 -2.0 -1.0 -2.0 -3.0 0.0 -4.0 0.0 -4.0 -3.0 -2.0 -3.0 -4.0 -2.0 -3.0 -2.0 0.0 -1.0 -2.0 -3.0 0.0 -4.0 0.0 -3.0 -4.0 0.0 -1.0 -4.0 0.0 -3.0 -1.0 -1.0 
-1.0 -4.0 -1.0 -1.0 -1.0 0.0 -2.0 0.0 -3.0 -2.0 -4.0 -4.0 -2.0 -4.0 0.0 0.0 -3.0 -2.0 0.0 -4.0 -1.0 0.0 -4.0 -1.0 -2.0 -4.0 -2.0 -4.0 -2.0 -1.0 -3.0 -2.0 -2.0 0.0 -2.0 -2.0 -1.0 0.0 -3.0 0.0 -4.0 0.0 -1.0 -4.0 -4.0 -4.0 0.0 -3.0 0.0 -3.0 -2.0 -4.0 0.0 -1.0 241.0 -2.0 -2.0 -4.0 -4.0 -3.0 -4.0 -3.0 -2.0 -2.0 -3.0 -4.0 -4.0 0.0 -2.0 -2.0 0.0 -1.0 -1.0 -2.0 -1.0 -4.0 -4.0 -4.0 -2.0 0.0 -4.0 -4.0 -1.0 -3.0 -3.0 -3.0 -2.0 -2.0 -4.0 0.0 -2.0 0.0 -1.0 -3.0 -3.0 -3.0 -3.0 -4.0 -1.0 -2.0 -3.0 -1.0 0.0 -2.0 -3.0 -3.0 0.0 -1.0 -2.0 -1.0 -3.0 -1.0 -4.0 -2.0 -3.0 
-1.0 -3.0 -3.0 -4.0 0.0 -4.0 -2.0 -1.0 0.0 -2.0 -2.0 -1.0 -4.0 0.0 0.0 -1.0 -2.0 0.0 -3.0 -3.0 -4.0 -3.0 -2.0 -1.0 -2.0 -1.0 -3.0 -4.0 -4.0 -3.0 -2.0 -1.0 -1.0 -2.0 -3.0 0.0 -4.0 -2.0 -3.0 -1.0 -3.0 0.0 -2.0 -3.0 -4.0 -1.0 -4.0 -1.0 0.0 -2.0 -3.0 0.0 -3.0 -2.0 0.0 222.0 -1.0 -1.0 -1.0 0.0 -4.0 -2.0 -3.0 0.0 0.0 -4.0 -3.0 -3.0 0.0 0.0 -2.0 -4.0 0.0 0.0 0.0 -2.0 -4.0 -3.0 -4.0 -4.0 -1.0 -3.0 -1.0 -3.0 -4.0 -4.0 -4.0 -1.0 0.0 -1.0 -1.0 -2.0 0.0 -4.0 0.0 -3.0 -1.0 -4.0 -2.0 0.0 -1.0 0.0 -1.0 -4.0 -4.0 0.0 0.0 -4.0 0.0 -3.0 -4.0 -3.0 -1.0 -1.0 -2.0 
-2.0 -2.0 0.0 -4.0 -4.0 -4.0 -2.0 -4.0 -3.0 -3.0 -3.0 0.0 -4.0 -4.0 -1.0 -4.0 -3.0 -4.0 -1.0 -2.0 -3.0 0.0 -1.0 -1.0 -2.0 -2.0 -4.0 -4.0 0.0 -1.0 -1.0 -1.0 -1.0 -4.0 0.0 -3.0 -4.0 -4.0 0.0 -1.0 -1.0 -1.0 -4.0 0.0 -2.0 -2.0 -4.0 -1.0 -2.0 0.0 -1.0 -4.0 -2.0 -3.0 -1.0 -2.0 243.0 -1.0 0.0 -3.0 0.0 -2.0 -2.0 -3.0 -1.0 -2.0 -2.0 -1.0 0.0 -4.0 -3.0 -2.0 -3.0 -2.0 -4.0 0.0 -2.0 -1.0 -3.0 0.0 -3.0 -2.0 -2.0 -4.0 -2.0 0.0 -4.0 -3.0 -3.0 -2.0 -1.0 -4.0 -3.0 -1.0 -3.0 -2.0 -2.0 -2.0 -3.0 -2.0 -3.0 -4.0 -2.0 -3.0 -2.0 -1.0 -3.0 -4.0 -1.0 -4.0 -1.0 0.0 -3.0 -1.0 -1.0 
-2.0 0.0 -1.0 0.0 0.0 -3.0 0.0 -4.0 0.0 -2.0 -1.0 -4.0 -3.0 -3.0 -1.0 -2.0 -2.0 -4.0 -3.0 -1.0 -3.0 -3.0 -4.0 0.0 -2.0 -1.0 -1.0 -3.0 -2.0 -2.0 -1.0 0.0 -3.0 -3.0 -1.0 -4.0 -2.0 -3.0 -1.0 -4.0 0.0 -1.0 0.0 0.0 0.0 -2.0 -3.0 -3.0 0.0 0.0 -1.0 0.0 -3.0 -3.0 -2.0 -3.0 0.0 213.0 -1.0 -1.0 -1.0 0.0 -1.0 0.0 -4.0 -2.0 -1.0 -1.0 -3.0 -1.0 0.0 -4.0 0.0 -2.0 -3.0 0.0 -4.0 -4.0 -2.0 -2.0 0.0 0.0 -3.0 0.0 -3.0 0.0 -3.0 -4.0 0.0 -4.0 -1.0 -3.0 -3.0 -2.0 -4.0 -4.0 -2.0 -3.0 -4.0 0.0 0.0 -4.0 -4.0 -4.0 0.0 -4.0 -4.0 0.0 -2.0 0.0 -1.0 0.0 -4.0 -3.0 -3.0 
-4.0 -1.0 -1.0 -3.0 0.0 0.0 -1.0 -1.0 -1.0 -4.0 -4.0 -2.0 -3.0 -4.0 -1.0 -4.0 0.0 -1.0 0.0 0.0 -3.0 -1.0 0.0 -4.0 -1.0 -4.0 -4.0 0.0 -3.0 -3.0 -3.0 -2.0 -3.0 0.0 0.0 -3.0 -1.0 -4.0 0.0 0.0 -4.0 -1.0 0.0 -3.0 -2.0 -4.0 -1.0 -1.0 -1.0 -4.0 -4.0 -3.0 -1.0 -4.0 -3.0 0.0 -2.0 -2.0 218.0 -4.0 -2.0 -4.0 -1.0 -1.0 -3.0 -2.0 0.0 -1.0 -3.0 0.0 -2.0 -4.0 -1.0 -2.0 0.0 -4.0 0.0 -4.0 -1.0 -1.0 -2.0 -4.0 -4.0 -3.0 0.0 -4.0 -4.0 0.0 0.0 0.0 -1.0 -3.0 -1.0 -1.0 -1.0 -2.0 -1.0 0.0 -4.0 -3.0 -2.0 -2.0 -1.0 -4.0 -1.0 -2.0 -2.0 -2.0 0.0 -4.0 0.0 -1.0 -2.0 0.0 -3.0 
-2.0 -3.0 -2.0 -4.0 -1.0 -3.0 -1.0 -1.0 0.0 -3.0 -1.0 -1.0 0.0 -1.0 0.0 0.0 -2.0 -1.0 -3.0 0.0 0.0 -3.0 -2.0 -4.0 -2.0 -2.0 -4.0 -2.0 0.0 -4.0 -3.0 -1.0 -1.0 -2.0 -2.0 0.0 -4.0 -3.0 -1.0 -1.0 -1.0 -4.0 -4.0 -1.0 -3.0 -1.0 -1.0 -1.0 -1.0 -1.0 -1.0 -3.0 -2.0 -4.0 -2.0 -1.0 -1.0 0.0 -4.0 209.0 -3.0 -4.0 -3.0 -3.0 -3.0 -4.0 0.0 0.0 0.0 -1.0 -3.0 0.0 -4.0 -3.0 -1.0 -3.0 0.0 -3.0 -1.0 -3.0 -2.0 -1.0 0.0 0.0 -4.0 -4.0 -1.0 -4.0 -3.0 0.0 0.0 -4.0 0.0 -2.0 -2.0 -4.0 -1.0 -1.0 -3.0 -3.0 -2.0 -1.0 0.0 -1.0 -1.0 -3.0 0.0 0.0 -1.0 -4.0 -1.0 -1.0 -4.0 0.0 -3.0 
-2.0 -3.0 -3.0 -1.0 0.0 -3.0 -4.0 0.0 -4.0 -2.0 -1.0 -3.0 -1.0 -3.0 0.0 0.0 -2.0 -3.0 0.0 -2.0 0.0 -3.0 -4.0 -3.0 -3.0 -2.0 -2.0 -2.0 -3.0 -3.0 -2.0 0.0 -2.0 -3.0 -2.0 -1.0 -4.0 -3.0 0.0 -3.0 0.0 -4.0 0.0 -3.0 -3.0 0.0 -4.0 -4.0 0.0 -4.0 -1.0 -1.0 -4.0 -2.0 -1.0 -4.0 0.0 -1.0 -3.0 -4.0 244.0 -4.0 -4.0 -3.0 -3.0 0.0 -4.0 -3.0 -2.0 -2.0 -3.0 0.0 -2.0 -3.0 -1.0 -1.0 -1.0 -4.0 -2.0 -2.0 -4.0 -4.0 -3.0 -2.0 -2.0 -2.0 -2.0 0.0 -2.0 -4.0 0.0 -1.0 -1.0 -1.0 0.0 -3.0 -1.0 0.0 -2.0 -3.0 -1.0 -2.0 -3.0 -4.0 -3.0 -2.0 -2.0 -2.0 -3.0 -3.0 -3.0 -2.0 -4.0 -2.0 -2.0 
-3.0 -3.0 0.0 -4.0 0.0 -2.0 -4.0 -3.0 0.0 -3.0 -1.0 -3.0 0.0 -2.0 -3.0 -4.0 0.0 -1.0 -2.0 0.0 0.0 0.0 -4.0 -4.0 0.0 -2.0 -1.0 -2.0 -1.0 0.0 -1.0 -2.0 -1.0 -3.0 -1.0 0.0 -4.0 0.0 -4.0 -3.0 -3.0 -3.0 -1.0 -1.0 -4.0 -3.0 -1.0 -3.0 0.0 0.0 -3.0 -2.0 0.0 -2.0 -3.0 -2.0 -2.0 0.0 -2.0 -4.0 -4.0 232.0 0.0 -3.0 -2.0 0.0 -4.0 -4.0 0.0 -3.0 -1.0 0.0 -3.0 -3.0 0.0 -3.0 -1.0 -3.0 -4.0 -2.0 -2.0 -3.0 -2.0 -3.0 -4.0 -3.0 0.0 -3.0 -3.0 -4.0 -3.0 -1.0 0.0 -1.0 -3.0 -4.0 -4.0 -4.0 0.0 -3.0 -1.0 -2.0 0.0 -3.0 -2.0 -4.0 -4.0 -2.0 -1.0 -1.0 0.0 -4.0 -2.0 -2.0 -4.0 
-4.0 -1.0 -4.0 -1.0 -4.0 -1.0 -1.0 -2.0 -2.0 -4.0 -2.0 -2.0 -3.0 -1.0 -2.0 -4.0 -1.0 -3.0 -3.0 0.0 0.0 0.0 -2.0 -1.0 -4.0 -4.0 -4.0 0.0 -3.0 -1.0 -3.0 -2.0 -2.0 -3.0 -1.0 -1.0 0.0 -1.0 0.0 0.0 0.0 -3.0 -3.0 -4.0 -2.0 -4.0 -4.0 -3.0 -3.0 -1.0 -4.0 -3.0 -4.0 -1.0 -4.0 -2.0 -1.0 -2.0 -4.0 0.0 0.0 -1.0 229.0 0.0 -4.0 0.0 -2.0 -2.0 -4.0 -2.0 0.0 -2.0 -2.0 -4.0 -1.0 -3.0 -2.0 -1.0 -2.0 -4.0 -1.0 -3.0 -4.0 0.0 -3.0 -2.0 -4.0 -4.0 -1.0 -1.0 -2.0 -4.0 -2.0 -1.0 -1.0 -3.0 -1.0 0.0 -4.0 -2.0 -1.0 -2.0 0.0 -4.0 -2.0 0.0 0.0 0.0 -1.0 0.0 -2.0 -1.0 -3.0 -2.0 -3.0 
-1.0 0.0 -2.0 0.0 -4.0 -4.0 -2.0 -1.0 0.0 -4.0 0.0 -3.0 0.0 -1.0 0.0 -2.0 -3.0 -2.0 -2.0 -3.0 -3.0 -2.0 -3.0 -2.0 -4.0 -4.0 -1.0 -1.0 -2.0 0.0 0.0 -1.0 -2.0 -1.0 -4.0 0.0 -4.0 -3.0 -4.0 -3.0 -4.0 -3.0 -1.0 -2.0 -2.0 -3.0 -4.0 0.0 -2.0 0.0 -2.0 -4.0 0.0 -1.0 -2.0 -1.0 0.0 -2.0 0.0 -2.0 -1.0 -2.0 0.0 219.0 -3.0 -3.0 -4.0 -2.0 0.0 -4.0 0.0 -3.0 0.0 -3.0 -3.0 -3.0 -4.0 -1.0 -3.0 0.0 0.0 -2.0 -3.0 -3.0 -1.0 -1.0 -3.0 0.0 -2.0 0.0 -2.0 -2.0 -1.0 -2.0 -3.0 -4.0 -1.0 -4.0 0.0 -3.0 -3.0 -2.0 -1.0 -4.0 -1.0 -4.0 -1.0 -1.0 -2.0 -4.0 0.0 -2.0 -4.0 0.0 -1.0 
-3.0 -1.0 -2.0 -3.0 -4.0 -3.0 -2.0 -4.0 -3.0 -3.0 -2.0 0.0 -4.0 -4.0 -2.0 -2.0 -3.0 -4.0 -3.0 -2.0 -1.0 -3.0 0.0 -3.0 -4.0 -3.0 -2.0 0.0 -1.0 -1.0 0.0 0.0 -2.0 -3.0 0.0 0.0 0.0 -4.0 -2.0 -3.0 -3.0 -3.0 -3.0 -3.0 -3.0 -2.0 -2.0 -2.0 -2.0 -2.0 -4.0 -4.0 -2.0 -3.0 -1.0 -2.0 -3.0 -4.0 -3.0 0.0 -4.0 -4.0 0.0 -2.0 242.0 0.0 -2.0 -1.0 -3.0 -1.0 -1.0 -3.0 -2.0 0.0 -2.0 -3.0 -2.0 -2.0 0.0 -4.0 -1.0 -1.0 -4.0 -1.0 -2.0 -3.0 -2.0 -3.0 -2.0 -3.0 0.0 -1.0 0.0 -3.0 -2.0 -4.0 -3.0 0.0 -1.0 -3.0 -4.0 -1.0 -1.0 -3.0 -1.0 -2.0 0.0 0.0 -4.0 -3.0 -2.0 -4.0 -2.0 -2.0 -1.0 
-3.0 0.0 -3.0 -2.0 0.0 0.0 -2.0 -2.0 0.0 0.0 0.0 -1.0 0.0 -4.0 -3.0 -2.0 -2.0 -1.0 -4.0 -1.0 -2.0 -2.0 -3.0 -1.0 0.0 0.0 -1.0 -1.0 -4.0 -3.0 -2.0 -4.0 -1.0 -2.0 0.0 0.0 -4.0 -2.0 -3.0 0.0 0.0 -3.0 -4.0 -2.0 -3.0 -1.0 -1.0 -4.0 -4.0 -1.0 -2.0 0.0 -2.0 -4.0 0.0 -3.0 -4.0 -1.0 -1.0 -3.0 -4.0 0.0 0.0 -4.0 -3.0 210.0 -3.0 -3.0 -2.0 0.0 0.0 -1.0 -1.0 -2.0 -2.0 0.0 -1.0 0.0 -2.0 -3.0 0.0 -1.0 -2.0 -4.0 -3.0 -2.0 -3.0 0.0 0.0 -4.0 -3.0 -4.0 -1.0 -4.0 -4.0 -4.0 0.0 -1.0 -1.0 -2.0 0.0 -1.0 -1.0 -2.0 -3.0 -3.0 -2.0 -4.0 -2.0 -3.0 -2.0 0.0 -2.0 -2.0 -1.0 
-3.0 -2.0 -3.0 -4.0 -3.0 0.0 -1.0 -2.0 0.0 -2.0 -4.0 -1.0 -2.0 -4.0 -3.0 -4.0 -2.0 -2.0 -1.0 0.0 -1.0 -2.0 -4.0 -4.0 -2.0 -3.0 -1.0 -2.0 -1.0 -2.0 -4.0 -2.0 0.0 0.0 -1.0 -2.0 -1.0 -4.0 -3.0 -1.0 -2.0 -1.0 -1.0 -3.0 -4.0 -4.0 -3.0 -3.0 0.0 -3.0 -1.0 -3.0 -3.0 -4.0 -4.0 -3.0 -2.0 -2.0 -3.0 -3.0 -1.0 -1.0 -4.0 0.0 -3.0 -1.0 246.0 -1.0 -2.0 -4.0 0.0 -3.0 -1.0 -3.0 -1.0 -2.0 -4.0 -4.0 -1.0 -4.0 0.0 -4.0 0.0 -2.0 -4.0 -3.0 -3.0 -2.0 -1.0 -1.0 -1.0 -3.0 0.0 -3.0 -1.0 -3.0 -2.0 -2.0 -1.0 -2.0 -4.0 -3.0 -2.0 -1.0 -3.0 -2.0 -4.0 -3.0 -1.0 -1.0 0.0 -1.0 -1.0 -3.0 -4.0 
-4.0 -3.0 0.0 -1.0 -1.0 -4.0 0.0 -4.0 -3.0 -3.0 -2.0 -1.0 0.0 -1.0 -1.0 -4.0 -1.0 0.0 -2.0 -1.0 -1.0 0.0 -1.0 0.0 -1.0 -1.0 0.0 -4.0 -4.0 -4.0 0.0 -1.0 -4.0 -1.0 -3.0 0.0 0.0 -2.0 -2.0 0.0 0.0 0.0 -3.0 -2.0 -1.0 -2.0 0.0 0.0 -4.0 -3.0 0.0 -3.0 0.0 -3.0 0.0 0.0 -3.0 -2.0 0.0 -2.0 -2.0 -4.0 -4.0 0.0 -1.0 -3.0 -1.0 201.0 -1.0 0.0 -3.0 -4.0 0.0 -4.0 0.0 -1.0 -2.0 -3.0 -3.0 -2.0 -4.0 -1.0 -2.0 -2.0 -4.0 -3.0 0.0 -2.0 -1.0 -4.0 -2.0 -1.0 0.0 -3.0 -3.0 -4.0 0.0 -2.0 -2.0 0.0 -1.0 -3.0 -4.0 -2.0 -4.0 0.0 -1.0 -2.0 -2.0 -3.0 -2.0 0.0 -2.0 -3.0 -1.0 
-1.0 -4.0 0.0 0.0 -2.0 -4.0 -2.0 0.0 -1.0 -3.0 -3.0 -3.0 -1.0 -1.0 -4.0 -2.0 0.0 -4.0 -2.0 -1.0 -4.0 -3.0 -1.0 -1.0 -3.0 -1.0 -1.0 -3.0 -4.0 -2.0 -1.0 0.0 0.0 -4.0 0.0 -1.0 -3.0 -3.0 -3.0 -1.0 0.0 0.0 -1.0 -3.0 -4.0 0.0 -3.0 -4.0 -3.0 -3.0 -4.0 -1.0 0.0 -3.0 -2.0 0.0 0.0 0.0 -3.0 -3.0 -2.0 0.0 -2.0 0.0 -4.0 -2.0 -3.0 -3.0 241.0 -1.0 -1.0 -4.0 -4.0 -4.0 -3.0 -1.0 -4.0 -1.0 -4.0 -4.0 -3.0 0.0 -2.0 -4.0 -4.0 -2.0 0.0 0.0 -3.0 0.0 -3.0 0.0 -4.0 -4.0 -4.0 -1.0 -1.0 0.0 -4.0 -1.0 -4.0 -2.0 -3.0 -4.0 -2.0 0.0 0.0 -4.0 -2.0 -4.0 -3.0 -2.0 -3.0 -3.0 -4.0 
-1.0 0.0 -1.0 -1.0 -3.0 -1.0 0.0 -3.0 -3.0 -1.0 -3.0 -3.0 0.0 -1.0 -2.0 -4.0 -4.0 0.0 0.0 -4.0 -4.0 -1.0 -3.0 0.0 -4.0 -2.0 0.0 -3.0 -2.0 -4.0 -1.0 -1.0 -2.0 -2.0 -4.0 -4.0 -3.0 -4.0 0.0 0.0 -2.0 -2.0 -4.0 -4.0 -1.0 -3.0 0.0 -1.0 -4.0 0.0 -1.0 0.0 0.0 -2.0 -4.0 0.0 -3.0 0.0 -2.0 -2.0 0.0 -2.0 -2.0 -3.0 -2.0 -3.0 -4.0 -3.0 0.0 232.0 -2.0 0.0 -4.0 0.0 -3.0 -3.0 -1.0 -1.0 0.0 -3.0 -4.0 -1.0 -1.0 -4.0 -1.0 -2.0 -3.0 -1.0 -4.0 -3.0 -2.0 -3.0 -2.0 -1.0 -4.0 -1.0 -1.0 -3.0 -4.0 0.0 -3.0 0.0 -4.0 -4.0 -2.0 -4.0 -2.0 -3.0 -2.0 -1.0 0.0 -4.0 -2.0 -4.0 -2.0 
0.0 -4.0 -1.0 0.0 -4.0 -2.0 -1.0 -3.0 0.0 -3.0 -2.0 -1.0 0.0 -2.0 -4.0 0.0 -4.0 -2.0 -1.0 -2.0 0.0 -1.0 -3.0 -4.0 -2.0 -3.0 -3.0 -1.0 -1.0 0.0 -4.0 -3.0 -4.0 -4.0 -2.0 -2.0 -2.0 -1.0 -4.0 -3.0 -3.0 -1.0 0.0 -4.0 -3.0 -2.0 -1.0 -2.0 -2.0 -4.0 0.0 -1.0 -3.0 -2.0 -3.0 -3.0 -1.0 -4.0 0.0 -3.0 -3.0 -2.0 -2.0 0.0 -1.0 -4.0 -4.0 -3.0 0.0 0.0 238.0 -1.0 -4.0 -4.0 -3.0 -1.0 0.0 -4.0 -2.0 0.0 -4.0 -3.0 -4.0 0.0 -4.0 -1.0 0.0 -3.0 -2.0 -2.0 -1.0 -2.0 0.0 0.0 -3.0 -1.0 -4.0 0.0 -3.0 -3.0 0.0 -4.0 -4.0 -1.0 -4.0 -3.0 0.0 -3.0 -4.0 -2.0 -4.0 -1.0 -2.0 -2.0 -1.0 
-2.0 -3.0 -4.0 -2.0 0.0 -1.0 0.0 -4.0 -2.0 -2.0 -3.0 -3.0 -4.0 0.0 -1.0 -1.0 -3.0 -1.0 -3.0 -2.0 -1.0 -4.0 0.0 -2.0 -4.0 0.0 -2.0 -2.0 -3.0 -1.0 -4.0 -4.0 -2.0 -3.0 -4.0 -3.0 -3.0 -1.0 0.0 -4.0 -2.0 0.0 -1.0 -1.0 -1.0 0.0 0.0 -2.0 -2.0 -3.0 -1.0 -1.0 0.0 -3.0 -2.0 0.0 -4.0 0.0 -1.0 -2.0 -3.0 -2.0 -3.0 -4.0 -4.0 0.0 -3.0 -4.0 -2.0 -3.0 -4.0 219.0 0.0 -1.0 -2.0 -2.0 0.0 -3.0 -4.0 -4.0 -3.0 -4.0 -2.0 -1.0 -1.0 -1.0 0.0 0.0 -2.0 0.0 0.0 -4.0 -1.0 0.0 0.0 0.0 -1.0 -3.0 0.0 0.0 -3.0 0.0 -2.0 0.0 -1.0 -4.0 -3.0 -3.0 -4.0 -4.0 0.0 -3.0 -4.0 -3.0 0.0 
-3.0 0.0 -4.0 0.0 -2.0 0.0 -1.0 -1.0 -2.0 0.0 -3.0 0.0 -2.0 -4.0 -3.0 -4.0 -4.0 -1.0 -4.0 -3.0 -2.0 0.0 -3.0 0.0 -3.0 -1.0 -1.0 -1.0 -1.0 -1.0 0.0 0.0 -3.0 -2.0 -4.0 -1.0 -2.0 0.0 -4.0 0.0 -3.0 -2.0 -4.0 -3.0 -1.0 -1.0 -2.0 -4.0 0.0 -1.0 0.0 -1.0 -2.0 0.0 -1.0 0.0 -2.0 -1.0 -3.0 -3.0 -2.0 0.0 -1.0 -4.0 -2.0 -4.0 -3.0 0.0 0.0 -1.0 -3.0 0.0 218.0 -3.0 0.0 -4.0 -3.0 -4.0 -4.0 -4.0 -3.0 -4.0 -1.0 -1.0 -3.0 -3.0 -2.0 0.0 -1.0 -4.0 -1.0 -1.0 -3.0 -3.0 -2.0 0.0 -4.0 0.0 0.0 -1.0 -1.0 -4.0 -2.0 0.0 -1.0 -4.0 -3.0 -1.0 -4.0 -4.0 -3.0 -1.0 -4.0 -3.0 0.0 
-2.0 0.0 -4.0 -2.0 -3.0 -4.0 -4.0 -2.0 0.0 -2.0 -2.0 -2.0 0.0 -1.0 -3.0 0.0 -3.0 -1.0 -3.0 -1.0 -4.0 -3.0 -3.0 -2.0 -3.0 -3.0 -3.0 -1.0 -2.0 -2.0 -2.0 -3.0 -4.0 0.0 -1.0 0.0 0.0 0.0 0.0 -4.0 -4.0 -3.0 -1.0 -3.0 -1.0 -4.0 0.0 0.0 -3.0 -4.0 0.0 -4.0 -2.0 -1.0 0.0 -4.0 0.0 -2.0 -3.0 -2.0 0.0 -1.0 -1.0 -4.0 -2.0 -4.0 -3.0 0.0 -1.0 -4.0 0.0 -2.0 -1.0 222.0 -4.0 -3.0 -1.0 -3.0 -3.0 -4.0 0.0 -1.0 -3.0 -3.0 -2.0 0.0 -2.0 -2.0 -3.0 -3.0 -1.0 -4.0 -1.0 -4.0 -1.0 -1.0 -2.0 -2.0 -4.0 -1.0 -1.0 -1.0 0.0 -1.0 -3.0 -3.0 -3.0 0.0 -1.0 -2.0 -3.0 -1.0 0.0 0.0 -2.0 
-1.0 -2.0 -2.0 -2.0 -1.0 -1.0 -1.0 -1.0 -2.0 -2.0 -2.0 -2.0 -3.0 -4.0 -4.0 -1.0 -1.0 -4.0 -3.0 -4.0 -2.0 -3.0 -1.0 -2.0 -1.0 0.0 -1.0 -2.0 -1.0 -1.0 -1.0 -4.0 0.0 -1.0 -3.0 -1.0 -4.0 -4.0 -2.0 -1.0 -2.0 0.0 -4.0 -4.0 -2.0 -1.0 -4.0 0.0 -1.0 -4.0 -4.0 -2.0 -3.0 -2.0 -3.0 -1.0 -3.0 -2.0 -1.0 -4.0 -1.0 -1.0 -2.0 -2.0 -3.0 -2.0 -2.0 -4.0 -3.0 -1.0 -1.0 0.0 0.0 -1.0 231.0 -3.0 -1.0 -4.0 -2.0 -1.0 -4.0 -1.0 -3.0 0.0 -2.0 -1.0 -2.0 -4.0 0.0 -2.0 -1.0 -2.0 -1.0 -3.0 -2.0 -3.0 -4.0 -3.0 -1.0 -3.0 -1.0 -2.0 -1.0 -1.0 -4.0 -2.0 0.0 -2.0 0.0 -1.0 -3.0 -4.0 -3.0 -3.0 -3.0 
-4.0 0.0 -1.0 -1.0 -2.0 -4.0 -2.0 0.0 -1.0 0.0 -4.0 -4.0 -2.0 -2.0 -1.0 -1.0 -2.0 -4.0 0.0 0.0 0.0 -2.0 -4.0 -4.0 0.0 -2.0 0.0 -2.0 -1.0 -2.0 -2.0 -4.0 -2.0 -4.0 -4.0 0.0 -2.0 -2.0 0.0 -3.0 -4.0 -4.0 0.0 -1.0 0.0 -3.0 0.0 -1.0 -3.0 0.0 -4.0 0.0 -1.0 -1.0 0.0 -1.0 -3.0 0.0 0.0 0.0 -2.0 -3.0 -3.0 -3.0 -1.0 -2.0 -4.0 -1.0 -3.0 0.0 -1.0 0.0 0.0 -4.0 -1.0 199.0 0.0 0.0 -2.0 -2.0 -1.0 -4.0 -2.0 -1.0 -1.0 0.0 -1.0 -4.0 -3.0 -3.0 -2.0 0.0 -2.0 -2.0 -1.0 -3.0 -2.0 -3.0 -1.0 -1.0 -4.0 -1.0 -3.0 -4.0 0.0 -4.0 -3.0 -1.0 -4.0 0.0 0.0 -1.0 -1.0 -1.0 -2.0 
0.0 -1.0 -1.0 -3.0 -4.0 -2.0 -4.0 0.0 -3.0 -2.0 -3.0 -2.0 -4.0 -4.0 -4.0 -2.0 -1.0 -1.0 -3.0 0.0 -4.0 -1.0 -1.0 0.0 0.0 -3.0 -3.0 -2.0 -1.0 -4.0 -1.0 0.0 -2.0 -4.0 0.0 -1.0 0.0 -4.0 -4.0 -1.0 -2.0 -3.0 -1.0 -4.0 -2.0 -3.0 -1.0 -3.0 -1.0 -3.0 -2.0 0.0 -4.0 -1.0 -4.0 -1.0 -3.0 -4.0 -1.0 -1.0 -1.0 -1.0 -3.0 -2.0 -2.0 -2.0 -3.0 -1.0 -1.0 -4.0 -3.0 -4.0 -4.0 0.0 -2.0 -1.0 247.0 -2.0 -1.0 -3.0 -2.0 -2.0 -4.0 -1.0 -2.0 -3.0 -4.0 -2.0 -1.0 -1.0 -1.0 -3.0 -1.0 -3.0 -4.0 -4.0 -4.0 0.0 -2.0 -4.0 -2.0 -4.0 -4.0 -4.0 0.0 -3.0 -2.0 -1.0 -2.0 -1.0 -4.0 -4.0 -1.0 -3.0 0.0 
-2.0 -3.0 -2.0 -4.0 -2.0 -3.0 -2.0 -4.0 0.0 -3.0 -1.0 -3.0 -1.0 -3.0 -1.0 -4.0 -3.0 -2.0 0.0 -3.0 -4.0 -3.0 -3.0 -1.0 -4.0 -3.0 -3.0 -4.0 -3.0 -1.0 -4.0 -3.0 -1.0 -4.0 -2.0 -2.0 0.0 -1.0 -4.0 -3.0 -1.0 0.0 -3.0 -1.0 -2.0 -3.0 0.0 -4.0 -2.0 -3.0 0.0 -1.0 0.0 -1.0 -2.0 -1.0 -1.0 -3.0 -1.0 -1.0 -4.0 -3.0 0.0 -2.0 -2.0 -2.0 -2.0 -1.0 -4.0 -2.0 -3.0 -3.0 -1.0 0.0 -4.0 0.0 -1.0 243.0 0.0 -4.0 -1.0 -2.0 -2.0 -3.0 -1.0 -1.0 0.0 0.0 0.0 -4.0 -3.0 -4.0 -4.0 -3.0 -4.0 -4.0 -3.0 0.0 -3.0 -3.0 -4.0 -4.0 0.0 -1.0 -4.0 -2.0 -4.0 -4.0 -1.0 -2.0 -4.0 0.0 -1.0 0.0 0.0 
-2.0 -3.0 -4.0 -4.0 -1.0 -3.0 -2.0 0.0 -4.0 -2.0 -3.0 -1.0 -2.0 -2.0 -1.0 -2.0 -3.0 -2.0 -1.0 -2.0 -2.0 0.0 -4.0 -1.0 -4.0 -3.0 -1.0 -4.0 -2.0 -4.0 0.0 -2.0 0.0 0.0 -2.0 -2.0 -3.0 -4.0 -1.0 -4.0 -1.0 -3.0 0.0 -1.0 -3.0 -1.0 -2.0 -3.0 -4.0 -3.0 -3.0 -3.0 -1.0 -1.0 -1.0 -2.0 0.0 -3.0 0.0 -1.0 -3.0 -3.0 -1.0 -4.0 0.0 0.0 -4.0 0.0 -1.0 -3.0 -4.0 0.0 0.0 -2.0 -2.0 -1.0 -2.0 0.0 213.0 -4.0 0.0 -3.0 -4.0 -1.0 0.0 0.0 -3.0 -1.0 -3.0 -2.0 -3.0 -2.0 0.0 -2.0 -2.0 -2.0 -2.0 -1.0 -1.0 -2.0 0.0 -3.0 0.0 -2.0 0.0 -4.0 0.0 0.0 -2.0 -1.0 -2.0 -3.0 -4.0 0.0 -1.0 
0.0 -3.0 -4.0 0.0 0.0 -2.0 0.0 -4.0 -1.0 0.0 -1.0 -2.0 -4.0 -3.0 -3.0 -2.0 -4.0 -2.0 -4.0 -1.0 -3.0 -4.0 -2.0 -2.0 -4.0 0.0 -3.0 -4.0 -4.0 0.0 -1.0 0.0 -2.0 0.0 0.0 -1.0 0.0 -2.0 -4.0 -1.0 -3.0 -1.0 0.0 -2.0 -1.0 -4.0 -1.0 -1.0 -4.0 -1.0 -4.0 -4.0 -4.0 -4.0 -3.0 -1.0 -4.0 -4.0 -3.0 -4.0 0.0 -1.0 0.0 -3.0 -1.0 -1.0 -2.0 -4.0 -3.0 -3.0 0.0 -2.0 -2.0 -4.0 -2.0 -3.0 -1.0 -2.0 -3.0 243.0 -4.0 -3.0 -1.0 -4.0 -3.0 0.0 -1.0 -1.0 -3.0 -3.0 -2.0 -3.0 -1.0 -4.0 -4.0 -1.0 -1.0 0.0 -2.0 -2.0 -2.0 -1.0 -4.0 0.0 0.0 -3.0 -4.0 -3.0 -4.0 -1.0 -4.0 -2.0 -4.0 -1.0 0.0 
-3.0 -1.0 -2.0 0.0 -3.0 -4.0 0.0 -4.0 -4.0 -3.0 -1.0 -2.0 -1.0 -3.0 -2.0 -2.0 -4.0 -4.0 -1.0 -3.0 -3.0 0.0 0.0 -4.0 -1.0 -1.0 -4.0 -4.0 -3.0 -2.0 -3.0 -2.0 0.0 -1.0 0.0 -1.0 -2.0 -4.0 0.0 0.0 -4.0 -4.0 -4.0 -4.0 -3.0 -1.0 -1.0 -3.0 0.0 -2.0 -4.0 -1.0 -4.0 -1.0 -3.0 0.0 -1.0 -3.0 -2.0 0.0 -2.0 -3.0 -3.0 -2.0 0.0 0.0 -1.0 -4.0 -3.0 0.0 0.0 -3.0 -1.0 -4.0 -2.0 0.0 -1.0 -1.0 -1.0 -1.0 235.0 -1.0 -1.0 -2.0 -2.0 -4.0 -4.0 -2.0 -4.0 -4.0 -1.0 -2.0 -2.0 0.0 -4.0 0.0 -2.0 0.0 0.0 -4.0 -4.0 -4.0 0.0 -4.0 -4.0 -3.0 0.0 -4.0 -3.0 0.0 0.0 -1.0 -4.0 -3.0 -3.0 
-4.0 -2.0 -3.0 -1.0 0.0 -1.0 -2.0 -3.0 -1.0 -2.0 -2.0 -3.0 -3.0 -1.0 -4.0 -4.0 -4.0 -3.0 -2.0 -2.0 -4.0 -1.0 -3.0 0.0 0.0 0.0 -1.0 -1.0 -4.0 -1.0 -4.0 -4.0 -3.0 -3.0 -4.0 -3.0 -1.0 0.0 -2.0 -4.0 -2.0 -3.0 -1.0 -4.0 -4.0 -3.0 -2.0 0.0 -1.0 0.0 -1.0 0.0 -1.0 -3.0 -3.0 -3.0 -3.0 -3.0 -1.0 -3.0 -2.0 0.0 -1.0 -3.0 -2.0 0.0 -4.0 -3.0 -3.0 -3.0 0.0 -4.0 -3.0 -1.0 -2.0 -4.0 -3.0 -4.0 -2.0 -1.0 -4.0 245.0 0.0 -2.0 -2.0 -4.0 -3.0 -3.0 0.0 -3.0 -4.0 0.0 -1.0 -4.0 -3.0 -1.0 -2.0 -3.0 -4.0 -1.0 -2.0 -4.0 0.0 -3.0 0.0 -1.0 -1.0 0.0 -4.0 0.0 -4.0 -2.0 0.0 -1.0 -3.0 
-4.0 -3.0 -2.0 -4.0 -3.0 -3.0 -4.0 0.0 -1.0 -1.0 -4.0 -4.0 -4.0 -2.0 -3.0 -4.0 -2.0 -1.0 -3.0 -2.0 0.0 -3.0 -2.0 0.0 0.0 -2.0 -2.0 -4.0 0.0 0.0 -4.0 -1.0 -2.0 -1.0 0.0 -1.0 0.0 -2.0 -1.0 -3.0 0.0 -4.0 0.0 -1.0 -2.0 -3.0 -2.0 -1.0 0.0 -4.0 -2.0 -3.0 -2.0 0.0 0.0 -2.0 -3.0 -1.0 -4.0 -1.0 0.0 -2.0 -1.0 -2.0 0.0 -3.0 0.0 -1.0 0.0 -1.0 -3.0 -3.0 -1.0 0.0 0.0 0.0 -2.0 -3.0 0.0 -2.0 0.0 -4.0 206.0 0.0 -1.0 -2.0 0.0 0.0 0.0 -4.0 0.0 -2.0 -4.0 -3.0 -3.0 -2.0 -4.0 -1.0 -4.0 0.0 -4.0 -1.0 -2.0 0.0 -2.0 -3.0 -2.0 -3.0 0.0 -3.0 -2.0 -3.0 0.0 -3.0 -3.0 
-2.0 -4.0 0.0 -1.0 -4.0 0.0 -3.0 -4.0 -4.0 -4.0 -1.0 -1.0 -2.0 -3.0 -3.0 -3.0 -4.0 -4.0 -3.0 -1.0 -2.0 -2.0 -2.0 -3.0 -1.0 -4.0 -1.0 -4.0 0.0 -4.0 0.0 -1.0 0.0 -4.0 -2.0 0.0 -4.0 -1.0 -1.0 -2.0 -1.0 -1.0 -4.0 0.0 -3.0 -2.0 -3.0 -1.0 -3.0 -1.0 -1.0 -2.0 -3.0 0.0 -3.0 0.0 -4.0 -4.0 -1.0 -2.0 -1.0 -4.0 -1.0 -4.0 -4.0 -1.0 0.0 0.0 0.0 0.0 -2.0 0.0 -1.0 -3.0 0.0 -3.0 0.0 -2.0 -3.0 -3.0 -2.0 -4.0 -1.0 222.0 -4.0 -4.0 0.0 -1.0 -2.0 -2.0 -1.0 -4.0 -1.0 -4.0 -1.0 -1.0 0.0 -4.0 -4.0 -1.0 0.0 -4.0 -4.0 0.0 -1.0 -4.0 0.0 0.0 -4.0 -1.0 -1.0 0.0 0.0 -1.0 -1.0 
0.0 -4.0 -4.0 -3.0 -4.0 -2.0 -4.0 -4.0 -1.0 -4.0 -1.0 -1.0 0.0 0.0 -3.0 -3.0 -2.0 -2.0 -3.0 -2.0 0.0 0.0 -3.0 -3.0 -1.0 -3.0 -2.0 -1.0 0.0 -4.0 0.0 -1.0 -2.0 -1.0 -3.0 0.0 -1.0 -1.0 -3.0 -3.0 -3.0 -3.0 -4.0 0.0 -3.0 0.0 -4.0 0.0 0.0 -2.0 -4.0 -2.0 -4.0 -1.0 -4.0 -1.0 -3.0 -3.0 -4.0 -3.0 -4.0 -1.0 -1.0 -3.0 -1.0 -4.0 -2.0 -3.0 -3.0 -4.0 -4.0 -1.0 -1.0 -4.0 -1.0 -4.0 -4.0 -4.0 -1.0 0.0 -1.0 -1.0 -1.0 0.0 235.0 -1.0 -4.0 -3.0 -1.0 0.0 0.0 -1.0 0.0 -4.0 0.0 -4.0 -4.0 0.0 -2.0 0.0 -2.0 -4.0 -1.0 -2.0 0.0 -3.0 -2.0 -4.0 -2.0 -2.0 -4.0 -1.0 -2.0 -1.0 -1.0 
-3.0 -2.0 -1.0 -1.0 -1.0 -1.0 -4.0 0.0 -3.0 -2.0 -1.0 0.0 -3.0 0.0 -2.0 -4.0 -3.0 0.0 -4.0 -4.0 0.0 -4.0 -3.0 0.0 -3.0 -1.0 -2.0 -3.0 -4.0 -3.0 -1.0 0.0 0.0 -2.0 0.0 0.0 -3.0 0.0 -4.0 -1.0 -1.0 -1.0 -4.0 0.0 0.0 -3.0 -4.0 0.0 -2.0 -4.0 -3.0 -4.0 -2.0 0.0 -2.0 -4.0 0.0 -3.0 -3.0 -3.0 -3.0 -3.0 -1.0 -3.0 0.0 -1.0 -1.0 -4.0 -4.0 -3.0 -3.0 -4.0 -3.0 -1.0 -3.0 -1.0 -2.0 -3.0 -4.0 -4.0 0.0 -3.0 0.0 0.0 -1.0 219.0 -1.0 -4.0 -2.0 -1.0 0.0 -1.0 -2.0 -4.0 0.0 0.0 -1.0 -3.0 -1.0 -1.0 -1.0 -2.0 0.0 -2.0 -2.0 -3.0 -1.0 -4.0 0.0 -1.0 0.0 -2.0 -4.0 -1.0 -4.0 
-3.0 -4.0 -3.0 -4.0 -2.0 -3.0 0.0 -2.0 -1.0 -1.0 -2.0 -1.0 -4.0 -4.0 -2.0 -2.0 -3.0 -4.0 -4.0 -3.0 -3.0 -1.0 -4.0 0.0 -3.0 -2.0 -1.0 0.0 -1.0 -4.0 -2.0 -3.0 0.0 -1.0 -4.0 -2.0 -1.0 -3.0 0.0 -1.0 0.0 -1.0 -2.0 -2.0 -4.0 -4.0 -2.0 -3.0 -1.0 -3.0 0.0 -3.0 -4.0 -4.0 -1.0 -2.0 -2.0 0.0 -4.0 -4.0 -3.0 -3.0 0.0 -3.0 -1.0 -4.0 -1.0 -3.0 -1.0 -1.0 -2.0 0.0 -4.0 -2.0 0.0 -4.0 -1.0 -2.0 -2.0 0.0 -1.0 -1.0 -4.0 -4.0 -1.0 -2.0 240.0 -2.0 -1.0 0.0 -2.0 -3.0 0.0 0.0 -4.0 -2.0 -1.0 -1.0 -4.0 -3.0 -2.0 -4.0 -2.0 0.0 -4.0 -1.0 -2.0 -1.0 -3.0 -3.0 -2.0 -1.0 -4.0 -3.0 -1.0 
-2.0 -1.0 -1.0 -4.0 -2.0 -1.0 -1.0 -1.0 -2.0 0.0 -2.0 -3.0 -3.0 -1.0 -2.0 -3.0 -1.0 -3.0 -4.0 -3.0 -3.0 0.0 -4.0 0.0 0.0 -2.0 -1.0 0.0 -1.0 -3.0 -3.0 -3.0 -1.0 -4.0 -2.0 -3.0 -2.0 0.0 -3.0 -2.0 -3.0 0.0 0.0 -1.0 -1.0 -2.0 -2.0 0.0 -2.0 -3.0 -2.0 -3.0 -3.0 -2.0 0.0 -4.0 -2.0 0.0 -1.0 -4.0 0.0 -4.0 -2.0 -2.0 -4.0 -3.0 0.0 -1.0 0.0 -3.0 -1.0 -2.0 -4.0 -2.0 -4.0 -1.0 0.0 -4.0 0.0 -4.0 0.0 0.0 0.0 -2.0 0.0 -4.0 -3.0 212.0 -2.0 0.0 -2.0 -2.0 -1.0 -1.0 -4.0 0.0 -2.0 0.0 -3.0 -2.0 -4.0 -4.0 0.0 0.0 0.0 -2.0 -3.0 -4.0 0.0 0.0 -4.0 -3.0 -3.0 -1.0 -3.0 
-2.0 -3.0 0.0 -3.0 0.0 -4.0 -2.0 -4.0 -3.0 -4.0 0.0 -2.0 -1.0 -1.0 0.0 -3.0 0.0 -3.0 0.0 -2.0 -3.0 -2.0 -3.0 0.0 -4.0 -1.0 -1.0 -1.0 0.0 0.0 0.0 0.0 -2.0 -4.0 -1.0 0.0 -1.0 -2.0 -1.0 0.0 -4.0 -3.0 -4.0 -4.0 -4.0 -3.0 -4.0 -3.0 -3.0 -3.0 -3.0 -4.0 -2.0 -3.0 -3.0 -2.0 -3.0 -2.0 0.0 -1.0 -4.0 -4.0 0.0 -2.0 0.0 0.0 -4.0 -4.0 -1.0 -1.0 -4.0 -2.0 -2.0 -4.0 -2.0 -3.0 -2.0 -4.0 -2.0 0.0 -4.0 -2.0 -3.0 0.0 -4.0 -2.0 0.0 0.0 232.0 -3.0 -1.0 -3.0 -4.0 0.0 -1.0 -2.0 -1.0 -2.0 -1.0 -2.0 -4.0 -2.0 -2.0 -2.0 -4.0 -2.0 -2.0 -3.0 0.0 0.0 0.0 -4.0 -3.0 0.0 -3.0 
-4.0 -2.0 0.0 -3.0 -4.0 -4.0 -1.0 -4.0 -1.0 -4.0 -1.0 -2.0 -4.0 -2.0 0.0 -3.0 -2.0 -2.0 -2.0 -4.0 -3.0 -2.0 0.0 -3.0 -4.0 -3.0 -3.0 -2.0 -4.0 -2.0 -4.0 -2.0 -2.0 -1.0 -1.0 -2.0 -4.0 -2.0 0.0 -4.0 0.0 0.0 -2.0 -2.0 -3.0 -1.0 -4.0 -1.0 -1.0 -3.0 -1.0 -3.0 -1.0 0.0 0.0 -4.0 -2.0 0.0 -1.0 -3.0 -2.0 -1.0 -4.0 -2.0 -1.0 -2.0 -2.0 0.0 0.0 -3.0 -2.0 -3.0 0.0 0.0 -1.0 -1.0 -3.0 -3.0 -3.0 -2.0 -4.0 -3.0 -4.0 -3.0 -2.0 0.0 0.0 -1.0 -4.0 232.0 -2.0 -3.0 -4.0 -1.0 0.0 -4.0 -4.0 -2.0 -2.0 -3.0 0.0 0.0 -2.0 0.0 -1.0 -3.0 -1.0 -3.0 -4.0 -2.0 -1.0 0.0 0.0 -2.0 -3.0 
-4.0 0.0 -3.0 -1.0 -4.0 -1.0 -2.0 -1.0 -1.0 0.0 -3.0 -2.0 -1.0 -4.0 -2.0 -3.0 -2.0 -4.0 -1.0 0.0 -1.0 -3.0 -1.0 -1.0 -3.0 -3.0 -4.0 0.0 -3.0 -3.0 -2.0 -4.0 -3.0 -4.0 -2.0 -3.0 -4.0 -4.0 -1.0 -4.0 -4.0 -3.0 -2.0 0.0 -3.0 -2.0 -3.0 -1.0 -1.0 -3.0 -3.0 -3.0 -1.0 -1.0 0.0 0.0 -3.0 -3.0 0.0 -4.0 -1.0 -3.0 -4.0 -2.0 0.0 -1.0 -1.0 -1.0 -1.0 -1.0 -2.0 -1.0 -3.0 0.0 -1.0 -1.0 -3.0 -2.0 -3.0 0.0 -4.0 0.0 -4.0 -2.0 -2.0 -2.0 0.0 0.0 0.0 -1.0 243.0 -2.0 -3.0 -2.0 0.0 -3.0 0.0 -4.0 -3.0 -4.0 -3.0 -2.0 -3.0 -3.0 -2.0 -4.0 -1.0 -3.0 -4.0 -4.0 -4.0 0.0 -4.0 -3.0 -4.0 
0.0 -2.0 -1.0 -4.0 -4.0 -1.0 -3.0 -1.0 -2.0 -2.0 -2.0 -4.0 0.0 -2.0 -3.0 0.0 -2.0 -4.0 -1.0 0.0 -3.0 -2.0 0.0 -3.0 -3.0 0.0 -1.0 0.0 -1.0 0.0 -4.0 0.0 -3.0 -2.0 -1.0 -3.0 -3.0 -4.0 0.0 -1.0 -3.0 -2.0 -2.0 -4.0 -1.0 0.0 -3.0 -2.0 -4.0 -4.0 -4.0 -3.0 -3.0 -3.0 -2.0 -4.0 -3.0 -2.0 -4.0 -4.0 0.0 -3.0 -2.0 -2.0 -3.0 -1.0 -2.0 -1.0 -2.0 0.0 0.0 -4.0 -4.0 -3.0 0.0 0.0 -2.0 0.0 -1.0 -4.0 -2.0 -4.0 -4.0 -3.0 -3.0 -3.0 -2.0 0.0 -2.0 -1.0 0.0 234.0 0.0 -3.0 0.0 -4.0 -4.0 -4.0 0.0 -3.0 -2.0 -3.0 -4.0 -3.0 -1.0 -4.0 -3.0 0.0 -3.0 0.0 -2.0 0.0 -1.0 -3.0 0.0 
-1.0 -1.0 -3.0 -4.0 -2.0 -3.0 -4.0 -3.0 -3.0 -3.0 -3.0 0.0 -3.0 0.0 -1.0 0.0 -4.0 0.0 -4.0 0.0 -3.0 -1.0 0.0 -1.0 -2.0 -3.0 -2.0 0.0 0.0 -3.0 -1.0 -3.0 0.0 -2.0 -2.0 -2.0 0.0 0.0 -3.0 -2.0 0.0 0.0 -2.0 -2.0 -2.0 -1.0 -4.0 -3.0 -2.0 -3.0 0.0 0.0 -3.0 -3.0 -1.0 0.0 -3.0 -3.0 -2.0 -1.0 0.0 0.0 0.0 0.0 -3.0 0.0 -2.0 -2.0 0.0 -1.0 -1.0 0.0 -2.0 -1.0 -2.0 -4.0 -2.0 -1.0 -3.0 -2.0 -4.0 -3.0 -3.0 -4.0 -2.0 -3.0 -3.0 0.0 -2.0 -2.0 -1.0 -2.0 209.0 -4.0 -3.0 -2.0 0.0 -3.0 -4.0 -3.0 -2.0 -2.0 0.0 -4.0 -3.0 0.0 -4.0 0.0 -2.0 0.0 -4.0 -2.0 0.0 -1.0 -4.0 
0.0 0.0 -2.0 0.0 -4.0 0.0 0.0 0.0 -2.0 -4.0 -4.0 -4.0 -1.0 -1.0 0.0 -4.0 -4.0 -1.0 -1.0 0.0 -2.0 -3.0 0.0 -3.0 -2.0 -1.0 -2.0 -1.0 -3.0 -1.0 -1.0 -2.0 0.0 -1.0 -3.0 -1.0 -1.0 -4.0 -4.0 -1.0 -2.0 -2.0 -1.0 0.0 -3.0 -2.0 -2.0 0.0 -1.0 -3.0 -4.0 -4.0 0.0 -3.0 -3.0 -4.0 -2.0 -2.0 0.0 0.0 -4.0 -3.0 -3.0 0.0 -4.0 0.0 -3.0 -3.0 0.0 0.0 0.0 -2.0 -1.0 -1.0 -1.0 0.0 -4.0 -4.0 -3.0 -3.0 -3.0 -4.0 -2.0 0.0 -3.0 -2.0 0.0 -4.0 0.0 -2.0 -3.0 0.0 -4.0 210.0 -1.0 -2.0 -2.0 0.0 0.0 -1.0 -4.0 -1.0 -3.0 -3.0 -1.0 -2.0 -4.0 0.0 -2.0 -3.0 -1.0 0.0 -3.0 -1.0 -4.0 
-4.0 0.0 -2.0 0.0 0.0 -2.0 -4.0 0.0 -4.0 0.0 -3.0 0.0 -2.0 -3.0 0.0 -3.0 -2.0 -1.0 0.0 -2.0 0.0 -2.0 -4.0 -2.0 0.0 -1.0 -4.0 -4.0 -2.0 -4.0 -4.0 -2.0 -1.0 -3.0 -3.0 -3.0 -3.0 -4.0 0.0 0.0 -2.0 -4.0 -4.0 -4.0 -3.0 -1.0 -2.0 -3.0 -3.0 -2.0 -2.0 -4.0 -1.0 0.0 -2.0 -4.0 -1.0 -3.0 -3.0 -3.0 -4.0 -3.0 -3.0 -1.0 -4.0 -3.0 -3.0 -1.0 -4.0 -3.0 -4.0 -3.0 -4.0 -3.0 -4.0 0.0 -3.0 -2.0 -3.0 -3.0 -4.0 -1.0 0.0 -4.0 -2.0 -2.0 -4.0 -4.0 0.0 -2.0 -2.0 -4.0 -1.0 -4.0 252.0 -1.0 0.0 -1.0 -2.0 -1.0 -1.0 -1.0 -4.0 -1.0 -2.0 -1.0 -4.0 -4.0 -4.0 0.0 -1.0 -2.0 0.0 0.0 -1.0 
0.0 -1.0 -2.0 -3.0 -1.0 0.0 -3.0 -1.0 0.0 0.0 -1.0 0.0 -2.0 -1.0 -3.0 -2.0 -4.0 -3.0 -2.0 -1.0 -2.0 -1.0 -2.0 -4.0 -1.0 0.0 0.0 -1.0 -3.0 -3.0 -4.0 -1.0 -3.0 -1.0 -2.0 -4.0 0.0 -3.0 -1.0 0.0 -2.0 -3.0 -4.0 -4.0 -1.0 0.0 -3.0 -3.0 -4.0 -4.0 -2.0 -3.0 -2.0 -1.0 -4.0 -3.0 -4.0 -4.0 -2.0 -3.0 -2.0 -4.0 -4.0 -1.0 -4.0 -1.0 0.0 -1.0 -1.0 -4.0 -3.0 -1.0 -2.0 -1.0 -2.0 -4.0 0.0 -2.0 -1.0 0.0 -1.0 -3.0 -2.0 0.0 0.0 -2.0 -3.0 -3.0 -4.0 -4.0 -2.0 0.0 -1.0 -3.0 0.0 230.0 -1.0 -3.0 -4.0 -1.0 0.0 -4.0 -4.0 0.0 0.0 -4.0 -3.0 -1.0 -1.0 -3.0 -1.0 -4.0 -4.0 -2.0 -2.0 
-3.0 -3.0 -4.0 0.0 -1.0 -1.0 -3.0 -2.0 -3.0 -2.0 -2.0 -2.0 -1.0 0.0 -3.0 -3.0 -2.0 0.0 -3.0 -2.0 -3.0 -3.0 0.0 -2.0 -1.0 -1.0 -2.0 -1.0 -3.0 -3.0 -3.0 0.0 -2.0 -1.0 -2.0 -3.0 -1.0 0.0 -4.0 -3.0 -2.0 -1.0 0.0 -1.0 0.0 -3.0 -1.0 -2.0 -4.0 0.0 -2.0 -4.0 0.0 -4.0 -1.0 -2.0 -3.0 -1.0 -2.0 -2.0 -1.0 -3.0 -2.0 -4.0 -3.0 -1.0 -4.0 0.0 -2.0 -4.0 -4.0 -2.0 -4.0 -4.0 -2.0 -3.0 0.0 -4.0 -2.0 -3.0 -4.0 0.0 0.0 -2.0 -1.0 -2.0 -1.0 0.0 -3.0 -3.0 -2.0 -2.0 -1.0 0.0 -3.0 -2.0 228.0 -3.0 -2.0 0.0 -4.0 -4.0 -4.0 -3.0 -2.0 -2.0 -2.0 -2.0 0.0 -4.0 -1.0 -4.0 0.0 0.0 0.0 
0.0 -2.0 -4.0 -3.0 -1.0 -3.0 -2.0 0.0 -3.0 0.0 0.0 -4.0 -3.0 0.0 -1.0 -2.0 -4.0 0.0 -2.0 -2.0 -1.0 -1.0 -3.0 -1.0 0.0 -4.0 -2.0 -2.0 -4.0 0.0 -3.0 -1.0 -4.0 -3.0 0.0 -3.0 -4.0 -4.0 -3.0 -4.0 -4.0 0.0 -1.0 -2.0 -4.0 -3.0 -1.0 0.0 -3.0 -2.0 -4.0 0.0 -4.0 0.0 0.0 -3.0 -1.0 -1.0 -4.0 -4.0 -4.0 -4.0 -3.0 -2.0 -2.0 0.0 -1.0 -3.0 -4.0 -1.0 -2.0 -2.0 -3.0 -3.0 0.0 -3.0 -4.0 -1.0 -4.0 -3.0 -1.0 -4.0 -1.0 -3.0 -4.0 -4.0 -4.0 -2.0 0.0 -2.0 -4.0 -3.0 -2.0 0.0 -1.0 0.0 -1.0 239.0 -2.0 -4.0 -1.0 0.0 -2.0 0.0 -4.0 -1.0 0.0 -3.0 -4.0 -2.0 -2.0 -1.0 -1.0 -2.0 -1.0 
-1.0 -3.0 -4.0 -3.0 -4.0 -2.0 -3.0 0.0 -3.0 -1.0 -2.0 -1.0 -4.0 -1.0 0.0 -1.0 -3.0 -1.0 -2.0 -1.0 -2.0 0.0 -1.0 -3.0 -1.0 -3.0 0.0 0.0 -2.0 -2.0 -4.0 0.0 0.0 -2.0 -2.0 -2.0 -1.0 0.0 0.0 -2.0 0.0 0.0 -4.0 0.0 -1.0 -3.0 -2.0 -3.0 -2.0 -2.0 0.0 -1.0 -2.0 -3.0 0.0 -3.0 -3.0 -2.0 -3.0 0.0 -2.0 -3.0 0.0 -3.0 -4.0 -4.0 -1.0 -3.0 -2.0 -4.0 -3.0 -2.0 -4.0 -1.0 -3.0 -1.0 -1.0 -4.0 -4.0 -4.0 -1.0 -1.0 0.0 -1.0 -2.0 -1.0 -4.0 0.0 -3.0 -2.0 -1.0 -1.0 -4.0 -3.0 -1.0 -3.0 -2.0 -2.0 215.0 0.0 0.0 -3.0 0.0 0.0 0.0 -2.0 0.0 0.0 -4.0 -4.0 -4.0 -1.0 -3.0 -4.0 -4.0 
-3.0 -4.0 0.0 0.0 -3.0 -2.0 -2.0 -4.0 -2.0 -4.0 -1.0 -1.0 -4.0 -3.0 -1.0 -1.0 -3.0 -1.0 -1.0 0.0 -1.0 -2.0 -4.0 -3.0 -2.0 0.0 -4.0 -3.0 -2.0 -3.0 -3.0 -1.0 -1.0 -3.0 0.0 -4.0 0.0 -1.0 -3.0 0.0 -3.0 -3.0 -4.0 -4.0 -1.0 -4.0 -4.0 0.0 -4.0 -2.0 -4.0 0.0 -4.0 0.0 -1.0 -2.0 0.0 -3.0 -1.0 -4.0 0.0 -1.0 -1.0 -1.0 -1.0 -1.0 -2.0 -4.0 -4.0 -1.0 -4.0 -4.0 -3.0 -2.0 -3.0 -3.0 -1.0 0.0 -3.0 -3.0 -4.0 -2.0 -1.0 0.0 0.0 -1.0 -2.0 -4.0 -3.0 -3.0 -2.0 -2.0 0.0 -2.0 -3.0 -3.0 -1.0 -1.0 -2.0 229.0 0.0 -1.0 -1.0 0.0 -3.0 -2.0 -3.0 0.0 -4.0 0.0 -1.0 -4.0 0.0 -3.0 -1.0 
0.0 -4.0 0.0 -4.0 -1.0 -3.0 -1.0 0.0 -3.0 0.0 -1.0 0.0 -4.0 -4.0 -1.0 -2.0 -1.0 -4.0 -1.0 -3.0 -3.0 0.0 -1.0 -2.0 0.0 0.0 -1.0 0.0 -4.0 -1.0 -1.0 -4.0 -3.0 -1.0 -3.0 -1.0 -2.0 -1.0 -3.0 -3.0 -4.0 -4.0 -1.0 -1.0 -3.0 -2.0 0.0 -1.0 0.0 -1.0 -4.0 -2.0 -1.0 -3.0 -1.0 -1.0 -2.0 0.0 -2.0 -2.0 -2.0 -2.0 -3.0 -3.0 0.0 -3.0 -3.0 -4.0 -3.0 -3.0 0.0 -1.0 -4.0 -1.0 -4.0 0.0 -2.0 -2.0 0.0 -3.0 0.0 -3.0 -3.0 -1.0 0.0 -2.0 -1.0 -2.0 -4.0 -2.0 -1.0 -4.0 -3.0 0.0 0.0 -1.0 -4.0 -4.0 -2.0 -2.0 216.0 -2.0 -3.0 -3.0 -3.0 -2.0 -1.0 -3.0 -2.0 0.0 -1.0 0.0 -4.0 -2.0 -2.0 
-2.0 0.0 -1.0 -4.0 -1.0 -1.0 -3.0 -2.0 -3.0 0.0 0.0 -2.0 -3.0 0.0 0.0 -2.0 -2.0 -1.0 -4.0 -3.0 -4.0 -3.0 -2.0 -1.0 -3.0 -1.0 -4.0 0.0 0.0 -1.0 -3.0 -3.0 -3.0 -4.0 -2.0 -2.0 0.0 -2.0 -2.0 -4.0 -4.0 -1.0 -1.0 0.0 -1.0 -3.0 -3.0 0.0 0.0 0.0 -1.0 -2.0 -1.0 0.0 -2.0 -3.0 -4.0 -1.0 -4.0 -2.0 -2.0 -1.0 -4.0 -2.0 0.0 -2.0 0.0 0.0 -2.0 -2.0 -1.0 -4.0 -3.0 0.0 0.0 0.0 -2.0 -2.0 -2.0 -3.0 -1.0 -1.0 -1.0 -3.0 0.0 -1.0 -2.0 -1.0 -1.0 -3.0 0.0 -3.0 -1.0 0.0 -3.0 -3.0 -4.0 0.0 -4.0 -4.0 -3.0 215.0 -1.0 -1.0 -4.0 -2.0 -4.0 -3.0 -3.0 0.0 -3.0 -4.0 -2.0 -2.0 -4.0 
0.0 -1.0 0.0 -1.0 0.0 0.0 -1.0 -4.0 -1.0 0.0 -2.0 0.0 -3.0 0.0 0.0 -4.0 -3.0 -3.0 -2.0 -2.0 -1.0 -4.0 -3.0 -1.0 -2.0 -3.0 -1.0 -2.0 -3.0 -1.0 -1.0 -4.0 -4.0 -4.0 -1.0 0.0 -4.0 0.0 -2.0 -4.0 -2.0 0.0 0.0 -4.0 -1.0 -4.0 -1.0 -1.0 -3.0 -2.0 -3.0 -4.0 -3.0 -2.0 -2.0 -4.0 -3.0 0.0 0.0 -3.0 -2.0 -3.0 -2.0 -2.0 -2.0 -4.0 0.0 -4.0 -2.0 -1.0 -1.0 -2.0 -2.0 -2.0 -3.0 -2.0 -1.0 -4.0 -2.0 -2.0 -3.0 -1.0 -4.0 -1.0 0.0 -4.0 -4.0 -3.0 0.0 -4.0 -2.0 -2.0 -2.0 -3.0 -3.0 -1.0 0.0 -1.0 -1.0 0.0 0.0 -2.0 217.0 -2.0 0.0 -3.0 0.0 0.0 -2.0 0.0 -3.0 -3.0 -4.0 -1.0 -1.0 
0.0 -1.0 -3.0 -1.0 -2.0 0.0 -1.0 0.0 -4.0 -4.0 -1.0 -2.0 -4.0 -1.0 0.0 -4.0 -4.0 0.0 -2.0 -4.0 -4.0 -1.0 -1.0 -3.0 -3.0 -2.0 0.0 0.0 -2.0 -1.0 -1.0 -1.0 -1.0 -2.0 -1.0 0.0 -1.0 -2.0 0.0 -1.0 -1.0 0.0 -3.0 -2.0 -2.0 -4.0 0.0 -3.0 -4.0 -2.0 -2.0 -4.0 0.0 -3.0 -3.0 -1.0 -3.0 -3.0 -2.0 -3.0 0.0 -2.0 0.0 -1.0 -3.0 -3.0 0.0 0.0 -1.0 -4.0 -2.0 -3.0 0.0 0.0 -2.0 -4.0 -4.0 0.0 -1.0 -3.0 0.0 -4.0 -1.0 0.0 -1.0 -1.0 -4.0 -1.0 -3.0 -1.0 -4.0 -2.0 -3.0 -1.0 0.0 0.0 0.0 -4.0 -1.0 0.0 -2.0 -3.0 0.0 196.0 -1.0 -2.0 -1.0 -1.0 -1.0 0.0 -2.0 -1.0 -2.0 -2.0 -4.0 
-2.0 -3.0 -4.0 -1.0 0.0 -2.0 0.0 -3.0 -4.0 -4.0 -2.0 -2.0 0.0 -4.0 -3.0 0.0 0.0 -2.0 -3.0 -4.0 0.0 -1.0 -2.0 -2.0 0.0 -1.0 -1.0 -2.0 -2.0 -1.0 -3.0 -2.0 -2.0 0.0 -4.0 -1.0 0.0 0.0 -3.0 -3.0 -1.0 -2.0 -1.0 -2.0 -4.0 0.0 -2.0 0.0 -2.0 0.0 -2.0 -4.0 -4.0 -3.0 -4.0 -1.0 -3.0 -2.0 -4.0 -3.0 0.0 -3.0 -4.0 -2.0 -4.0 -3.0 -1.0 -1.0 -3.0 -3.0 -1.0 -4.0 -3.0 -3.0 0.0 -3.0 -1.0 -3.0 -4.0 -4.0 -4.0 -1.0 -1.0 -3.0 -4.0 0.0 0.0 -2.0 -1.0 -4.0 0.0 0.0 -2.0 -4.0 -4.0 0.0 -3.0 -3.0 -4.0 -2.0 -3.0 0.0 -4.0 -1.0 236.0 -1.0 -2.0 -3.0 -2.0 0.0 -3.0 -3.0 -3.0 -1.0 -1.0 
-2.0 -4.0 -4.0 -3.0 -3.0 0.0 -3.0 0.0 0.0 -4.0 0.0 0.0 -1.0 -3.0 -1.0 -2.0 -4.0 -1.0 0.0 -4.0 -3.0 0.0 -4.0 -2.0 -3.0 -1.0 -2.0 -2.0 -2.0 -3.0 -4.0 -4.0 -4.0 -2.0 -3.0 -1.0 -4.0 -1.0 -1.0 -2.0 -4.0 -2.0 0.0 0.0 0.0 -1.0 -1.0 -1.0 -1.0 0.0 0.0 0.0 0.0 0.0 -4.0 -2.0 0.0 -1.0 -3.0 -1.0 -3.0 0.0 -4.0 -1.0 -3.0 -4.0 -3.0 -4.0 -1.0 -3.0 -1.0 -2.0 -4.0 -4.0 -3.0 -2.0 -1.0 -1.0 -3.0 -2.0 -1.0 -2.0 -1.0 -3.0 -2.0 -3.0 -1.0 -4.0 -2.0 -3.0 -3.0 -1.0 0.0 -3.0 -4.0 0.0 0.0 -2.0 0.0 -2.0 -3.0 -3.0 -1.0 -1.0 0.0 216.0 -1.0 0.0 0.0 0.0 -3.0 -4.0 -2.0 -2.0 -2.0 
-3.0 0.0 -3.0 -2.0 -4.0 0.0 -3.0 0.0 -2.0 -3.0 0.0 -1.0 -1.0 -1.0 -1.0 -4.0 -1.0 -1.0 -2.0 0.0 -2.0 -4.0 -4.0 -4.0 -3.0 0.0 -1.0 -1.0 -3.0 -4.0 0.0 -1.0 -1.0 0.0 -4.0 -3.0 -3.0 0.0 -3.0 -1.0 0.0 -4.0 -2.0 -4.0 -1.0 -4.0 -2.0 -2.0 -4.0 0.0 -2.0 0.0 -3.0 -2.0 0.0 -2.0 0.0 -1.0 0.0 0.0 -2.0 -4.0 -3.0 -1.0 -3.0 -1.0 -4.0 -2.0 -1.0 -4.0 -3.0 -4.0 -3.0 -4.0 0.0 -4.0 -1.0 -1.0 -2.0 -3.0 -4.0 -4.0 0.0 -3.0 -1.0 -3.0 0.0 -1.0 -1.0 -3.0 -2.0 -2.0 -4.0 -4.0 0.0 -4.0 -2.0 -4.0 0.0 -3.0 -2.0 -1.0 -1.0 -3.0 -3.0 0.0 234.0 -3.0 -3.0 -1.0 -4.0 -3.0 -4.0 -2.0 -2.0 
-3.0 -2.0 -2.0 -4.0 -1.0 -3.0 -2.0 -1.0 -1.0 -2.0 0.0 -3.0 -2.0 -4.0 -2.0 -3.0 -1.0 -3.0 -2.0 -2.0 -3.0 0.0 -4.0 -3.0 -1.0 -2.0 -4.0 -4.0 0.0 -2.0 -4.0 -3.0 -1.0 -2.0 -1.0 -3.0 -1.0 -1.0 -2.0 -4.0 -3.0 -2.0 -3.0 -4.0 -4.0 -2.0 -4.0 -1.0 -2.0 -3.0 -1.0 -2.0 -2.0 -4.0 -1.0 -2.0 -2.0 -3.0 -1.0 -3.0 -2.0 -1.0 -1.0 -2.0 -4.0 -2.0 -1.0 -2.0 -1.0 -3.0 -4.0 -1.0 -3.0 -3.0 -2.0 -1.0 -4.0 -1.0 -3.0 -2.0 -1.0 0.0 -1.0 -1.0 -2.0 -3.0 -2.0 -1.0 -2.0 -1.0 -4.0 -2.0 -1.0 -3.0 -3.0 -4.0 -2.0 -4.0 0.0 -1.0 -2.0 -2.0 -2.0 0.0 -2.0 -3.0 -3.0 246.0 -2.0 -3.0 -4.0 0.0 -2.0 -3.0 0.0 
0.0 0.0 0.0 -4.0 0.0 -3.0 -1.0 -4.0 -2.0 -3.0 -3.0 0.0 -3.0 -4.0 -3.0 -3.0 0.0 0.0 0.0 -2.0 -3.0 -2.0 -2.0 -2.0 -1.0 -1.0 -4.0 -1.0 -1.0 -4.0 -4.0 -2.0 -1.0 -4.0 -2.0 -4.0 -1.0 -2.0 -3.0 -2.0 -1.0 -4.0 -4.0 -3.0 -1.0 -2.0 -2.0 -1.0 -3.0 -1.0 0.0 -1.0 0.0 -1.0 -1.0 -4.0 0.0 -4.0 -1.0 0.0 -2.0 -2.0 -1.0 -1.0 -3.0 -4.0 -2.0 -1.0 -4.0 -1.0 -1.0 -3.0 -1.0 0.0 -2.0 -1.0 -3.0 -1.0 0.0 -4.0 -2.0 -2.0 -1.0 -3.0 -1.0 -3.0 -1.0 -2.0 -4.0 -3.0 -4.0 -4.0 -1.0 -2.0 -3.0 0.0 -1.0 0.0 0.0 -2.0 -2.0 0.0 -3.0 -2.0 -3.0 -4.0 -4.0 0.0 221.0 0.0 -2.0 -2.0 -4.0 -1.0 -3.0 
0.0 -2.0 -4.0 -2.0 -4.0 0.0 -4.0 0.0 -4.0 -1.0 -2.0 -4.0 -1.0 -1.0 -2.0 0.0 -1.0 -3.0 -1.0 0.0 0.0 -2.0 -2.0 0.0 -2.0 0.0 -2.0 -1.0 -4.0 -3.0 -1.0 -3.0 -1.0 -3.0 -2.0 0.0 0.0 -2.0 -3.0 -2.0 -2.0 -2.0 -2.0 -3.0 0.0 -3.0 -4.0 -2.0 -4.0 -3.0 0.0 -2.0 -3.0 -2.0 -2.0 -4.0 -4.0 -2.0 0.0 -4.0 0.0 -1.0 -1.0 0.0 0.0 -4.0 0.0 -2.0 -1.0 0.0 -1.0 -2.0 -1.0 0.0 -4.0 -3.0 -2.0 -3.0 -2.0 -3.0 -2.0 0.0 -1.0 0.0 -3.0 -4.0 -2.0 -1.0 -2.0 -3.0 0.0 -1.0 -1.0 -3.0 -4.0 -3.0 0.0 -2.0 -2.0 -1.0 -1.0 -1.0 -1.0 -1.0 -2.0 -1.0 -4.0 0.0 -2.0 208.0 -3.0 -4.0 -4.0 0.0 -2.0 
-1.0 -1.0 -3.0 -4.0 0.0 -3.0 -2.0 0.0 -1.0 -2.0 0.0 -2.0 -1.0 -3.0 -3.0 -2.0 -2.0 -2.0 -3.0 -1.0 -4.0 -1.0 -2.0 0.0 -2.0 -3.0 -3.0 -3.0 -2.0 0.0 0.0 0.0 -4.0 0.0 -2.0 -1.0 -3.0 -1.0 -4.0 -4.0 -4.0 -3.0 -3.0 -2.0 -1.0 -1.0 -4.0 0.0 -2.0 -3.0 -1.0 -1.0 -2.0 -4.0 -1.0 -4.0 0.0 -2.0 0.0 -4.0 -4.0 -1.0 -1.0 -1.0 0.0 -2.0 -1.0 -2.0 -3.0 -2.0 -2.0 -1.0 -4.0 0.0 -4.0 -2.0 -4.0 -1.0 -1.0 -1.0 -1.0 -2.0 0.0 -2.0 -3.0 -4.0 -4.0 -3.0 -3.0 -2.0 0.0 -3.0 -1.0 -2.0 -3.0 -2.0 -2.0 -4.0 -2.0 -4.0 0.0 -4.0 -2.0 -2.0 -4.0 -2.0 -3.0 -4.0 -3.0 -4.0 239.0 -4.0 0.0 -4.0 -2.0 
-2.0 0.0 -3.0 -3.0 -3.0 0.0 0.0 -2.0 -4.0 -1.0 -3.0 -1.0 -1.0 -4.0 -2.0 -3.0 -2.0 0.0 -4.0 -1.0 -4.0 0.0 -1.0 -2.0 -4.0 -2.0 0.0 -2.0 -4.0 -2.0 -2.0 0.0 0.0 -1.0 0.0 -3.0 -2.0 -3.0 -3.0 -4.0 0.0 -2.0 -2.0 0.0 0.0 0.0 -3.0 -2.0 -3.0 -1.0 -2.0 -1.0 -1.0 -3.0 0.0 -2.0 -2.0 -2.0 -4.0 -3.0 0.0 -2.0 -1.0 -1.0 -3.0 -2.0 -1.0 -4.0 -2.0 -2.0 -3.0 0.0 0.0 -3.0 -3.0 -4.0 -3.0 -1.0 -2.0 -1.0 -4.0 -4.0 -2.0 -4.0 -1.0 -3.0 -4.0 -2.0 -3.0 -1.0 -1.0 -1.0 -1.0 -1.0 -4.0 -4.0 0.0 -4.0 0.0 -4.0 0.0 -2.0 -4.0 -4.0 -2.0 0.0 -3.0 -4.0 -4.0 -3.0 -1.0 235.0 -4.0 -4.0 -3.0 
-4.0 -4.0 -2.0 -2.0 0.0 -2.0 -3.0 0.0 0.0 -3.0 0.0 -3.0 -2.0 -3.0 -4.0 -4.0 0.0 -1.0 -1.0 -4.0 -2.0 -3.0 -2.0 -4.0 -4.0 -4.0 -1.0 -4.0 -1.0 -4.0 -4.0 -4.0 0.0 -2.0 -3.0 0.0 0.0 0.0 0.0 -3.0 -2.0 0.0 -4.0 -3.0 -3.0 -4.0 0.0 -1.0 -1.0 -2.0 -1.0 -4.0 0.0 0.0 -3.0 -1.0 -2.0 -3.0 -2.0 -2.0 -1.0 -2.0 0.0 -1.0 -4.0 -4.0 -2.0 -4.0 -3.0 -2.0 -2.0 -2.0 -4.0 -3.0 0.0 -3.0 0.0 -2.0 -3.0 0.0 -4.0 -4.0 -4.0 -4.0 0.0 0.0 -4.0 0.0 -1.0 -1.0 0.0 -3.0 -2.0 -3.0 0.0 0.0 -1.0 -1.0 -4.0 -4.0 -1.0 -3.0 0.0 -1.0 -2.0 -3.0 -4.0 -3.0 -2.0 -2.0 -3.0 -4.0 238.0 -2.0 -1.0 
-1.0 -2.0 -1.0 -4.0 0.0 -2.0 -4.0 -2.0 0.0 -4.0 0.0 -3.0 -3.0 -4.0 -4.0 -3.0 -3.0 0.0 -3.0 0.0 -1.0 0.0 -4.0 -4.0 -3.0 -3.0 -4.0 -3.0 -2.0 -2.0 -3.0 -1.0 -2.0 -2.0 0.0 -4.0 -1.0 -2.0 -4.0 -1.0 -3.0 0.0 -1.0 -3.0 -3.0 -1.0 -3.0 -3.0 0.0 -2.0 -1.0 -1.0 -1.0 -4.0 -1.0 -3.0 -1.0 -4.0 -1.0 0.0 0.0 -4.0 -1.0 -2.0 -4.0 0.0 -2.0 -4.0 -3.0 -2.0 0.0 -1.0 -1.0 -3.0 -2.0 -3.0 -1.0 -1.0 -2.0 -2.0 0.0 -2.0 -4.0 -4.0 0.0 0.0 0.0 -2.0 -4.0 -3.0 -2.0 0.0 -2.0 -3.0 -3.0 -2.0 0.0 -4.0 -4.0 -2.0 -3.0 -4.0 -4.0 -3.0 -4.0 -2.0 -1.0 -2.0 -2.0 0.0 -4.0 -2.0 -2.0 241.0 -4.0 
-1.0 -2.0 -1.0 -4.0 -1.0 -2.0 -4.0 -3.0 -2.0 -3.0 -4.0 0.0 -1.0 -4.0 -4.0 -3.0 -4.0 0.0 0.0 -2.0 -2.0 0.0 0.0 -1.0 -4.0 -3.0 0.0 -3.0 -2.0 0.0 -1.0 -2.0 -2.0 -4.0 -2.0 -1.0 -2.0 -4.0 -3.0 -2.0 -1.0 -2.0 -3.0 -4.0 -4.0 -1.0 0.0 -1.0 -3.0 -3.0 -4.0 -4.0 -3.0 -4.0 -1.0 -2.0 -4.0 -1.0 0.0 -2.0 -2.0 0.0 -2.0 -1.0 -1.0 -1.0 -4.0 -4.0 -4.0 -4.0 -3.0 -2.0 0.0 0.0 -2.0 0.0 -3.0 -3.0 -4.0 -4.0 -3.0 -3.0 -3.0 -2.0 -1.0 -4.0 0.0 -4.0 -1.0 -2.0 -2.0 -1.0 -4.0 0.0 -1.0 0.0 -3.0 -4.0 -1.0 -2.0 -3.0 -2.0 0.0 -1.0 0.0 -3.0 -4.0 -2.0 -2.0 0.0 0.0 -4.0 0.0 0.0 236.0 

-13696.0114 -11094.0 -14012.0 -12483.0 -11171.0 -11456.0 -10918.0 -10966.0 -12351.0 -10291.0 -9526.0 -9986.0 -10139.0 -11092.0 -9846.0 -10323.0 -10113.0 -9096.0 -8350.0 -7940.0 -8327.0 -8888.0 -9034.0 -8794.0 -7780.0 -8124.0 -8465.0 -6151.0 -8001.0 -6825.0 -6343.0 -5562.0 -6574.0 -4842.0 -5128.0 -4949.0 -5966.0 -5431.0 -4878.0 -3894.0 -4939.0 -4095.0 -4836.0 -2949.0 -2951.0 -3041.0 -1026.0 -2451.0 -1961.0 -1772.0 -1116.0 -848.0 -919.0 -1341.0 -1120.0 -315.0 -39.0 -645.0 429.0 397.0 505.0 183.0 1679.0 1209.0 2320.0 1186.0 2352.0 1525.0 1845.0 2190.0 2885.0 3471.0 2723.0 4026.0 3826.0 3671.0 4293.0 5340.0 5458.0 5081.0 5580.0 6229.0 5720.0 6766.0 6746.0 6308.0 7470.0 6389.0 7082.0 8267.0 7818.0 7915.0 7083.0 7223.0 9327.0 8226.0 8873.0 9654.0 8494.0 10215.0 8995.0 9004.0 9673.0 9296.0 10786.0 10845.0 10845.0 12760.0 11298.0 10857.0 11822.0 11824.0 13383.0 13435.0 14032.0 