15
32.0001 0.0 -2.0 -2.0 -4.0 0.0 -1.0 -1.0 -1.0 -4.0 -4.0 -2.0 -4.0 -3.0 -4.0 
0.0 17.0 -1.0 -1.0 -4.0 -3.0 -1.0 0.0 0.0 -2.0 0.0 0.0 0.0 -3.0 -2.0 
0.0 -1.0 26.0 0.0 0.0 -1.0 -2.0 -4.0 -3.0 -1.0 0.0 -3.0 -4.0 -4.0 -3.0 
0.0 -1.0 -4.0 24.0 -2.0 -3.0 -1.0 -2.0 0.0 0.0 0.0 -4.0 -1.0 -2.0 -4.0 
-1.0 -2.0 -3.0 0.0 31.0 -4.0 0.0 -4.0 -2.0 -2.0 -3.0 -2.0 -3.0 -2.0 -3.0 
0.0 -4.0 -4.0 -2.0 0.0 27.0 -2.0 0.0 -4.0 -4.0 0.0 -1.0 -4.0 -1.0 -1.0 
-1.0 -3.0 0.0 -2.0 -4.0 -2.0 25.0 -1.0 -1.0 -3.0 -3.0 0.0 -4.0 -1.0 0.0 
-4.0 0.0 -3.0 0.0 -2.0 -1.0 -3.0 18.0 0.0 0.0 0.0 0.0 -2.0 -2.0 -1.0 
-4.0 0.0 -1.0 -4.0 0.0 0.0 -2.0 0.0 25.0 -4.0 -1.0 -4.0 -4.0 -1.0 0.0 
-3.0 -1.0 -3.0 -1.0 -3.0 0.0 0.0 -2.0 -1.0 27.0 -2.0 -2.0 -3.0 -3.0 -3.0 
-4.0 -1.0 -2.0 -1.0 -1.0 -2.0 -2.0 -3.0 -4.0 -4.0 34.0 0.0 -3.0 -3.0 -4.0 
0.0 -3.0 -2.0 -1.0 -4.0 0.0 -3.0 -4.0 -3.0 -1.0 -1.0 26.0 -3.0 0.0 -1.0 
-1.0 -4.0 0.0 -2.0 0.0 -3.0 0.0 -3.0 -4.0 -1.0 0.0 0.0 24.0 -4.0 -2.0 
-2.0 -3.0 -4.0 -1.0 -2.0 0.0 -2.0 0.0 0.0 -4.0 -3.0 -1.0 -2.0 28.0 -4.0 
0.0 0.0 -3.0 0.0 -4.0 0.0 -1.0 -4.0 -1.0 0.0 -2.0 0.0 -4.0 -4.0 23.0 

-287.9999 -110.0 -202.0 -118.0 -122.0 -49.0 -18.0 25.0 23.0 40.0 86.0 121.0 121.0 173.0 138.0 