65
122.0001 -4.0 -2.0 -2.0 0.0 -4.0 -1.0 -4.0 -3.0 0.0 -1.0 -4.0 0.0 0.0 -2.0 -3.0 -2.0 0.0 0.0 0.0 -3.0 0.0 -3.0 -4.0 -1.0 -1.0 -2.0 -2.0 -4.0 -4.0 0.0 0.0 -3.0 0.0 0.0 -3.0 -4.0 -1.0 -2.0 -2.0 -2.0 -2.0 -2.0 -4.0 -3.0 0.0 -2.0 -4.0 -2.0 -2.0 -1.0 -4.0 0.0 -2.0 -4.0 -2.0 0.0 -1.0 0.0 -2.0 -3.0 -2.0 -4.0 0.0 -3.0 
-1.0 129.0 -2.0 -3.0 0.0 -1.0 -3.0 0.0 -3.0 -4.0 0.0 -3.0 -3.0 -4.0 -4.0 -2.0 -4.0 0.0 -3.0 -3.0 -4.0 -1.0 -3.0 -2.0 0.0 -4.0 -3.0 -4.0 -1.0 -3.0 0.0 -1.0 -2.0 -4.0 0.0 -2.0 -4.0 -3.0 -4.0 -4.0 0.0 0.0 0.0 -1.0 -2.0 -4.0 -2.0 -2.0 -1.0 -1.0 0.0 0.0 -3.0 0.0 -1.0 -3.0 0.0 -4.0 -3.0 -1.0 0.0 -3.0 -2.0 -4.0 0.0 
-1.0 -2.0 129.0 0.0 -2.0 -2.0 -4.0 -4.0 -2.0 -3.0 -2.0 -1.0 -1.0 -2.0 -3.0 -2.0 -2.0 -4.0 -4.0 -1.0 -2.0 -3.0 0.0 -2.0 -3.0 -3.0 -1.0 -2.0 0.0 -2.0 0.0 -1.0 -3.0 -3.0 -3.0 0.0 -2.0 -3.0 -1.0 -2.0 -2.0 0.0 -3.0 0.0 -2.0 0.0 -2.0 -2.0 -4.0 -1.0 -2.0 -4.0 -3.0 -4.0 -4.0 -1.0 0.0 -2.0 -4.0 -3.0 0.0 0.0 -1.0 -3.0 -4.0 
-3.0 -3.0 -1.0 106.0 -3.0 0.0 -3.0 -3.0 -3.0 -2.0 -1.0 -1.0 -3.0 -1.0 -3.0 -2.0 -2.0 0.0 -1.0 -2.0 -1.0 -3.0 -2.0 -4.0 0.0 -1.0 -1.0 0.0 -1.0 0.0 -4.0 0.0 -4.0 -1.0 -1.0 0.0 -1.0 -1.0 -2.0 -1.0 0.0 -1.0 -1.0 0.0 -3.0 -1.0 -1.0 -2.0 0.0 -3.0 -3.0 -3.0 -1.0 -2.0 -3.0 -4.0 -1.0 -1.0 -2.0 -2.0 0.0 -2.0 -1.0 -4.0 0.0 
-3.0 -1.0 0.0 -3.0 116.0 0.0 -2.0 -1.0 -3.0 -3.0 0.0 -3.0 -2.0 -3.0 -2.0 -3.0 -2.0 -2.0 0.0 -1.0 -4.0 -2.0 -2.0 -4.0 -2.0 -4.0 -1.0 0.0 -1.0 -3.0 0.0 0.0 -3.0 0.0 -4.0 -3.0 -1.0 0.0 -2.0 0.0 -2.0 0.0 -2.0 -3.0 -1.0 -2.0 -2.0 -4.0 -2.0 -3.0 0.0 -1.0 -3.0 -3.0 -3.0 -3.0 -3.0 -4.0 0.0 0.0 0.0 0.0 -2.0 -3.0 0.0 
-4.0 -4.0 0.0 -3.0 -3.0 121.0 -4.0 -2.0 -3.0 -1.0 -2.0 0.0 0.0 -1.0 -3.0 -4.0 -3.0 0.0 -3.0 -1.0 -1.0 -3.0 -3.0 0.0 -1.0 0.0 -4.0 -1.0 -2.0 -1.0 -1.0 0.0 -4.0 -1.0 0.0 -3.0 -1.0 -3.0 -3.0 -3.0 -1.0 -3.0 -3.0 -1.0 -4.0 -4.0 -3.0 -3.0 0.0 -1.0 -1.0 -1.0 -2.0 0.0 -3.0 -2.0 -1.0 -1.0 -3.0 0.0 -2.0 0.0 -3.0 -3.0 0.0 
-1.0 0.0 -1.0 -2.0 -4.0 0.0 111.0 -1.0 -1.0 -1.0 -2.0 0.0 0.0 -2.0 0.0 0.0 -2.0 -3.0 -2.0 0.0 -2.0 0.0 -4.0 -2.0 -2.0 -2.0 -1.0 -2.0 -4.0 -4.0 0.0 -1.0 -2.0 -3.0 -1.0 -1.0 -4.0 -4.0 -3.0 0.0 -4.0 -1.0 -1.0 -3.0 0.0 -1.0 -4.0 0.0 -3.0 -2.0 -4.0 -1.0 -2.0 -4.0 -3.0 0.0 -3.0 -2.0 0.0 -4.0 -3.0 0.0 0.0 -2.0 0.0 
-3.0 0.0 -1.0 -2.0 -2.0 -1.0 -4.0 132.0 -1.0 -3.0 0.0 -3.0 -3.0 -4.0 0.0 -1.0 -3.0 -3.0 0.0 -1.0 -1.0 -1.0 -3.0 -2.0 0.0 -1.0 -3.0 -4.0 0.0 -3.0 -1.0 -4.0 0.0 -2.0 -3.0 -4.0 -1.0 -3.0 -3.0 -3.0 -3.0 -3.0 -4.0 0.0 -4.0 -2.0 0.0 -4.0 -2.0 -1.0 -3.0 0.0 -2.0 -1.0 -2.0 -2.0 -4.0 -1.0 -2.0 -4.0 -2.0 0.0 -1.0 -4.0 -4.0 
-2.0 -3.0 -2.0 -4.0 0.0 -2.0 -2.0 -2.0 119.0 -2.0 -4.0 -4.0 -3.0 -2.0 -1.0 0.0 -3.0 -4.0 -1.0 0.0 0.0 -3.0 -3.0 0.0 -3.0 -2.0 -4.0 -1.0 0.0 -2.0 0.0 0.0 -1.0 -2.0 -3.0 -1.0 -4.0 -2.0 -4.0 -4.0 0.0 -1.0 0.0 0.0 -1.0 -1.0 -1.0 -3.0 -1.0 -3.0 -1.0 -3.0 -4.0 0.0 0.0 -2.0 0.0 -1.0 -4.0 -4.0 -4.0 0.0 0.0 -3.0 -2.0 
0.0 0.0 -3.0 -3.0 -4.0 -1.0 -4.0 -3.0 -2.0 131.0 -4.0 -2.0 -3.0 0.0 0.0 0.0 -2.0 -1.0 -1.0 -3.0 -3.0 -4.0 -1.0 -3.0 -3.0 -3.0 -4.0 -1.0 -1.0 0.0 -3.0 -1.0 -2.0 -1.0 -3.0 -1.0 0.0 -4.0 -4.0 -4.0 -2.0 0.0 -3.0 -2.0 0.0 -4.0 0.0 -1.0 -1.0 -3.0 -2.0 0.0 -1.0 -3.0 -4.0 -2.0 -3.0 -1.0 -1.0 -1.0 -4.0 -3.0 -4.0 -1.0 -3.0 
-2.0 -2.0 -4.0 -4.0 -4.0 -3.0 -1.0 -4.0 0.0 -2.0 118.0 0.0 0.0 -3.0 -2.0 -1.0 -3.0 0.0 -4.0 -4.0 -1.0 -2.0 0.0 -1.0 -3.0 -1.0 -2.0 -1.0 -3.0 -3.0 -1.0 0.0 0.0 -4.0 -1.0 0.0 -3.0 -3.0 -4.0 0.0 0.0 -2.0 -1.0 -4.0 0.0 -4.0 -4.0 -2.0 -2.0 -2.0 -3.0 -1.0 0.0 0.0 -1.0 -2.0 0.0 -2.0 -1.0 0.0 -1.0 0.0 -4.0 -4.0 -2.0 
-3.0 -1.0 0.0 -4.0 -2.0 -4.0 -1.0 -3.0 0.0 -4.0 -1.0 118.0 -3.0 0.0 0.0 -3.0 -4.0 -4.0 -2.0 -4.0 -3.0 -2.0 -1.0 -3.0 -1.0 0.0 -1.0 -1.0 0.0 -2.0 -1.0 -4.0 0.0 0.0 -2.0 0.0 -3.0 -2.0 -3.0 0.0 -3.0 -2.0 -1.0 0.0 -4.0 -1.0 0.0 -1.0 0.0 0.0 -2.0 -4.0 -1.0 0.0 -2.0 -1.0 -4.0 -1.0 -1.0 -3.0 -2.0 -4.0 -4.0 -1.0 -4.0 
-2.0 -4.0 -2.0 -4.0 0.0 0.0 0.0 -4.0 -4.0 -3.0 -1.0 -2.0 137.0 -1.0 -3.0 -2.0 -4.0 0.0 0.0 -2.0 -4.0 -4.0 -2.0 -2.0 -1.0 -4.0 -3.0 -1.0 -2.0 -4.0 0.0 -3.0 -3.0 -1.0 0.0 -3.0 -3.0 -4.0 0.0 -1.0 -3.0 0.0 -3.0 -1.0 -3.0 -1.0 -4.0 -4.0 -1.0 0.0 -4.0 -3.0 -3.0 -1.0 -4.0 -4.0 0.0 -2.0 -4.0 0.0 -1.0 -3.0 -2.0 -1.0 -2.0 
-2.0 -4.0 -1.0 -4.0 -1.0 0.0 0.0 0.0 0.0 -1.0 -3.0 -3.0 -3.0 114.0 0.0 -3.0 0.0 -4.0 -3.0 0.0 0.0 -1.0 -2.0 0.0 -1.0 -1.0 0.0 -4.0 -3.0 0.0 0.0 -4.0 -4.0 -2.0 0.0 -3.0 -1.0 -3.0 -3.0 0.0 0.0 -1.0 -2.0 -4.0 -2.0 -1.0 -1.0 -4.0 -4.0 -4.0 0.0 -1.0 -1.0 -3.0 -3.0 -4.0 0.0 -1.0 0.0 -2.0 -2.0 -2.0 -3.0 -2.0 -3.0 
-2.0 -2.0 0.0 -3.0 -3.0 -2.0 -3.0 -2.0 0.0 0.0 -2.0 -2.0 -1.0 -4.0 130.0 -3.0 -2.0 0.0 0.0 0.0 -4.0 0.0 -2.0 -3.0 -2.0 0.0 -1.0 -3.0 0.0 0.0 0.0 -3.0 -4.0 -3.0 -4.0 -4.0 -3.0 0.0 -3.0 -3.0 -1.0 -2.0 -4.0 0.0 -3.0 -1.0 -4.0 -3.0 -3.0 -2.0 -1.0 -1.0 -2.0 -3.0 0.0 -4.0 -3.0 -3.0 -1.0 -3.0 -1.0 -4.0 -4.0 -2.0 -2.0 
-4.0 -1.0 -2.0 -1.0 -4.0 0.0 -1.0 -4.0 -3.0 -2.0 -2.0 -1.0 -4.0 -2.0 0.0 122.0 -3.0 0.0 -2.0 -1.0 0.0 -2.0 -4.0 -2.0 -3.0 -3.0 -1.0 0.0 0.0 -2.0 -2.0 -4.0 -1.0 -2.0 -2.0 -2.0 0.0 -3.0 0.0 -1.0 -3.0 0.0 -3.0 0.0 0.0 -1.0 -4.0 0.0 -3.0 -1.0 -2.0 -4.0 -1.0 -4.0 -4.0 -1.0 -3.0 -2.0 -1.0 0.0 -4.0 -2.0 -2.0 -2.0 -4.0 
0.0 -3.0 -1.0 0.0 0.0 -2.0 -2.0 -2.0 0.0 -3.0 -2.0 -2.0 -4.0 -1.0 -2.0 -3.0 119.0 0.0 -4.0 -1.0 0.0 -3.0 -3.0 -1.0 -4.0 0.0 -3.0 -3.0 -3.0 0.0 -3.0 -2.0 0.0 -1.0 -2.0 -2.0 0.0 0.0 -3.0 -2.0 -4.0 0.0 -2.0 -2.0 -4.0 -3.0 -2.0 -3.0 -4.0 -1.0 -4.0 -2.0 -1.0 0.0 0.0 -1.0 -4.0 -3.0 0.0 -2.0 -3.0 0.0 -2.0 -4.0 -1.0 
0.0 -2.0 -2.0 -1.0 -4.0 -2.0 -4.0 -2.0 -2.0 -3.0 -2.0 -4.0 -3.0 -1.0 -3.0 -1.0 0.0 126.0 -3.0 -4.0 -1.0 -3.0 0.0 -4.0 -3.0 0.0 -4.0 -1.0 0.0 -2.0 -2.0 0.0 -2.0 -3.0 -2.0 -2.0 -4.0 -4.0 -2.0 -2.0 0.0 -3.0 0.0 0.0 -4.0 0.0 -2.0 -3.0 0.0 -1.0 0.0 -4.0 -3.0 0.0 0.0 -3.0 0.0 -2.0 -3.0 -3.0 -2.0 -4.0 -1.0 0.0 -4.0 
-1.0 -4.0 -3.0 0.0 -1.0 -3.0 -1.0 -2.0 -3.0 -1.0 -3.0 0.0 0.0 -4.0 -1.0 -1.0 0.0 0.0 114.0 0.0 -2.0 0.0 -1.0 -3.0 0.0 -1.0 -3.0 -4.0 -4.0 -1.0 -4.0 0.0 0.0 0.0 -4.0 -2.0 -2.0 -1.0 -1.0 -3.0 -1.0 0.0 -4.0 -2.0 -1.0 -1.0 -3.0 0.0 0.0 -4.0 0.0 -2.0 -4.0 -2.0 -2.0 -4.0 0.0 -4.0 -2.0 -1.0 -1.0 -3.0 -3.0 -4.0 -2.0 
-2.0 -1.0 -1.0 -4.0 -3.0 -2.0 -2.0 -1.0 -2.0 -1.0 -4.0 -3.0 -4.0 -4.0 -1.0 0.0 -1.0 -2.0 0.0 137.0 -2.0 -3.0 -1.0 -4.0 0.0 -4.0 -1.0 0.0 -2.0 -4.0 -3.0 -2.0 -4.0 -2.0 0.0 -3.0 0.0 -4.0 -3.0 -4.0 -2.0 0.0 -2.0 -4.0 -3.0 -3.0 -4.0 -1.0 0.0 -2.0 0.0 -4.0 -1.0 -3.0 -2.0 -4.0 -1.0 -1.0 -4.0 -2.0 -4.0 -3.0 0.0 -1.0 -2.0 
-2.0 -3.0 -2.0 -2.0 -3.0 0.0 -1.0 -3.0 -2.0 -3.0 -4.0 -2.0 -4.0 0.0 -4.0 -2.0 -4.0 -4.0 -2.0 0.0 127.0 -2.0 -1.0 -3.0 -1.0 -1.0 -4.0 -4.0 -1.0 -1.0 -1.0 -1.0 -4.0 -1.0 0.0 -1.0 -1.0 0.0 0.0 -3.0 -1.0 0.0 -3.0 -4.0 0.0 -4.0 -4.0 0.0 -2.0 -2.0 -3.0 -2.0 -2.0 -1.0 -1.0 -2.0 -2.0 -4.0 -1.0 -1.0 -1.0 -2.0 -1.0 -4.0 -3.0 
-2.0 -1.0 -3.0 -3.0 -4.0 -3.0 -3.0 -4.0 0.0 -4.0 -3.0 0.0 -1.0 -2.0 0.0 -1.0 -4.0 0.0 -2.0 0.0 0.0 132.0 -2.0 0.0 -1.0 0.0 -1.0 0.0 -3.0 -1.0 -3.0 -4.0 -3.0 -3.0 -2.0 -1.0 -3.0 -3.0 -2.0 0.0 -2.0 -3.0 -4.0 -3.0 -3.0 -3.0 -4.0 -2.0 -4.0 -1.0 0.0 -4.0 -3.0 -3.0 -1.0 -3.0 0.0 -1.0 -4.0 -4.0 -2.0 -2.0 0.0 -4.0 0.0 
-1.0 -2.0 -3.0 -3.0 -4.0 -4.0 -4.0 -4.0 -4.0 -4.0 -1.0 -2.0 -4.0 -2.0 -3.0 -4.0 -3.0 0.0 -3.0 -4.0 -2.0 -1.0 155.0 -4.0 0.0 -4.0 -4.0 -3.0 -3.0 -2.0 -4.0 -2.0 0.0 -3.0 -1.0 -2.0 -2.0 -3.0 -4.0 -2.0 0.0 -3.0 -2.0 -3.0 -3.0 -1.0 -2.0 0.0 -4.0 -4.0 -1.0 -2.0 -1.0 -2.0 -2.0 -3.0 -2.0 0.0 -2.0 -3.0 -1.0 -4.0 0.0 -1.0 -4.0 
-2.0 0.0 -3.0 -3.0 -1.0 -4.0 -2.0 -2.0 0.0 0.0 -2.0 -2.0 -4.0 -1.0 -1.0 -2.0 -4.0 -2.0 -4.0 0.0 -1.0 -3.0 -1.0 131.0 0.0 -4.0 -3.0 0.0 -2.0 0.0 -4.0 -4.0 -3.0 -3.0 -4.0 -1.0 -3.0 0.0 -1.0 -3.0 -3.0 -3.0 -4.0 -4.0 -1.0 0.0 -4.0 -2.0 -1.0 -4.0 0.0 0.0 -2.0 -2.0 -3.0 0.0 0.0 -2.0 -3.0 -3.0 -3.0 -4.0 -2.0 -1.0 -1.0 
-3.0 -2.0 -2.0 -2.0 0.0 -3.0 0.0 -4.0 -2.0 -4.0 0.0 -1.0 -3.0 -3.0 0.0 -3.0 -3.0 -1.0 0.0 0.0 -3.0 -1.0 -3.0 -4.0 119.0 -1.0 -1.0 -2.0 -4.0 -1.0 -4.0 0.0 -4.0 -2.0 -1.0 -4.0 0.0 -3.0 0.0 -4.0 -1.0 -4.0 -3.0 0.0 -4.0 -4.0 -1.0 0.0 -4.0 0.0 0.0 -1.0 -3.0 -1.0 -1.0 0.0 -4.0 -3.0 -1.0 -1.0 0.0 -3.0 -1.0 -1.0 0.0 
-4.0 -3.0 -2.0 -2.0 -4.0 -4.0 -3.0 -3.0 0.0 -1.0 0.0 -4.0 -1.0 -3.0 0.0 -3.0 -1.0 -1.0 -4.0 -4.0 -2.0 -2.0 -2.0 -3.0 -2.0 136.0 -2.0 -2.0 -2.0 0.0 -2.0 -4.0 -3.0 -3.0 0.0 -1.0 0.0 0.0 -1.0 0.0 -3.0 -3.0 -4.0 -2.0 -1.0 -3.0 -2.0 -2.0 -4.0 0.0 -4.0 -2.0 -4.0 -4.0 -2.0 -2.0 -1.0 -2.0 -2.0 0.0 0.0 -1.0 -2.0 -4.0 -4.0 
0.0 -2.0 -4.0 -2.0 -3.0 0.0 -1.0 -2.0 -2.0 -4.0 -3.0 -1.0 -2.0 -2.0 -2.0 -1.0 -1.0 -1.0 -1.0 -3.0 0.0 -2.0 0.0 0.0 -3.0 0.0 128.0 -3.0 -1.0 0.0 -3.0 -4.0 0.0 -4.0 -3.0 -3.0 -4.0 0.0 -1.0 -1.0 -3.0 -1.0 -3.0 -3.0 -2.0 -4.0 -1.0 -2.0 -2.0 0.0 -2.0 -4.0 -4.0 -1.0 -4.0 -2.0 -4.0 -1.0 -4.0 -4.0 -2.0 -1.0 -1.0 -1.0 -3.0 
-1.0 -3.0 -3.0 -2.0 -3.0 0.0 -3.0 -1.0 -2.0 0.0 -1.0 -4.0 -1.0 -3.0 -4.0 -3.0 -1.0 0.0 -2.0 -2.0 0.0 -3.0 -3.0 -1.0 -3.0 0.0 -1.0 114.0 0.0 0.0 0.0 -1.0 -1.0 -2.0 -1.0 -2.0 -2.0 -4.0 0.0 0.0 -2.0 -2.0 -4.0 -1.0 -2.0 -2.0 0.0 -3.0 -3.0 -3.0 -4.0 -4.0 -4.0 0.0 -1.0 -2.0 -4.0 -3.0 0.0 0.0 0.0 -4.0 0.0 0.0 -3.0 
-3.0 -4.0 -1.0 -4.0 -2.0 -1.0 0.0 -2.0 -2.0 -2.0 -2.0 0.0 -2.0 0.0 0.0 -3.0 0.0 -4.0 -2.0 0.0 -4.0 -2.0 -1.0 -4.0 -1.0 -2.0 -3.0 -1.0 134.0 0.0 -2.0 -4.0 -4.0 -3.0 -4.0 -1.0 -3.0 -2.0 -1.0 -1.0 -4.0 -3.0 -4.0 -2.0 -4.0 -4.0 -3.0 -2.0 -3.0 0.0 -3.0 0.0 0.0 -2.0 0.0 -4.0 -1.0 -1.0 -3.0 -2.0 -1.0 -2.0 -3.0 -2.0 -4.0 
0.0 -3.0 -2.0 -2.0 -3.0 0.0 -4.0 -1.0 -3.0 -1.0 -2.0 -2.0 -2.0 -2.0 -1.0 0.0 0.0 -4.0 -3.0 -3.0 -2.0 -3.0 -1.0 -3.0 -2.0 -4.0 -1.0 -2.0 0.0 125.0 -4.0 -2.0 0.0 -2.0 -4.0 0.0 -2.0 -4.0 0.0 -4.0 -1.0 0.0 0.0 0.0 -1.0 -2.0 0.0 -4.0 -2.0 -3.0 -2.0 -4.0 -3.0 -1.0 -3.0 -2.0 -2.0 0.0 0.0 -3.0 -1.0 -4.0 -3.0 -3.0 -3.0 
0.0 -2.0 -1.0 -1.0 0.0 -2.0 -2.0 -4.0 -3.0 -3.0 -4.0 -4.0 -1.0 -3.0 -1.0 0.0 -3.0 -2.0 -4.0 -1.0 0.0 -4.0 -4.0 -1.0 -3.0 -1.0 -1.0 -2.0 0.0 -3.0 134.0 0.0 -4.0 -4.0 -3.0 -2.0 -4.0 -1.0 -4.0 -4.0 -3.0 0.0 -2.0 -3.0 -1.0 -4.0 -1.0 -2.0 0.0 0.0 -1.0 -4.0 -2.0 -3.0 -4.0 -3.0 0.0 -3.0 -1.0 -4.0 -1.0 -2.0 -4.0 0.0 0.0 
-4.0 -1.0 -3.0 -4.0 -4.0 -3.0 -1.0 -3.0 0.0 -1.0 0.0 0.0 -3.0 -2.0 -2.0 -2.0 -3.0 0.0 -3.0 -1.0 -1.0 0.0 -4.0 -3.0 -2.0 0.0 -4.0 -3.0 -3.0 0.0 -1.0 120.0 -1.0 -2.0 0.0 0.0 -2.0 -2.0 -2.0 0.0 -3.0 -1.0 0.0 -3.0 -4.0 -4.0 -2.0 -4.0 0.0 -3.0 0.0 -1.0 -3.0 0.0 -3.0 -1.0 -3.0 0.0 -2.0 -3.0 -1.0 -3.0 -4.0 -1.0 -1.0 
-1.0 -1.0 -1.0 -3.0 -4.0 -3.0 -4.0 -3.0 0.0 -4.0 -2.0 -4.0 0.0 0.0 0.0 -3.0 0.0 -3.0 0.0 -3.0 -3.0 0.0 -3.0 -1.0 -4.0 -3.0 0.0 0.0 -2.0 -4.0 0.0 -1.0 121.0 -3.0 -2.0 -4.0 0.0 -2.0 -1.0 -1.0 -4.0 -1.0 -1.0 0.0 -1.0 -3.0 -2.0 -2.0 -3.0 -2.0 -1.0 -1.0 0.0 -1.0 -1.0 -2.0 -3.0 -4.0 -4.0 -3.0 -1.0 -3.0 -2.0 -3.0 0.0 
-1.0 -3.0 -2.0 -4.0 -4.0 -4.0 -1.0 -1.0 -3.0 -1.0 -1.0 -4.0 -2.0 -4.0 -2.0 -3.0 0.0 -1.0 -4.0 -2.0 -3.0 0.0 -4.0 -4.0 -1.0 -4.0 -1.0 -1.0 -2.0 -3.0 0.0 -3.0 0.0 121.0 0.0 0.0 -3.0 -2.0 -1.0 0.0 -2.0 -3.0 0.0 0.0 -4.0 -2.0 0.0 -1.0 -1.0 0.0 -3.0 -3.0 -1.0 -1.0 -4.0 -4.0 -3.0 0.0 -1.0 0.0 -2.0 -3.0 -2.0 0.0 -2.0 
-3.0 -3.0 -2.0 -3.0 -1.0 0.0 0.0 -2.0 -4.0 -3.0 -3.0 -4.0 -4.0 -4.0 0.0 -1.0 -1.0 -1.0 -1.0 -3.0 -4.0 -2.0 -1.0 0.0 -1.0 -3.0 -3.0 -3.0 -1.0 0.0 -1.0 -1.0 -2.0 -4.0 132.0 -3.0 -4.0 -2.0 -2.0 -4.0 -3.0 -2.0 0.0 -1.0 -4.0 -4.0 -2.0 -1.0 -3.0 -4.0 -3.0 -1.0 0.0 0.0 -2.0 -4.0 -1.0 -2.0 -1.0 -3.0 -2.0 -3.0 0.0 0.0 -2.0 
0.0 -4.0 -4.0 0.0 -3.0 -1.0 -1.0 -1.0 0.0 0.0 0.0 0.0 -1.0 -4.0 0.0 -4.0 -2.0 0.0 -2.0 0.0 -1.0 -2.0 0.0 -4.0 -1.0 -1.0 0.0 0.0 0.0 -3.0 -3.0 -4.0 -2.0 -3.0 -2.0 118.0 0.0 -2.0 -3.0 0.0 -3.0 -3.0 -4.0 -2.0 -1.0 -3.0 -2.0 -3.0 -1.0 -4.0 -1.0 -1.0 0.0 -1.0 -3.0 -3.0 -2.0 -1.0 -2.0 -2.0 -4.0 -4.0 -3.0 -3.0 -4.0 
0.0 -2.0 -4.0 0.0 -2.0 -1.0 -1.0 -2.0 0.0 -3.0 -2.0 -3.0 0.0 -3.0 -2.0 -3.0 0.0 -1.0 -1.0 -3.0 -3.0 0.0 0.0 -3.0 -3.0 -2.0 0.0 -2.0 0.0 -4.0 -3.0 -2.0 -1.0 -4.0 -2.0 -3.0 123.0 -3.0 -2.0 -2.0 -4.0 -2.0 -2.0 -3.0 -1.0 -2.0 -2.0 -4.0 -3.0 -1.0 -2.0 -1.0 -1.0 -3.0 -1.0 -2.0 -3.0 -1.0 0.0 -3.0 -2.0 -4.0 -1.0 -2.0 -1.0 
-2.0 0.0 -4.0 -2.0 -1.0 -1.0 -2.0 -4.0 0.0 0.0 -3.0 -4.0 -3.0 -3.0 0.0 -2.0 -4.0 0.0 -1.0 0.0 -3.0 -2.0 -3.0 0.0 0.0 -3.0 0.0 0.0 0.0 0.0 -4.0 -2.0 -3.0 -1.0 -2.0 -3.0 -4.0 109.0 0.0 -1.0 -4.0 -3.0 -3.0 0.0 -1.0 -2.0 -3.0 0.0 -3.0 -1.0 0.0 -1.0 0.0 -1.0 -1.0 -2.0 -4.0 -1.0 0.0 -4.0 -2.0 -1.0 0.0 -4.0 -1.0 
-3.0 -3.0 -2.0 0.0 -2.0 -3.0 -4.0 0.0 -3.0 -3.0 -1.0 0.0 -3.0 -4.0 -4.0 -1.0 -3.0 -1.0 -4.0 -4.0 -1.0 -1.0 -3.0 0.0 -2.0 -3.0 0.0 -3.0 -4.0 -2.0 -2.0 -2.0 -1.0 -2.0 -4.0 -3.0 0.0 -2.0 135.0 0.0 0.0 -3.0 -3.0 -2.0 -3.0 -1.0 -4.0 -4.0 -3.0 -2.0 -2.0 -1.0 0.0 -3.0 -3.0 -4.0 0.0 -2.0 -2.0 0.0 -1.0 -2.0 -2.0 -2.0 -3.0 
-2.0 -2.0 -1.0 -1.0 -3.0 0.0 -2.0 -3.0 0.0 -3.0 -3.0 -2.0 -1.0 -3.0 -1.0 -1.0 -2.0 0.0 0.0 -2.0 -1.0 -4.0 -2.0 -1.0 -3.0 0.0 -2.0 -2.0 -2.0 0.0 -3.0 0.0 0.0 -1.0 -4.0 -1.0 -1.0 -2.0 -2.0 120.0 -2.0 -4.0 -4.0 -3.0 -4.0 -1.0 -4.0 0.0 -1.0 0.0 -1.0 0.0 -4.0 0.0 -4.0 -4.0 -4.0 0.0 -2.0 -3.0 -3.0 -2.0 -3.0 -3.0 -1.0 
-4.0 -1.0 -3.0 -4.0 -3.0 -3.0 -4.0 -3.0 -3.0 -1.0 0.0 0.0 -3.0 -2.0 0.0 -2.0 -4.0 -4.0 -4.0 -4.0 -3.0 0.0 -4.0 -3.0 -1.0 0.0 -4.0 -1.0 -3.0 -4.0 -3.0 -2.0 -1.0 -4.0 -3.0 -4.0 -4.0 -3.0 -1.0 -2.0 143.0 -3.0 -3.0 0.0 -3.0 -2.0 -4.0 -2.0 0.0 -1.0 0.0 0.0 -1.0 -1.0 -2.0 0.0 -2.0 -3.0 -4.0 -2.0 0.0 -1.0 0.0 -4.0 -3.0 
0.0 0.0 -2.0 -3.0 0.0 -3.0 -3.0 -1.0 -4.0 0.0 0.0 0.0 -2.0 -4.0 0.0 0.0 0.0 -3.0 -2.0 -3.0 -3.0 -1.0 0.0 -2.0 -3.0 -3.0 0.0 0.0 0.0 -4.0 -2.0 -4.0 -2.0 -2.0 -2.0 0.0 -1.0 -1.0 0.0 -2.0 -4.0 111.0 -2.0 -3.0 0.0 0.0 -3.0 0.0 -3.0 -3.0 -3.0 -2.0 -2.0 -3.0 0.0 -3.0 -2.0 -1.0 -4.0 -3.0 -3.0 0.0 0.0 -3.0 -2.0 
-2.0 -3.0 -3.0 -4.0 -3.0 -2.0 -1.0 -4.0 -4.0 -2.0 -4.0 0.0 -3.0 -3.0 -4.0 -4.0 -3.0 0.0 -2.0 -1.0 -2.0 -2.0 -4.0 -1.0 -3.0 -1.0 -4.0 -3.0 -2.0 -2.0 0.0 -4.0 -3.0 0.0 -1.0 0.0 -3.0 0.0 -2.0 -3.0 -4.0 -4.0 139.0 -1.0 -1.0 -4.0 0.0 0.0 0.0 -3.0 0.0 -4.0 -3.0 -1.0 -2.0 0.0 -1.0 -3.0 -2.0 -1.0 -2.0 -3.0 -2.0 -4.0 -2.0 
-3.0 -1.0 0.0 -1.0 -3.0 -2.0 -3.0 -3.0 -1.0 -3.0 -3.0 -3.0 -3.0 -4.0 -3.0 -1.0 0.0 -4.0 -3.0 -2.0 -2.0 -3.0 -3.0 -2.0 -3.0 -4.0 -4.0 -2.0 0.0 -4.0 -3.0 -1.0 -4.0 -3.0 -4.0 -4.0 -4.0 -3.0 0.0 -3.0 -1.0 -1.0 -4.0 146.0 -1.0 -3.0 -4.0 -3.0 0.0 -1.0 -1.0 -4.0 0.0 0.0 -4.0 -2.0 0.0 -4.0 0.0 -1.0 -1.0 -2.0 -2.0 -3.0 -2.0 
-4.0 -1.0 -2.0 -1.0 -2.0 -2.0 -2.0 -3.0 0.0 -4.0 -1.0 -2.0 0.0 -3.0 -4.0 -2.0 -4.0 0.0 -3.0 -2.0 -2.0 -4.0 -2.0 -3.0 -2.0 -1.0 -4.0 -3.0 -2.0 -1.0 -1.0 -1.0 -3.0 -1.0 -4.0 0.0 0.0 -3.0 -3.0 -3.0 0.0 -2.0 -4.0 0.0 141.0 -3.0 -4.0 0.0 -1.0 0.0 -4.0 -1.0 -3.0 -2.0 -4.0 -2.0 -2.0 -3.0 -2.0 -4.0 -4.0 -4.0 -1.0 -2.0 -4.0 
-4.0 -4.0 -3.0 -2.0 -3.0 -2.0 -4.0 -4.0 -1.0 -4.0 0.0 -3.0 -1.0 -1.0 0.0 -2.0 0.0 -3.0 -3.0 -2.0 -1.0 -3.0 0.0 0.0 -3.0 0.0 -2.0 0.0 0.0 -4.0 -1.0 -3.0 -2.0 -3.0 0.0 -4.0 0.0 -4.0 -4.0 -3.0 0.0 -2.0 -1.0 -4.0 -4.0 130.0 -3.0 0.0 -4.0 -1.0 -2.0 -2.0 -1.0 -4.0 -2.0 -2.0 -2.0 -2.0 0.0 -1.0 -2.0 0.0 -3.0 -1.0 -4.0 
-4.0 -2.0 -1.0 -3.0 -4.0 -2.0 -3.0 -1.0 -3.0 -4.0 -3.0 -1.0 -1.0 -1.0 -1.0 -3.0 -2.0 -3.0 0.0 -2.0 0.0 -3.0 -2.0 -2.0 -1.0 -3.0 -1.0 -1.0 0.0 -1.0 -2.0 -1.0 0.0 -1.0 -2.0 -2.0 -3.0 0.0 0.0 -1.0 -4.0 -2.0 -1.0 -4.0 -3.0 -3.0 137.0 -2.0 -4.0 -4.0 -1.0 -4.0 -2.0 -2.0 -2.0 -4.0 -4.0 -4.0 0.0 -4.0 -1.0 -4.0 -3.0 -4.0 -1.0 
0.0 -1.0 -4.0 -3.0 -1.0 -2.0 -4.0 -3.0 -4.0 0.0 -1.0 0.0 -3.0 0.0 -4.0 0.0 -2.0 -1.0 -3.0 -3.0 -3.0 0.0 -4.0 -2.0 -3.0 -4.0 -2.0 -1.0 -3.0 -1.0 -4.0 -3.0 0.0 -1.0 0.0 0.0 -2.0 -1.0 -1.0 0.0 -1.0 0.0 -1.0 -4.0 -3.0 -4.0 -1.0 126.0 -4.0 -3.0 0.0 -1.0 -3.0 0.0 -2.0 -1.0 -2.0 -3.0 -4.0 0.0 -4.0 -4.0 -3.0 -2.0 -2.0 
-4.0 -1.0 -2.0 -4.0 -2.0 -4.0 -3.0 -4.0 -3.0 -4.0 -3.0 -4.0 -4.0 -4.0 -1.0 -3.0 -2.0 -2.0 -4.0 -2.0 -3.0 -3.0 0.0 -1.0 -4.0 -1.0 -3.0 -4.0 0.0 -3.0 -3.0 -1.0 -1.0 -4.0 -4.0 -3.0 -3.0 0.0 -1.0 -2.0 -2.0 0.0 -4.0 0.0 -1.0 -2.0 -4.0 0.0 143.0 0.0 -2.0 0.0 -1.0 -2.0 -3.0 -4.0 -2.0 -1.0 -1.0 -1.0 -3.0 -2.0 -1.0 -1.0 -2.0 
-3.0 -1.0 -4.0 0.0 -1.0 -3.0 -1.0 -4.0 -2.0 -4.0 -2.0 0.0 -1.0 -4.0 -3.0 -2.0 -4.0 -3.0 -1.0 -3.0 -1.0 0.0 -1.0 -4.0 -2.0 -1.0 -2.0 -4.0 -4.0 -1.0 0.0 -2.0 -1.0 -2.0 -3.0 -2.0 -3.0 -2.0 -2.0 -4.0 -1.0 0.0 -3.0 0.0 0.0 -1.0 -1.0 0.0 -1.0 132.0 -1.0 -4.0 -3.0 -3.0 -3.0 -1.0 -4.0 -1.0 -4.0 -4.0 0.0 -3.0 -3.0 -2.0 -2.0 
-4.0 -1.0 -4.0 -2.0 -3.0 -3.0 0.0 -4.0 -2.0 -1.0 0.0 -2.0 -1.0 -2.0 -3.0 -3.0 -2.0 -2.0 -2.0 -2.0 -1.0 -1.0 -4.0 -1.0 -2.0 0.0 -2.0 -3.0 -2.0 -1.0 -2.0 -1.0 0.0 -2.0 -2.0 -2.0 -4.0 0.0 0.0 -2.0 -4.0 0.0 0.0 -1.0 -4.0 -1.0 -1.0 -3.0 -3.0 0.0 121.0 -3.0 0.0 -4.0 -4.0 0.0 0.0 -3.0 -4.0 -2.0 -4.0 -2.0 0.0 -2.0 -1.0 
-3.0 -2.0 -3.0 -4.0 -3.0 -4.0 -4.0 -4.0 -3.0 -1.0 -2.0 -3.0 0.0 -2.0 -4.0 -4.0 -4.0 -4.0 -4.0 -2.0 -4.0 -3.0 0.0 -2.0 -2.0 0.0 -3.0 -1.0 -2.0 -2.0 -4.0 -4.0 -1.0 -1.0 -1.0 -4.0 0.0 -1.0 -1.0 0.0 0.0 0.0 0.0 -4.0 -3.0 -3.0 -3.0 -3.0 -4.0 -2.0 -3.0 140.0 -2.0 -3.0 0.0 -3.0 -2.0 0.0 -1.0 0.0 -1.0 -2.0 -2.0 -1.0 -2.0 
0.0 -4.0 0.0 -3.0 0.0 -3.0 0.0 0.0 -2.0 0.0 -3.0 -1.0 -4.0 -1.0 0.0 -2.0 -3.0 -1.0 0.0 -1.0 -2.0 -1.0 -4.0 -3.0 -2.0 -3.0 -3.0 -4.0 -2.0 -1.0 -2.0 -4.0 -1.0 -2.0 -2.0 -3.0 -2.0 -2.0 -3.0 -1.0 -3.0 0.0 0.0 -2.0 0.0 -1.0 -1.0 -3.0 -4.0 -4.0 -2.0 0.0 117.0 0.0 -2.0 -3.0 -1.0 -3.0 0.0 -4.0 -3.0 -2.0 -1.0 -3.0 0.0 
-2.0 -1.0 -3.0 0.0 0.0 -4.0 -1.0 -1.0 -1.0 0.0 -3.0 -4.0 -2.0 -2.0 -1.0 -3.0 0.0 -2.0 0.0 -4.0 0.0 -3.0 -4.0 -1.0 0.0 -3.0 -2.0 -3.0 0.0 0.0 -1.0 -4.0 -4.0 0.0 0.0 -3.0 -1.0 -2.0 0.0 -3.0 -2.0 -2.0 0.0 -3.0 -4.0 0.0 -2.0 -3.0 -2.0 -4.0 0.0 -3.0 -1.0 111.0 -3.0 0.0 -3.0 -1.0 -2.0 -1.0 0.0 -3.0 -1.0 -2.0 -1.0 
-4.0 -4.0 -4.0 -1.0 0.0 0.0 -1.0 -2.0 -1.0 0.0 0.0 -3.0 -4.0 -1.0 -3.0 -3.0 -3.0 -2.0 -1.0 -2.0 -2.0 -1.0 0.0 -1.0 -2.0 0.0 -3.0 -1.0 0.0 -1.0 -3.0 -3.0 -4.0 -2.0 -4.0 -3.0 -4.0 0.0 -1.0 -2.0 -1.0 -1.0 -1.0 0.0 -3.0 -4.0 0.0 -4.0 -2.0 -1.0 -4.0 -2.0 -4.0 -2.0 131.0 0.0 -3.0 -3.0 -2.0 -2.0 -3.0 -3.0 -4.0 -3.0 -3.0 
-2.0 -1.0 -3.0 0.0 -1.0 -1.0 0.0 -1.0 -4.0 -3.0 -1.0 -4.0 -2.0 -3.0 -3.0 -4.0 -4.0 -4.0 -4.0 0.0 -3.0 -2.0 -4.0 -4.0 0.0 -2.0 -2.0 -3.0 0.0 0.0 -1.0 -2.0 -1.0 -4.0 -1.0 -3.0 0.0 -2.0 0.0 -3.0 -1.0 -3.0 -2.0 -1.0 -4.0 -3.0 -4.0 0.0 -1.0 0.0 -1.0 -3.0 -4.0 -4.0 -3.0 136.0 -1.0 0.0 -4.0 -2.0 -2.0 -4.0 -2.0 -2.0 -3.0 
-2.0 -4.0 -4.0 -2.0 -4.0 -3.0 -3.0 0.0 0.0 -4.0 -1.0 -2.0 -3.0 -3.0 0.0 -2.0 -2.0 -4.0 -4.0 0.0 -2.0 -1.0 -1.0 0.0 -4.0 0.0 0.0 -2.0 -1.0 -3.0 -4.0 0.0 -3.0 -3.0 -2.0 -2.0 -3.0 -3.0 -2.0 -4.0 -3.0 -2.0 -2.0 -1.0 -4.0 0.0 -1.0 -1.0 -4.0 -3.0 -4.0 -4.0 -4.0 -2.0 -2.0 0.0 141.0 -3.0 -3.0 -1.0 -1.0 -3.0 -2.0 -2.0 -2.0 
-3.0 -1.0 -4.0 -1.0 -4.0 0.0 -2.0 -1.0 -2.0 -3.0 -1.0 -4.0 -3.0 0.0 -4.0 -2.0 -3.0 -2.0 -4.0 -3.0 -2.0 0.0 -4.0 -4.0 0.0 -3.0 -1.0 -3.0 -1.0 0.0 -3.0 -3.0 -3.0 -2.0 -2.0 0.0 -3.0 -2.0 0.0 -1.0 -3.0 -4.0 -4.0 -2.0 -2.0 -1.0 -1.0 0.0 0.0 -2.0 -1.0 -2.0 -4.0 -4.0 -1.0 -3.0 -2.0 127.0 -1.0 0.0 -2.0 -1.0 0.0 0.0 -3.0 
-4.0 -2.0 -1.0 -3.0 -2.0 -4.0 0.0 -1.0 -1.0 -4.0 0.0 -1.0 -2.0 -2.0 -3.0 0.0 -1.0 0.0 -1.0 0.0 -1.0 -4.0 -1.0 -3.0 -1.0 -2.0 0.0 0.0 -1.0 -3.0 0.0 -2.0 -1.0 -3.0 -4.0 -2.0 -1.0 -1.0 -2.0 -2.0 -1.0 -4.0 -2.0 0.0 -4.0 -3.0 -3.0 -3.0 -2.0 -2.0 -1.0 0.0 -4.0 -2.0 0.0 -2.0 0.0 -4.0 115.0 -2.0 -4.0 -1.0 -4.0 -1.0 0.0 
-2.0 -2.0 -1.0 0.0 -1.0 -4.0 -4.0 -3.0 -4.0 -3.0 -2.0 -2.0 -4.0 0.0 0.0 -4.0 -4.0 -4.0 -2.0 -1.0 0.0 0.0 -2.0 -4.0 -4.0 -2.0 -4.0 -3.0 0.0 0.0 -4.0 -4.0 -3.0 0.0 -1.0 -3.0 -4.0 0.0 -4.0 -4.0 -1.0 -3.0 -4.0 -3.0 0.0 -1.0 -4.0 -1.0 -1.0 -2.0 -1.0 -3.0 -2.0 0.0 -1.0 -4.0 0.0 -1.0 -4.0 141.0 -4.0 0.0 -1.0 -4.0 -3.0 
-1.0 0.0 0.0 0.0 0.0 0.0 -3.0 -3.0 -4.0 -3.0 -3.0 -4.0 -3.0 -4.0 -2.0 -2.0 -1.0 -1.0 -3.0 0.0 -4.0 0.0 0.0 -1.0 -2.0 -4.0 -4.0 0.0 -4.0 -3.0 0.0 -4.0 -4.0 -3.0 0.0 -1.0 -3.0 -1.0 -3.0 -1.0 -4.0 0.0 -1.0 0.0 -2.0 0.0 -3.0 -2.0 -2.0 -3.0 -1.0 0.0 -1.0 -3.0 -4.0 -2.0 -1.0 -1.0 0.0 -2.0 119.0 -1.0 -4.0 -3.0 0.0 
-4.0 -4.0 0.0 -4.0 -3.0 0.0 -2.0 -2.0 -1.0 -2.0 -4.0 -1.0 0.0 -3.0 -1.0 -3.0 -2.0 -1.0 -2.0 -2.0 -2.0 -1.0 -3.0 -3.0 -2.0 -3.0 -2.0 -4.0 -3.0 -1.0 -3.0 0.0 -2.0 -2.0 -4.0 -4.0 0.0 -4.0 -4.0 -3.0 -4.0 -4.0 -4.0 0.0 0.0 -4.0 -3.0 -2.0 0.0 -2.0 -4.0 -1.0 -3.0 -2.0 -3.0 -1.0 -4.0 -3.0 -2.0 -3.0 -4.0 150.0 -3.0 -1.0 -2.0 
0.0 -3.0 -3.0 -2.0 -2.0 -1.0 0.0 -4.0 -1.0 0.0 -1.0 -3.0 -1.0 0.0 -4.0 -4.0 -4.0 -1.0 -2.0 -2.0 0.0 0.0 -4.0 -1.0 -4.0 -4.0 -2.0 -2.0 0.0 0.0 -2.0 -3.0 -3.0 -3.0 -2.0 -4.0 -4.0 0.0 0.0 -2.0 0.0 -2.0 -1.0 0.0 -4.0 -4.0 -3.0 0.0 0.0 0.0 0.0 -1.0 -1.0 -1.0 -3.0 -2.0 -1.0 -1.0 -4.0 0.0 -3.0 -1.0 113.0 -3.0 0.0 
-3.0 -3.0 -2.0 -2.0 -4.0 -1.0 -4.0 -2.0 -4.0 -2.0 -1.0 -4.0 -2.0 -2.0 -4.0 -4.0 -1.0 -4.0 -3.0 -3.0 -1.0 -2.0 -2.0 -3.0 -1.0 0.0 -2.0 -4.0 -2.0 -4.0 -3.0 -3.0 0.0 -1.0 -2.0 -1.0 -3.0 -4.0 -4.0 -2.0 -3.0 -1.0 0.0 -3.0 0.0 -1.0 -3.0 -1.0 -4.0 -2.0 -1.0 -2.0 -2.0 -4.0 -4.0 -3.0 0.0 -1.0 -1.0 0.0 0.0 -2.0 -3.0 141.0 -1.0 
-1.0 -2.0 -2.0 -2.0 -3.0 -3.0 -3.0 -3.0 -2.0 -3.0 -3.0 -3.0 -2.0 -1.0 -1.0 -1.0 -4.0 -1.0 0.0 -1.0 0.0 -2.0 0.0 -4.0 -3.0 -3.0 -4.0 0.0 -3.0 -2.0 -3.0 -4.0 -1.0 -4.0 -3.0 -3.0 -4.0 0.0 0.0 -2.0 -3.0 0.0 -1.0 -3.0 -1.0 -3.0 -4.0 -4.0 -1.0 0.0 -3.0 -4.0 -4.0 -4.0 -3.0 -1.0 -1.0 -4.0 0.0 -4.0 0.0 0.0 -1.0 -4.0 139.0 

-4014.9999 -3812.0 -3944.0 -2984.0 -3218.0 -3085.0 -3192.0 -3559.0 -2731.0 -3111.0 -2375.0 -2465.0 -2747.0 -2422.0 -2709.0 -2170.0 -2094.0 -1770.0 -1887.0 -1851.0 -1394.0 -1597.0 -1131.0 -1242.0 -745.0 -848.0 -1069.0 -579.0 -676.0 -481.0 -280.0 -27.0 21.0 500.0 411.0 -179.0 320.0 643.0 955.0 568.0 1574.0 766.0 1765.0 1861.0 1529.0 1874.0 1698.0 1840.0 2967.0 2291.0 2324.0 3299.0 2243.0 2352.0 2619.0 3094.0 3444.0 3549.0 2927.0 3954.0 3416.0 4256.0 3604.0 4864.0 4497.0 