15, 2999, 632.592335, 17.964415, 12155514786435.604000;
65, 2999, 1152.798685, 3.766733, 159406600770.318200;
115, 2999, 8660.877346, 12.085194, 219758474416.686280;
165, 2999, 13666.142073, 11.117613, 453731244778.434750;
215, 2999, 5949.285106, 3.257284, 18274517122399.120000;
265, 2999, 17950.093943, 7.186730, 1183349039412.944000;
315, 2999, 33655.964252, 10.402175, 56190558013.445190;
365, 2999, 99810.080914, 24.740266, 229449535621.782800;
415, 2999, 29731.049571, 6.080155, 21761940395.127316;
465, 2999, 51606.020445, 8.899830, 119929074359.899220;
515, 2999, 7904.885033, 1.169805, 136767098367.423830;
565, 2999, 19537.091417, 2.516354, 8245638951778.675000;
615, 2999, 173724.163265, 19.705112, 12681236690829.477000;
665, 2999, 144492.994023, 14.577581, 131960739691.640820;
715, 2999, 138521.183989, 12.536101, 21492547985.927925;
765, 2999, 35786.192978, 2.926567, 4920690684960.805000;
815, 2999, 94790.615785, 7.050016, 23681381128.554500;
865, 2999, 94892.979597, 6.454969, 782005445071.748200;
915, 2999, 373672.702286, 23.364933, 11611071658387.416000;
965, 2999, 127231.740268, 7.345608, 123318885861.904370;
