15, 259.34702409835910, 7.3649605756710880;
65, 138608.33465152525000, 452.8982857727000400;
115, 480884.82686606730000, 671.0158746239665000;
165, 407861.52801675803000, 331.8015069409954000;
215, 529199304.93860960000000, 289741.1300883682000000;
265, 1217835.28193678520000, 487.5881712617839000;
315, 1899092.17478458440000, 586.9595480051802000;
365, 6324345.04523482200000, 1567.6370459255056000;
415, 7934297.63299700600000, 1622.6052895938808000;
465, 8623516.60969150300000, 1487.1875946023906000;
515, 17515928.09579663400000, 2592.0953974573117000;
565, 45953484.61965941000000, 5918.7545803334660000;
615, 5178358772.21829500000000, 587368.7287011959000000;
665, 18485528.51850561400000, 1864.9643404870762000;
715, 34617424.90895326400000, 3132.8603414938966000;
765, 32909091.27558392700000, 2691.2795889795890000;
815, 38791488.16819092000000, 2885.1021991187830000;
865, 30235416.16499347600000, 2056.7241245410550000;
915, 168870439.23620066000000, 10559.0975511652210000;
965, 66272180.27241713600000, 3826.1635228599716000;
