115
231.886 -2.0 -4.0 -3.0 -3.0 0.0 -2.0 -2.0 -2.0 -2.0 -2.0 -4.0 -1.0 0.0 -3.0 -3.0 -1.0 -3.0 -2.0 -3.0 0.0 -3.0 0.0 -1.0 -2.0 -4.0 -2.0 -3.0 0.0 -3.0 -3.0 -3.0 -3.0 -2.0 -1.0 -4.0 -1.0 -2.0 0.0 -2.0 -4.0 -2.0 0.0 -1.0 -4.0 -4.0 -3.0 0.0 -4.0 -3.0 -4.0 -3.0 -3.0 -1.0 0.0 -2.0 -1.0 -2.0 -1.0 -4.0 -3.0 -1.0 -1.0 -2.0 -4.0 -3.0 -1.0 0.0 -1.0 0.0 -3.0 0.0 0.0 0.0 -1.0 -2.0 -4.0 0.0 -3.0 -2.0 0.0 -4.0 -4.0 -4.0 -3.0 -1.0 -3.0 -3.0 -3.0 -1.0 -1.0 -4.0 -1.0 -1.0 0.0 -4.0 -2.0 -1.0 0.0 -3.0 -1.0 -4.0 -2.0 -1.0 -4.0 -1.0 -3.0 -2.0 -2.0 -2.0 -1.0 -3.0 -1.0 -1.0 -3.0 
0.0 205.0 -3.0 -1.0 0.0 0.0 -2.0 -4.0 -1.0 -1.0 -2.0 -1.0 -3.0 0.0 -4.0 -2.0 -3.0 -2.0 0.0 -3.0 0.0 -1.0 -4.0 0.0 -3.0 0.0 -2.0 0.0 -3.0 0.0 -3.0 0.0 0.0 -2.0 -2.0 -1.0 0.0 0.0 -1.0 -2.0 -1.0 -1.0 0.0 0.0 -4.0 -2.0 -4.0 0.0 -2.0 -3.0 -2.0 -2.0 -2.0 -2.0 0.0 -3.0 -3.0 -2.0 0.0 -4.0 -4.0 -2.0 -2.0 0.0 -3.0 -3.0 -2.0 0.0 -1.0 -4.0 0.0 -3.0 -2.0 -1.0 -1.0 -2.0 0.0 0.0 -3.0 -1.0 -2.0 -4.0 -4.0 -1.0 -4.0 -1.0 -1.0 -1.0 -1.0 -4.0 -2.0 -4.0 -1.0 -4.0 0.0 -3.0 -1.0 -3.0 -1.0 -4.0 -3.0 -2.0 -3.0 -4.0 -1.0 -4.0 -3.0 -2.0 -1.0 -3.0 -1.0 0.0 -3.0 0.0 -2.0 
0.0 -1.0 223.0 -2.0 -1.0 -1.0 0.0 0.0 -2.0 -3.0 -1.0 -1.0 -1.0 -1.0 -1.0 -3.0 -4.0 0.0 0.0 -3.0 -1.0 -1.0 -4.0 -2.0 0.0 -2.0 -4.0 0.0 -3.0 -1.0 -4.0 0.0 -1.0 -3.0 -1.0 -2.0 -1.0 0.0 0.0 -3.0 -3.0 -3.0 -3.0 0.0 -4.0 -2.0 -3.0 -3.0 -2.0 -2.0 -1.0 0.0 -4.0 -4.0 -2.0 -4.0 0.0 0.0 0.0 -1.0 -2.0 -1.0 -2.0 -4.0 -2.0 -4.0 -3.0 0.0 -1.0 -3.0 -2.0 -4.0 -1.0 -1.0 -2.0 -2.0 -1.0 -4.0 -4.0 -1.0 -2.0 0.0 -1.0 -3.0 -1.0 0.0 -3.0 -1.0 -3.0 -4.0 -2.0 -3.0 0.0 0.0 -4.0 -2.0 -4.0 -3.0 -4.0 -2.0 -3.0 -1.0 -2.0 -4.0 -4.0 -4.0 -4.0 -2.0 0.0 -4.0 -1.0 -3.0 0.0 -2.0 -4.0 
-3.0 0.0 -4.0 240.0 -4.0 -3.0 -2.0 -1.0 -4.0 -3.0 -1.0 0.0 -4.0 -3.0 -1.0 -3.0 -1.0 -1.0 -2.0 -3.0 -1.0 -4.0 -4.0 0.0 0.0 -2.0 -1.0 -1.0 0.0 -4.0 -3.0 0.0 -1.0 0.0 -2.0 -3.0 -1.0 -1.0 -2.0 0.0 -2.0 -4.0 -2.0 -4.0 -3.0 -1.0 -2.0 -2.0 -3.0 -3.0 -3.0 -1.0 -2.0 -1.0 -4.0 -3.0 -1.0 -2.0 -4.0 -3.0 -1.0 -3.0 -3.0 0.0 0.0 -4.0 -1.0 -1.0 -2.0 -2.0 -1.0 -4.0 -2.0 -3.0 0.0 -2.0 -3.0 0.0 -3.0 -3.0 -4.0 -1.0 -1.0 -2.0 -4.0 -3.0 -3.0 -3.0 -1.0 0.0 -3.0 -2.0 -4.0 -4.0 -4.0 -2.0 -2.0 -4.0 -3.0 0.0 -2.0 -3.0 -1.0 0.0 0.0 0.0 -4.0 -2.0 -3.0 -2.0 0.0 0.0 -4.0 -4.0 -4.0 
0.0 -3.0 0.0 0.0 216.0 -1.0 -2.0 -3.0 -2.0 -3.0 -2.0 -1.0 -1.0 0.0 -1.0 -1.0 -3.0 -3.0 -1.0 -1.0 -3.0 -1.0 -2.0 0.0 0.0 -4.0 0.0 -2.0 -2.0 -1.0 -4.0 -1.0 -1.0 0.0 -1.0 0.0 -1.0 -4.0 -3.0 -4.0 -4.0 0.0 -1.0 -4.0 -4.0 -2.0 -4.0 -3.0 -3.0 -1.0 -4.0 -3.0 -3.0 -4.0 -4.0 -4.0 -4.0 0.0 -1.0 -2.0 -2.0 -1.0 0.0 -3.0 -2.0 -3.0 -3.0 0.0 -1.0 -2.0 0.0 -4.0 0.0 -2.0 0.0 -2.0 0.0 -3.0 -3.0 -1.0 -3.0 0.0 -1.0 -2.0 -2.0 -3.0 -2.0 -2.0 -2.0 -2.0 -1.0 0.0 -4.0 -4.0 -1.0 0.0 -1.0 -3.0 -2.0 -1.0 0.0 -3.0 -4.0 -3.0 -2.0 -4.0 -4.0 -2.0 0.0 -3.0 -1.0 -1.0 0.0 0.0 -4.0 
-2.0 -1.0 -4.0 -2.0 -4.0 251.0 -4.0 -1.0 -1.0 -4.0 -4.0 -4.0 -3.0 -1.0 -2.0 0.0 0.0 -4.0 -3.0 0.0 -4.0 -1.0 -1.0 -1.0 -2.0 -2.0 -4.0 -2.0 0.0 -3.0 -4.0 -1.0 -1.0 -3.0 -4.0 -3.0 0.0 -3.0 -2.0 -3.0 -1.0 -3.0 0.0 -3.0 -3.0 -1.0 -4.0 0.0 0.0 -4.0 -2.0 -4.0 -3.0 -3.0 0.0 -2.0 -4.0 -1.0 -1.0 0.0 -4.0 -2.0 -4.0 0.0 -3.0 -4.0 -1.0 -4.0 -4.0 -3.0 -3.0 -4.0 -4.0 -4.0 -3.0 -1.0 -3.0 -3.0 0.0 -3.0 -1.0 -2.0 -4.0 -2.0 -4.0 -2.0 -1.0 -1.0 -1.0 -2.0 -2.0 -4.0 -3.0 -4.0 -2.0 0.0 0.0 0.0 -3.0 0.0 -2.0 -4.0 -3.0 -2.0 -1.0 -4.0 -1.0 0.0 -1.0 -3.0 -1.0 -3.0 -4.0 0.0 0.0 
0.0 -3.0 -3.0 -1.0 -1.0 -3.0 234.0 -2.0 0.0 -2.0 -2.0 -4.0 0.0 -3.0 -3.0 -1.0 -2.0 -2.0 -1.0 -3.0 0.0 0.0 -4.0 -3.0 -2.0 -1.0 -1.0 -4.0 -1.0 -4.0 -3.0 -3.0 0.0 -1.0 -2.0 -1.0 -4.0 -3.0 -4.0 -4.0 -2.0 -2.0 0.0 -1.0 -4.0 -1.0 -4.0 -3.0 0.0 -1.0 -3.0 -2.0 -1.0 -2.0 -1.0 -2.0 -3.0 -1.0 -2.0 -3.0 -4.0 -1.0 -3.0 -4.0 -2.0 -4.0 -2.0 -2.0 -1.0 0.0 -1.0 0.0 -3.0 -2.0 -4.0 -1.0 -3.0 0.0 -1.0 -2.0 -2.0 -4.0 -1.0 -1.0 -4.0 -3.0 -4.0 -1.0 -4.0 0.0 0.0 -4.0 -2.0 -4.0 -2.0 -4.0 -2.0 -3.0 -1.0 -4.0 0.0 -1.0 -1.0 -3.0 0.0 -1.0 -1.0 -1.0 -2.0 -4.0 0.0 -3.0 -4.0 -2.0 -2.0 
-2.0 -1.0 -3.0 -3.0 -1.0 -2.0 -2.0 241.0 0.0 -4.0 -4.0 -2.0 -2.0 -3.0 -2.0 -2.0 0.0 -2.0 -3.0 -3.0 0.0 -3.0 0.0 0.0 -4.0 -3.0 -4.0 -1.0 0.0 0.0 -2.0 -3.0 0.0 -2.0 -3.0 0.0 0.0 -1.0 0.0 -4.0 -4.0 0.0 -4.0 -4.0 -2.0 -4.0 -3.0 -3.0 -1.0 -4.0 -1.0 -3.0 -2.0 -4.0 -4.0 0.0 -2.0 -2.0 0.0 0.0 -4.0 0.0 0.0 0.0 -3.0 -3.0 -1.0 -3.0 -2.0 -3.0 -4.0 -1.0 -1.0 -1.0 -4.0 -2.0 -3.0 -3.0 -1.0 -2.0 -1.0 -3.0 -3.0 0.0 -4.0 -4.0 0.0 -4.0 -2.0 -3.0 -2.0 -3.0 -4.0 -2.0 -3.0 -4.0 -4.0 -4.0 -4.0 -2.0 -1.0 -3.0 -2.0 -1.0 0.0 -3.0 -4.0 0.0 -3.0 -2.0 -1.0 -4.0 0.0 -2.0 0.0 
-2.0 -1.0 -3.0 -1.0 -4.0 -1.0 -4.0 -3.0 248.0 -4.0 -2.0 -2.0 0.0 -1.0 -4.0 -1.0 -1.0 -1.0 -2.0 0.0 -3.0 -4.0 -3.0 0.0 -3.0 -4.0 -3.0 0.0 -1.0 -1.0 -3.0 -4.0 -1.0 -2.0 -3.0 -3.0 -1.0 -3.0 -3.0 -1.0 -4.0 0.0 0.0 0.0 -3.0 -4.0 -2.0 -1.0 -1.0 -4.0 -4.0 -3.0 -4.0 -4.0 -2.0 0.0 -1.0 -2.0 -4.0 -3.0 -3.0 -1.0 0.0 -4.0 -1.0 -2.0 -1.0 0.0 -2.0 0.0 -1.0 -3.0 -3.0 -2.0 0.0 -4.0 -4.0 -2.0 0.0 -2.0 -3.0 -4.0 -4.0 -4.0 -3.0 -2.0 -3.0 -4.0 0.0 -1.0 0.0 0.0 -3.0 -1.0 -1.0 -3.0 -3.0 -4.0 -3.0 -3.0 -2.0 -4.0 -3.0 0.0 -2.0 -3.0 -4.0 -3.0 -2.0 -4.0 -2.0 -3.0 -2.0 0.0 -1.0 
-2.0 -2.0 -1.0 0.0 -2.0 -2.0 -4.0 -2.0 -1.0 224.0 -3.0 -3.0 0.0 -3.0 -1.0 -1.0 -1.0 -4.0 -3.0 0.0 -2.0 -4.0 0.0 -2.0 -3.0 -3.0 -4.0 0.0 0.0 -1.0 -4.0 -2.0 0.0 -1.0 -2.0 0.0 -1.0 0.0 -2.0 -1.0 -2.0 -4.0 -2.0 -3.0 -3.0 -4.0 -3.0 -3.0 -4.0 -1.0 -1.0 -1.0 -1.0 -3.0 -4.0 -4.0 -2.0 -1.0 0.0 -2.0 -3.0 0.0 -3.0 -4.0 -2.0 -1.0 -2.0 -1.0 0.0 -1.0 0.0 -2.0 -2.0 -1.0 -1.0 -3.0 -2.0 -3.0 0.0 -2.0 -4.0 -3.0 -3.0 -3.0 -3.0 -2.0 -4.0 -4.0 -3.0 0.0 -3.0 -1.0 -3.0 -1.0 0.0 -1.0 -3.0 0.0 -1.0 -3.0 -1.0 -4.0 -4.0 -1.0 -1.0 -3.0 0.0 -3.0 -3.0 -2.0 -1.0 -2.0 -3.0 -3.0 0.0 
-1.0 -2.0 -2.0 -2.0 -4.0 0.0 -3.0 -1.0 -3.0 -1.0 232.0 -4.0 -1.0 0.0 -4.0 -2.0 -1.0 -2.0 -4.0 -3.0 -4.0 -3.0 -2.0 -3.0 0.0 -3.0 -3.0 0.0 -3.0 -3.0 -1.0 -2.0 -2.0 0.0 -4.0 -2.0 0.0 0.0 0.0 -4.0 -1.0 -3.0 -4.0 -1.0 -4.0 0.0 -1.0 -3.0 -2.0 -2.0 0.0 -4.0 -1.0 -4.0 -1.0 -2.0 0.0 0.0 -1.0 -4.0 -3.0 -2.0 -4.0 -2.0 -1.0 0.0 -1.0 -3.0 -4.0 0.0 -1.0 -2.0 -2.0 -1.0 -4.0 -3.0 0.0 -1.0 0.0 -1.0 -4.0 -2.0 -4.0 0.0 -3.0 -4.0 -1.0 -3.0 0.0 -3.0 -1.0 -3.0 -2.0 -4.0 -3.0 -4.0 0.0 -2.0 -1.0 -2.0 -1.0 0.0 -4.0 -3.0 -4.0 -4.0 0.0 -3.0 -2.0 -3.0 0.0 -2.0 -1.0 -3.0 -4.0 
-1.0 0.0 -3.0 -1.0 -4.0 -3.0 -2.0 -2.0 -4.0 0.0 -2.0 239.0 -3.0 0.0 -3.0 0.0 -2.0 -3.0 -4.0 -4.0 -3.0 -1.0 -4.0 0.0 -4.0 -1.0 -3.0 0.0 -4.0 -2.0 -4.0 -3.0 0.0 0.0 -1.0 -4.0 -1.0 -2.0 -1.0 -4.0 0.0 -2.0 0.0 -2.0 -2.0 -4.0 -4.0 -1.0 -1.0 -3.0 -2.0 -3.0 -1.0 -1.0 -1.0 -2.0 -2.0 -1.0 -1.0 -4.0 -2.0 -4.0 -3.0 -4.0 -3.0 -3.0 -1.0 -2.0 -4.0 0.0 -1.0 0.0 -2.0 -2.0 -3.0 -1.0 -4.0 -2.0 -3.0 -2.0 -4.0 -4.0 -2.0 -3.0 -3.0 -4.0 0.0 -2.0 -2.0 0.0 -3.0 -3.0 0.0 -2.0 -4.0 -4.0 0.0 -2.0 -4.0 0.0 -1.0 -4.0 0.0 0.0 -2.0 -4.0 0.0 -4.0 -2.0 -1.0 -1.0 -2.0 -1.0 -4.0 -1.0 
-3.0 0.0 -4.0 -3.0 -2.0 -4.0 0.0 -1.0 -1.0 -2.0 -4.0 -1.0 215.0 -3.0 -1.0 -2.0 -3.0 -1.0 -2.0 -2.0 -4.0 -1.0 -4.0 0.0 -4.0 -1.0 -1.0 -1.0 -4.0 -1.0 -4.0 0.0 -4.0 -2.0 -3.0 0.0 -2.0 0.0 -2.0 -3.0 -2.0 -4.0 -3.0 -3.0 -3.0 -3.0 -3.0 -4.0 -2.0 0.0 0.0 -1.0 0.0 0.0 -4.0 -2.0 -3.0 -4.0 -1.0 -1.0 -3.0 -2.0 -2.0 -1.0 0.0 -2.0 -3.0 -2.0 -2.0 -3.0 -2.0 -2.0 -2.0 -2.0 0.0 -1.0 -4.0 -3.0 -1.0 -2.0 0.0 -3.0 -3.0 0.0 -1.0 -1.0 -3.0 -4.0 -3.0 0.0 0.0 -1.0 -2.0 0.0 -4.0 -3.0 0.0 -2.0 0.0 -3.0 -3.0 -3.0 0.0 0.0 -3.0 -2.0 0.0 0.0 -2.0 0.0 -4.0 -2.0 0.0 -1.0 0.0 
-3.0 -3.0 -3.0 -3.0 -4.0 -2.0 -2.0 -2.0 -3.0 -2.0 -3.0 -3.0 -3.0 262.0 -4.0 -3.0 -2.0 -1.0 -4.0 -2.0 -4.0 -3.0 0.0 -4.0 -3.0 0.0 -2.0 -3.0 -2.0 0.0 -3.0 -2.0 0.0 -1.0 -4.0 -2.0 -2.0 0.0 -2.0 0.0 0.0 -3.0 -4.0 0.0 -1.0 -2.0 -1.0 -2.0 0.0 -2.0 -2.0 -1.0 -4.0 -1.0 -2.0 -3.0 -4.0 -3.0 -1.0 0.0 -4.0 0.0 -2.0 -2.0 -3.0 -1.0 -2.0 -1.0 -2.0 0.0 -3.0 -3.0 -3.0 -1.0 -1.0 -2.0 -2.0 -1.0 -4.0 -3.0 -3.0 -4.0 -4.0 -4.0 -1.0 -4.0 -1.0 -3.0 -4.0 -2.0 0.0 -4.0 -3.0 0.0 -4.0 -2.0 -2.0 -4.0 -2.0 -2.0 -3.0 -2.0 -4.0 -2.0 -3.0 -3.0 -4.0 -2.0 -3.0 -3.0 0.0 -4.0 -4.0 -4.0 -3.0 
-1.0 -4.0 0.0 -3.0 -2.0 -2.0 -1.0 -3.0 -3.0 -3.0 -1.0 -2.0 -3.0 -1.0 234.0 -4.0 -1.0 -1.0 -3.0 0.0 -3.0 -3.0 0.0 -1.0 -2.0 -1.0 -1.0 -2.0 -3.0 -4.0 -2.0 -3.0 0.0 0.0 -2.0 -2.0 -2.0 0.0 -3.0 -4.0 -2.0 -3.0 0.0 0.0 -2.0 -3.0 -2.0 -2.0 -3.0 -1.0 -2.0 -3.0 -4.0 -1.0 -2.0 0.0 0.0 -4.0 0.0 -2.0 0.0 -1.0 -4.0 0.0 -3.0 -2.0 -3.0 -3.0 0.0 -3.0 -1.0 -4.0 -3.0 0.0 -1.0 -3.0 -3.0 -1.0 -4.0 0.0 0.0 -4.0 0.0 -3.0 -1.0 -1.0 -2.0 -2.0 -2.0 -2.0 -4.0 -4.0 -2.0 -3.0 -1.0 -4.0 0.0 -4.0 0.0 -4.0 0.0 -4.0 -4.0 -1.0 -3.0 -3.0 -3.0 -4.0 -4.0 -1.0 -4.0 -1.0 -2.0 -4.0 -2.0 
-3.0 -2.0 -2.0 -3.0 -2.0 -3.0 -3.0 -4.0 0.0 -1.0 -4.0 -4.0 -1.0 -4.0 -2.0 237.0 -4.0 -4.0 -4.0 -3.0 -4.0 -2.0 -2.0 -2.0 -1.0 -2.0 -3.0 -3.0 -4.0 -1.0 -2.0 0.0 -2.0 -4.0 0.0 -4.0 -2.0 -3.0 0.0 -1.0 -1.0 -3.0 -4.0 -3.0 -3.0 -2.0 -1.0 0.0 -1.0 -1.0 -1.0 -4.0 -4.0 -1.0 -3.0 -4.0 0.0 -3.0 -2.0 -3.0 0.0 -4.0 -2.0 0.0 0.0 -3.0 -2.0 -2.0 -1.0 0.0 0.0 -2.0 0.0 -2.0 -3.0 -3.0 0.0 -3.0 -4.0 -3.0 -3.0 -3.0 -4.0 0.0 0.0 0.0 -2.0 0.0 -4.0 -1.0 -1.0 0.0 -1.0 -2.0 -3.0 -3.0 -2.0 -3.0 -4.0 -1.0 -4.0 -4.0 0.0 0.0 -4.0 0.0 -1.0 -4.0 0.0 -1.0 -3.0 -3.0 -1.0 -1.0 -1.0 
-2.0 -4.0 -4.0 -1.0 -2.0 0.0 -2.0 -4.0 -2.0 -4.0 -1.0 -4.0 -3.0 -4.0 -2.0 -3.0 230.0 -1.0 -2.0 0.0 0.0 -3.0 -3.0 -2.0 0.0 -2.0 -1.0 -2.0 -3.0 0.0 -4.0 -1.0 -3.0 -4.0 -3.0 -3.0 -4.0 -3.0 -1.0 -4.0 -3.0 0.0 -1.0 0.0 0.0 -1.0 -2.0 -3.0 -3.0 -1.0 -1.0 -4.0 -3.0 -2.0 -1.0 -2.0 -3.0 -2.0 -3.0 -2.0 -2.0 0.0 0.0 -1.0 0.0 -2.0 0.0 0.0 0.0 -2.0 -4.0 -4.0 -3.0 0.0 0.0 -1.0 -1.0 -3.0 -3.0 0.0 -1.0 -3.0 -4.0 -4.0 -1.0 -2.0 -3.0 -4.0 -4.0 -3.0 -4.0 0.0 -1.0 -1.0 -2.0 -4.0 -4.0 -2.0 0.0 0.0 -4.0 0.0 -4.0 -4.0 -2.0 -3.0 0.0 -1.0 -2.0 -2.0 0.0 -2.0 0.0 -1.0 -4.0 
-1.0 -2.0 0.0 -3.0 -3.0 -4.0 -4.0 -3.0 -1.0 -3.0 -3.0 -3.0 0.0 -4.0 -2.0 -2.0 0.0 222.0 -1.0 -2.0 -3.0 -1.0 -4.0 -2.0 0.0 -4.0 -1.0 -1.0 -3.0 0.0 -2.0 -1.0 -1.0 -4.0 -3.0 -3.0 -3.0 0.0 -3.0 -2.0 -3.0 -4.0 -1.0 0.0 -1.0 -3.0 -1.0 -1.0 -3.0 -2.0 0.0 -4.0 0.0 -3.0 -1.0 -1.0 -4.0 -4.0 -2.0 -1.0 0.0 -1.0 -3.0 0.0 -3.0 0.0 -4.0 -3.0 -2.0 0.0 -3.0 -1.0 -2.0 -1.0 -4.0 -1.0 -1.0 -2.0 -3.0 0.0 0.0 -1.0 -1.0 -2.0 -4.0 0.0 -2.0 -1.0 0.0 -3.0 -4.0 -4.0 -1.0 -4.0 0.0 -3.0 -3.0 -1.0 -1.0 0.0 -4.0 -3.0 -3.0 -1.0 -2.0 -4.0 0.0 -1.0 -4.0 0.0 0.0 0.0 -3.0 -3.0 -4.0 
-3.0 -2.0 -3.0 0.0 -2.0 0.0 -4.0 -4.0 -2.0 0.0 -2.0 -1.0 -2.0 -3.0 -3.0 -4.0 -1.0 -3.0 207.0 -2.0 -3.0 0.0 -1.0 -2.0 -3.0 -2.0 -3.0 -3.0 -1.0 -2.0 0.0 -2.0 -2.0 0.0 0.0 0.0 -2.0 -1.0 0.0 -4.0 -2.0 -3.0 -3.0 0.0 -1.0 -3.0 -1.0 -4.0 -1.0 0.0 -2.0 0.0 0.0 -1.0 -3.0 -2.0 -2.0 0.0 -1.0 -1.0 0.0 -1.0 -2.0 -2.0 -4.0 -3.0 0.0 0.0 -1.0 -4.0 -2.0 -1.0 -4.0 0.0 -4.0 -1.0 -3.0 -1.0 -3.0 -2.0 -3.0 -2.0 -4.0 -2.0 -1.0 -2.0 -4.0 -2.0 -1.0 -3.0 -4.0 -3.0 0.0 -2.0 -3.0 -2.0 -1.0 -1.0 -2.0 0.0 -2.0 -1.0 -1.0 0.0 -2.0 -2.0 0.0 -3.0 -4.0 -3.0 -3.0 -2.0 0.0 0.0 -2.0 
-1.0 -1.0 -2.0 -3.0 -2.0 0.0 -2.0 -3.0 -2.0 0.0 0.0 -4.0 -4.0 -2.0 -1.0 0.0 -2.0 -3.0 -3.0 228.0 -2.0 -2.0 -4.0 -2.0 -1.0 -3.0 0.0 -1.0 -1.0 0.0 -2.0 -4.0 -1.0 0.0 -3.0 -1.0 -1.0 -3.0 -1.0 -3.0 -1.0 -4.0 0.0 -1.0 -2.0 -2.0 -2.0 -3.0 -4.0 -4.0 0.0 -3.0 -4.0 -1.0 -1.0 0.0 -2.0 -2.0 0.0 -4.0 0.0 -3.0 0.0 -2.0 -3.0 0.0 -2.0 -4.0 -4.0 -1.0 -4.0 0.0 -4.0 -3.0 -4.0 0.0 -1.0 -2.0 -4.0 -1.0 0.0 -2.0 -4.0 0.0 -1.0 -1.0 -3.0 -3.0 -2.0 -3.0 0.0 -4.0 -2.0 -4.0 -2.0 -4.0 0.0 -4.0 -2.0 -4.0 -3.0 -1.0 -4.0 0.0 0.0 -1.0 -4.0 -4.0 -4.0 -4.0 -1.0 -1.0 -1.0 -1.0 -2.0 
-3.0 0.0 -4.0 -3.0 -4.0 -3.0 -2.0 0.0 -1.0 0.0 -4.0 -1.0 -4.0 0.0 -3.0 -1.0 -1.0 0.0 0.0 -3.0 246.0 -1.0 -3.0 -4.0 -2.0 0.0 -1.0 -4.0 -1.0 -2.0 -3.0 -4.0 -2.0 0.0 -2.0 0.0 -4.0 -3.0 0.0 -1.0 -1.0 -4.0 -2.0 -3.0 0.0 -2.0 -3.0 0.0 -2.0 -4.0 -4.0 -1.0 -4.0 -1.0 -1.0 -3.0 -2.0 -3.0 -2.0 -4.0 -2.0 -3.0 -3.0 -3.0 -2.0 0.0 0.0 -4.0 -4.0 0.0 -2.0 -1.0 -1.0 -1.0 -4.0 -1.0 -2.0 -3.0 -4.0 -4.0 -4.0 -4.0 0.0 -2.0 -2.0 -4.0 -2.0 0.0 0.0 -1.0 -3.0 -3.0 -4.0 -3.0 -2.0 -3.0 -4.0 -3.0 -1.0 0.0 -4.0 -1.0 -1.0 -4.0 -1.0 -4.0 -1.0 -3.0 -4.0 0.0 -1.0 -4.0 -2.0 -3.0 -4.0 
-3.0 -3.0 -4.0 -3.0 -1.0 -4.0 -3.0 -4.0 0.0 -1.0 -3.0 -2.0 -3.0 -2.0 -1.0 0.0 -2.0 -4.0 -3.0 -2.0 -4.0 250.0 -4.0 -2.0 -1.0 -4.0 -2.0 -4.0 0.0 0.0 -4.0 -3.0 -1.0 -2.0 -2.0 -3.0 0.0 -2.0 -4.0 -4.0 -2.0 -2.0 0.0 0.0 -3.0 0.0 -1.0 -4.0 -3.0 -1.0 -1.0 -2.0 -3.0 -1.0 -3.0 -4.0 -1.0 0.0 -2.0 -2.0 0.0 -3.0 0.0 -1.0 -2.0 0.0 -2.0 -2.0 -1.0 -3.0 -4.0 -3.0 -3.0 -1.0 -1.0 -3.0 -4.0 -3.0 -3.0 -3.0 -3.0 -3.0 0.0 -4.0 -2.0 -4.0 -3.0 0.0 -4.0 -1.0 -4.0 -2.0 -1.0 -3.0 -2.0 -4.0 -1.0 -1.0 -2.0 -2.0 -2.0 -4.0 -4.0 -2.0 0.0 -2.0 -2.0 0.0 -4.0 0.0 -4.0 -3.0 -2.0 -4.0 0.0 
-3.0 -4.0 -4.0 -4.0 0.0 -3.0 0.0 -3.0 -4.0 0.0 0.0 -2.0 -2.0 -1.0 -1.0 -3.0 -1.0 -1.0 -2.0 -4.0 -2.0 -4.0 232.0 -2.0 -3.0 -4.0 -1.0 -3.0 -2.0 -4.0 -2.0 -2.0 -2.0 0.0 0.0 -4.0 -3.0 -2.0 -2.0 0.0 0.0 -3.0 -1.0 -3.0 -1.0 -2.0 -1.0 -3.0 0.0 -1.0 -3.0 -3.0 -4.0 -4.0 -1.0 -1.0 -2.0 -2.0 -3.0 0.0 0.0 0.0 0.0 -2.0 -4.0 -2.0 0.0 -4.0 0.0 -3.0 -2.0 -4.0 -2.0 -2.0 -4.0 0.0 -1.0 -2.0 -3.0 -4.0 -2.0 -3.0 -3.0 -3.0 -1.0 -4.0 -4.0 -1.0 -2.0 -4.0 0.0 -3.0 -4.0 -1.0 -2.0 -2.0 0.0 -2.0 -3.0 -1.0 0.0 -2.0 -4.0 -1.0 -3.0 0.0 0.0 -4.0 0.0 -3.0 -3.0 -1.0 -3.0 -1.0 -1.0 
0.0 -4.0 -4.0 -4.0 -2.0 -3.0 0.0 -4.0 -2.0 -1.0 -4.0 -2.0 -3.0 -1.0 -4.0 0.0 -2.0 0.0 -2.0 -3.0 -2.0 -2.0 -1.0 219.0 -2.0 -1.0 -3.0 -3.0 -1.0 -1.0 -3.0 0.0 -2.0 -1.0 -4.0 0.0 -3.0 -2.0 -4.0 0.0 0.0 0.0 -4.0 -1.0 0.0 -3.0 -2.0 0.0 -1.0 0.0 -3.0 0.0 -3.0 0.0 0.0 0.0 -3.0 -3.0 0.0 -4.0 0.0 -3.0 -2.0 -2.0 -2.0 -3.0 -4.0 -2.0 -4.0 -1.0 0.0 0.0 -3.0 -4.0 -2.0 -1.0 -3.0 -4.0 0.0 -3.0 -3.0 -3.0 -3.0 0.0 -2.0 0.0 -1.0 -1.0 0.0 -3.0 -4.0 -1.0 -3.0 0.0 -2.0 -3.0 -3.0 -3.0 -4.0 -3.0 0.0 -2.0 -3.0 -2.0 -4.0 -4.0 0.0 -2.0 -1.0 0.0 -1.0 -3.0 -2.0 -3.0 0.0 
-1.0 -4.0 0.0 -2.0 -3.0 -4.0 0.0 -1.0 -4.0 -2.0 -4.0 -2.0 -1.0 0.0 0.0 -3.0 -4.0 -1.0 -3.0 -4.0 0.0 -2.0 -3.0 -2.0 226.0 -4.0 -3.0 0.0 -4.0 -4.0 -4.0 -4.0 0.0 -2.0 0.0 -4.0 -1.0 0.0 -1.0 -2.0 -2.0 -4.0 -4.0 -4.0 -2.0 -1.0 0.0 0.0 -1.0 -3.0 -4.0 0.0 -2.0 -1.0 -3.0 0.0 -2.0 -1.0 0.0 -3.0 -2.0 -4.0 -2.0 0.0 -3.0 -1.0 -2.0 -4.0 0.0 -1.0 -3.0 -2.0 0.0 -3.0 -1.0 -1.0 -4.0 0.0 -3.0 -4.0 -2.0 -3.0 0.0 0.0 -2.0 -2.0 -1.0 -3.0 -3.0 -3.0 0.0 -1.0 -3.0 -4.0 -2.0 -3.0 0.0 -3.0 0.0 -4.0 -3.0 -1.0 0.0 -4.0 0.0 0.0 -4.0 -3.0 -4.0 -1.0 -1.0 -2.0 0.0 0.0 -4.0 
-3.0 -3.0 -1.0 0.0 0.0 -4.0 -2.0 0.0 -2.0 0.0 -1.0 0.0 0.0 -2.0 -1.0 -1.0 0.0 -3.0 -2.0 -2.0 -4.0 -2.0 -4.0 0.0 -1.0 220.0 -4.0 0.0 -3.0 -3.0 0.0 0.0 0.0 -1.0 -1.0 -1.0 -4.0 -2.0 -4.0 -3.0 0.0 -1.0 -3.0 -1.0 -1.0 -3.0 -1.0 -4.0 -1.0 -1.0 -3.0 -4.0 -3.0 -1.0 -3.0 -4.0 -1.0 -3.0 -1.0 0.0 -3.0 -1.0 -2.0 -3.0 -3.0 -2.0 0.0 -2.0 -3.0 -3.0 -2.0 -4.0 -1.0 -4.0 -1.0 0.0 -3.0 -3.0 -1.0 -1.0 -3.0 0.0 -4.0 -4.0 -3.0 -2.0 -2.0 0.0 -3.0 0.0 -3.0 -3.0 -1.0 -1.0 -1.0 -1.0 -1.0 -1.0 -2.0 -4.0 -4.0 0.0 -3.0 -4.0 -4.0 -2.0 -2.0 0.0 -3.0 -3.0 0.0 -1.0 -4.0 -3.0 -3.0 
-2.0 0.0 -1.0 0.0 -2.0 -2.0 -1.0 -2.0 -3.0 -1.0 -3.0 -1.0 -4.0 -1.0 0.0 0.0 -3.0 -2.0 -1.0 -1.0 -1.0 -3.0 -1.0 -4.0 -1.0 -4.0 220.0 -3.0 -3.0 -1.0 -3.0 0.0 -1.0 -1.0 -4.0 -3.0 -4.0 -3.0 -1.0 -4.0 0.0 -3.0 -3.0 -4.0 -4.0 -2.0 -2.0 -1.0 -1.0 0.0 -2.0 -3.0 -2.0 -2.0 0.0 -3.0 -2.0 -2.0 0.0 -2.0 -2.0 -2.0 -1.0 -1.0 -3.0 -2.0 0.0 -4.0 -1.0 -1.0 -3.0 -4.0 -4.0 -2.0 -3.0 -3.0 -2.0 0.0 -1.0 -2.0 -3.0 -2.0 0.0 -2.0 -2.0 0.0 0.0 -1.0 -4.0 -3.0 -1.0 -4.0 -2.0 -3.0 -3.0 -2.0 -1.0 -3.0 -2.0 -3.0 0.0 -1.0 -1.0 0.0 -3.0 0.0 -4.0 0.0 0.0 -4.0 -4.0 -1.0 -4.0 -3.0 0.0 
-4.0 -3.0 -4.0 -4.0 -2.0 -4.0 -3.0 -3.0 -4.0 -2.0 -4.0 0.0 -4.0 -2.0 -3.0 -1.0 -4.0 -3.0 -1.0 -3.0 -3.0 -1.0 0.0 -2.0 -2.0 -2.0 -3.0 261.0 -2.0 -3.0 -1.0 -4.0 -1.0 -2.0 -4.0 -3.0 -4.0 -3.0 -1.0 -4.0 -3.0 0.0 -3.0 -3.0 -4.0 -3.0 -2.0 -4.0 0.0 -3.0 -4.0 -4.0 -3.0 -1.0 -2.0 -2.0 -1.0 -3.0 0.0 -2.0 -2.0 0.0 -2.0 0.0 -2.0 -4.0 0.0 -1.0 -4.0 0.0 -4.0 -3.0 -1.0 0.0 -3.0 -1.0 -2.0 0.0 0.0 -2.0 -2.0 0.0 0.0 0.0 -3.0 -1.0 -4.0 -3.0 0.0 -1.0 -4.0 0.0 0.0 -3.0 -3.0 -4.0 -2.0 0.0 -4.0 -2.0 0.0 -1.0 -4.0 -4.0 -4.0 -3.0 -1.0 -4.0 -4.0 -3.0 -3.0 -4.0 -4.0 -2.0 -3.0 
0.0 -3.0 -4.0 -1.0 -2.0 0.0 0.0 -4.0 -1.0 -1.0 -4.0 -2.0 -1.0 -4.0 -4.0 -4.0 0.0 -1.0 -3.0 -1.0 -3.0 -4.0 0.0 -3.0 -1.0 -4.0 -3.0 0.0 236.0 -1.0 0.0 -4.0 -2.0 -4.0 0.0 -4.0 0.0 -2.0 -4.0 -4.0 -3.0 -1.0 -4.0 -1.0 0.0 0.0 -1.0 -4.0 0.0 -4.0 -4.0 -1.0 -3.0 -1.0 -4.0 -4.0 -1.0 -3.0 -3.0 0.0 -4.0 -4.0 -4.0 -3.0 -1.0 -4.0 -4.0 0.0 -2.0 -1.0 -1.0 0.0 -4.0 -3.0 -2.0 0.0 -1.0 0.0 -4.0 -2.0 -1.0 -2.0 -1.0 -3.0 -1.0 -2.0 -4.0 -4.0 0.0 0.0 -4.0 0.0 -1.0 -1.0 -3.0 0.0 -3.0 0.0 -1.0 -4.0 -1.0 -4.0 0.0 -1.0 0.0 -2.0 -3.0 -4.0 -3.0 -1.0 -1.0 -4.0 -3.0 -2.0 -3.0 
-2.0 -1.0 -2.0 -2.0 0.0 0.0 -3.0 -1.0 0.0 -4.0 -1.0 -1.0 0.0 -2.0 -4.0 -2.0 -4.0 0.0 -3.0 -3.0 -2.0 -3.0 -3.0 -4.0 -3.0 0.0 -4.0 -2.0 -3.0 218.0 0.0 -1.0 -4.0 -4.0 0.0 -2.0 -4.0 -3.0 -1.0 0.0 0.0 -2.0 -4.0 -3.0 -1.0 -1.0 -2.0 -1.0 0.0 -2.0 0.0 -1.0 0.0 -1.0 -4.0 0.0 0.0 0.0 -3.0 -3.0 0.0 -1.0 -3.0 -4.0 -2.0 -2.0 -1.0 0.0 -1.0 -3.0 0.0 -3.0 -1.0 -4.0 -3.0 -4.0 -3.0 -3.0 -2.0 -1.0 -1.0 -3.0 0.0 -4.0 -2.0 -2.0 -2.0 -2.0 -3.0 -2.0 -4.0 -2.0 -2.0 -4.0 -2.0 -3.0 -1.0 -1.0 0.0 -4.0 -2.0 -4.0 0.0 -2.0 -1.0 -2.0 0.0 -2.0 -3.0 -1.0 -4.0 0.0 0.0 -2.0 -4.0 
-3.0 -4.0 -4.0 -1.0 -2.0 -3.0 0.0 -2.0 -1.0 -2.0 -3.0 -4.0 0.0 -3.0 -1.0 -3.0 -2.0 -4.0 -3.0 0.0 -1.0 0.0 -3.0 -4.0 -1.0 -1.0 -2.0 -4.0 -3.0 -3.0 230.0 -1.0 0.0 0.0 -3.0 0.0 -3.0 -3.0 -4.0 -4.0 -2.0 -2.0 -4.0 -2.0 -2.0 0.0 -1.0 -1.0 -2.0 -3.0 -2.0 -2.0 -3.0 -1.0 -1.0 0.0 -1.0 -3.0 -1.0 -3.0 -1.0 -2.0 0.0 -2.0 -4.0 -3.0 -4.0 0.0 -3.0 -3.0 0.0 0.0 -2.0 -3.0 -3.0 -3.0 -3.0 -2.0 -4.0 -3.0 -3.0 0.0 -4.0 -2.0 -3.0 -1.0 0.0 -3.0 -1.0 -3.0 -4.0 -1.0 -2.0 0.0 -3.0 -1.0 0.0 -3.0 -3.0 0.0 -1.0 -4.0 -3.0 0.0 0.0 -2.0 -1.0 -3.0 -2.0 -1.0 0.0 -4.0 -2.0 -3.0 -1.0 
-3.0 -4.0 -1.0 -4.0 0.0 -3.0 0.0 -4.0 -2.0 0.0 -2.0 -4.0 -1.0 -1.0 0.0 -3.0 -2.0 -2.0 -2.0 -3.0 -4.0 -2.0 -4.0 0.0 -4.0 -2.0 -4.0 -2.0 -4.0 -3.0 0.0 238.0 0.0 -4.0 0.0 -3.0 -4.0 -3.0 -2.0 -1.0 -1.0 -3.0 -3.0 -2.0 -2.0 -4.0 -4.0 -1.0 -4.0 -2.0 -3.0 0.0 -2.0 0.0 -3.0 -4.0 -4.0 -1.0 -4.0 -1.0 -2.0 -3.0 0.0 0.0 -4.0 -4.0 -1.0 -3.0 -4.0 -2.0 -2.0 0.0 -1.0 0.0 -1.0 -2.0 0.0 -4.0 -2.0 0.0 -1.0 -1.0 -4.0 0.0 -3.0 0.0 -1.0 -3.0 -3.0 -4.0 -2.0 0.0 -4.0 -1.0 -4.0 -2.0 -1.0 -2.0 0.0 -4.0 -1.0 -3.0 -3.0 -4.0 -1.0 -1.0 -1.0 -3.0 -3.0 -4.0 0.0 -2.0 -2.0 0.0 0.0 
-4.0 -4.0 -2.0 -2.0 -1.0 -3.0 -3.0 -3.0 -3.0 -2.0 -3.0 -1.0 -3.0 -3.0 -1.0 0.0 -4.0 -2.0 0.0 -1.0 -2.0 -2.0 -1.0 -4.0 -1.0 -3.0 -1.0 -1.0 -4.0 -1.0 -3.0 -3.0 228.0 0.0 -2.0 0.0 0.0 -3.0 0.0 -2.0 0.0 -3.0 0.0 -4.0 -3.0 0.0 0.0 -1.0 0.0 0.0 -2.0 -3.0 -2.0 -1.0 -2.0 -4.0 0.0 -1.0 0.0 -1.0 -1.0 -3.0 -2.0 -3.0 -1.0 -4.0 0.0 -2.0 -3.0 -3.0 -1.0 -4.0 0.0 -4.0 -3.0 0.0 0.0 -2.0 -4.0 0.0 -1.0 -2.0 -4.0 -3.0 -4.0 -1.0 -2.0 -3.0 -4.0 -4.0 0.0 -2.0 -3.0 -4.0 -3.0 -2.0 0.0 -3.0 0.0 -2.0 -4.0 -1.0 -3.0 -1.0 -4.0 -4.0 -2.0 0.0 0.0 -3.0 -3.0 0.0 -4.0 -4.0 -3.0 
-2.0 -4.0 -4.0 -2.0 -2.0 0.0 -1.0 -2.0 0.0 -1.0 -4.0 -4.0 -2.0 -4.0 0.0 -2.0 -1.0 -2.0 -2.0 -2.0 -3.0 -3.0 -1.0 0.0 -4.0 -3.0 -2.0 -4.0 -3.0 0.0 -3.0 -3.0 -1.0 244.0 0.0 -4.0 0.0 0.0 -1.0 -3.0 -2.0 -3.0 -2.0 -2.0 0.0 -3.0 -3.0 -4.0 -4.0 -3.0 -3.0 -1.0 -2.0 -3.0 0.0 0.0 -4.0 -2.0 -3.0 -2.0 -1.0 -4.0 -2.0 -1.0 0.0 -1.0 -2.0 -2.0 -4.0 -3.0 -2.0 -1.0 -4.0 -1.0 0.0 -4.0 -4.0 -1.0 -4.0 -2.0 -3.0 -1.0 -2.0 0.0 -2.0 -4.0 -4.0 -4.0 -3.0 -3.0 0.0 -3.0 -1.0 -4.0 0.0 -3.0 -4.0 -2.0 -3.0 0.0 -4.0 -2.0 -3.0 -2.0 -1.0 -2.0 -2.0 0.0 -4.0 0.0 -2.0 -2.0 0.0 -4.0 -2.0 
-3.0 -2.0 -2.0 0.0 -4.0 -4.0 -4.0 0.0 -2.0 -1.0 -3.0 -3.0 -4.0 -4.0 0.0 0.0 -4.0 0.0 -2.0 0.0 0.0 0.0 -3.0 -3.0 -2.0 -3.0 -2.0 -1.0 -2.0 -4.0 -1.0 -3.0 -4.0 -3.0 236.0 -1.0 -3.0 -1.0 -4.0 -3.0 0.0 -4.0 -1.0 -3.0 -1.0 -2.0 0.0 0.0 -2.0 -2.0 -2.0 -4.0 0.0 -4.0 0.0 -2.0 -4.0 0.0 0.0 -2.0 -2.0 -2.0 -1.0 -1.0 -4.0 0.0 -4.0 -2.0 -2.0 -2.0 -3.0 0.0 -1.0 0.0 -3.0 -2.0 -4.0 -3.0 -1.0 -4.0 -4.0 -2.0 -4.0 -2.0 -4.0 -2.0 -2.0 -4.0 -3.0 -1.0 -4.0 0.0 -2.0 -4.0 -3.0 -3.0 -4.0 -1.0 0.0 -1.0 0.0 -1.0 0.0 -2.0 -2.0 0.0 -2.0 -4.0 -1.0 -4.0 -1.0 -4.0 0.0 -3.0 -3.0 
-1.0 -1.0 -4.0 -1.0 -2.0 -2.0 -1.0 -2.0 -4.0 -2.0 -3.0 -4.0 -2.0 -4.0 -2.0 -2.0 -3.0 0.0 -2.0 0.0 -3.0 -2.0 -2.0 0.0 -4.0 -2.0 -1.0 -4.0 -1.0 0.0 -2.0 0.0 -3.0 0.0 -2.0 232.0 -3.0 -2.0 -4.0 -4.0 0.0 -3.0 -2.0 -2.0 0.0 -2.0 -4.0 0.0 -4.0 -3.0 0.0 0.0 -2.0 -3.0 -2.0 0.0 0.0 -3.0 -3.0 -1.0 -4.0 -1.0 -1.0 0.0 -1.0 -1.0 -3.0 -1.0 0.0 -4.0 -3.0 -4.0 -4.0 -4.0 -1.0 -3.0 -4.0 -4.0 -3.0 -2.0 -2.0 -4.0 -4.0 -4.0 0.0 0.0 -3.0 -1.0 0.0 -4.0 -2.0 0.0 -4.0 -4.0 -1.0 -4.0 -2.0 -4.0 0.0 -3.0 -2.0 -2.0 -2.0 -2.0 0.0 -1.0 -4.0 -3.0 -4.0 0.0 0.0 -1.0 0.0 -1.0 -1.0 
-3.0 -1.0 -4.0 -3.0 -2.0 0.0 -1.0 -2.0 0.0 -2.0 -1.0 -1.0 -1.0 0.0 -3.0 -2.0 -3.0 -4.0 -3.0 -2.0 -4.0 -1.0 -3.0 -1.0 -3.0 -3.0 -2.0 -4.0 -1.0 0.0 -3.0 -3.0 0.0 0.0 -2.0 -3.0 247.0 -4.0 -1.0 -3.0 -4.0 -2.0 -3.0 -4.0 -2.0 -4.0 -2.0 0.0 -2.0 -3.0 -2.0 -4.0 -1.0 -2.0 -3.0 -2.0 0.0 -1.0 -3.0 -4.0 -3.0 -4.0 0.0 -3.0 0.0 -4.0 -2.0 -4.0 -3.0 0.0 -4.0 -2.0 -1.0 -2.0 -3.0 -3.0 -1.0 -3.0 -2.0 -4.0 -3.0 -1.0 -1.0 -3.0 -4.0 -2.0 -1.0 -4.0 -4.0 0.0 -1.0 -1.0 -3.0 -3.0 -3.0 0.0 0.0 -4.0 -4.0 -4.0 -3.0 -1.0 -1.0 -3.0 -2.0 0.0 -1.0 -3.0 0.0 -2.0 0.0 -3.0 -3.0 -1.0 -3.0 
-2.0 -4.0 -3.0 -4.0 -4.0 0.0 -4.0 -2.0 -3.0 0.0 0.0 0.0 -3.0 -1.0 -1.0 -2.0 -1.0 -4.0 -3.0 0.0 -4.0 -2.0 -4.0 -4.0 0.0 -4.0 -2.0 0.0 -2.0 0.0 0.0 0.0 -1.0 0.0 -2.0 -2.0 -4.0 245.0 -3.0 -2.0 -2.0 -3.0 -3.0 -2.0 0.0 -3.0 -1.0 -2.0 -1.0 -2.0 -4.0 0.0 -3.0 -3.0 -4.0 0.0 -4.0 -1.0 -1.0 -1.0 -4.0 -4.0 -4.0 -3.0 -1.0 -2.0 -1.0 -4.0 -4.0 -1.0 -4.0 -1.0 -2.0 -3.0 -4.0 -3.0 0.0 -1.0 -4.0 -3.0 -2.0 -4.0 -2.0 0.0 -4.0 -1.0 -2.0 -1.0 -2.0 -4.0 -1.0 0.0 -2.0 -3.0 -4.0 -3.0 -3.0 -3.0 -3.0 -1.0 -1.0 -3.0 -1.0 -2.0 -1.0 -1.0 -4.0 -3.0 -3.0 -1.0 -3.0 0.0 -3.0 -2.0 -2.0 
-4.0 -2.0 0.0 -3.0 -2.0 -4.0 -2.0 -2.0 -1.0 -1.0 -4.0 -1.0 0.0 0.0 -3.0 0.0 -1.0 -1.0 -3.0 -4.0 -1.0 -2.0 0.0 -1.0 -4.0 -3.0 -4.0 -1.0 -2.0 -2.0 -4.0 -1.0 -1.0 -2.0 0.0 0.0 0.0 -2.0 232.0 0.0 -3.0 -1.0 -4.0 -3.0 -3.0 -2.0 -4.0 -1.0 -1.0 -2.0 0.0 -2.0 0.0 -3.0 -3.0 -1.0 -1.0 0.0 -3.0 -1.0 -4.0 -1.0 -2.0 -2.0 -3.0 -4.0 -2.0 -4.0 -4.0 -2.0 -1.0 -3.0 -4.0 0.0 -4.0 -2.0 -3.0 -4.0 -3.0 -1.0 -1.0 -3.0 -3.0 -1.0 -2.0 0.0 -3.0 -3.0 -1.0 0.0 -4.0 -4.0 -3.0 -4.0 0.0 -2.0 -2.0 -2.0 -1.0 -2.0 -2.0 -4.0 -3.0 -2.0 -3.0 -1.0 -2.0 -2.0 -4.0 -3.0 0.0 -2.0 0.0 -3.0 -1.0 
0.0 -1.0 0.0 0.0 -3.0 -2.0 -2.0 -2.0 -2.0 -4.0 -2.0 -3.0 -3.0 -1.0 -3.0 0.0 -1.0 0.0 -2.0 -3.0 -3.0 -4.0 -1.0 0.0 -1.0 0.0 -4.0 -4.0 -2.0 0.0 -4.0 -3.0 -2.0 -4.0 -1.0 -4.0 -4.0 -2.0 0.0 241.0 -1.0 -4.0 -4.0 -1.0 -4.0 -4.0 -2.0 -2.0 -3.0 -4.0 -4.0 -3.0 -4.0 -2.0 -1.0 -4.0 -2.0 0.0 -2.0 -2.0 0.0 -3.0 -2.0 0.0 -1.0 -2.0 -4.0 -4.0 -1.0 -2.0 -4.0 -2.0 -4.0 -3.0 -1.0 -4.0 -4.0 -3.0 -4.0 -1.0 0.0 0.0 -4.0 -2.0 0.0 -1.0 0.0 0.0 -1.0 -4.0 -2.0 -3.0 -2.0 -1.0 -1.0 -2.0 -1.0 -3.0 -4.0 -3.0 -1.0 -2.0 -3.0 -4.0 0.0 -3.0 -4.0 -1.0 -1.0 0.0 -1.0 -2.0 -4.0 -1.0 -1.0 
0.0 0.0 -4.0 -2.0 -2.0 -4.0 -4.0 -2.0 0.0 -2.0 -4.0 -1.0 -1.0 -1.0 -1.0 -1.0 -1.0 -2.0 -2.0 -3.0 0.0 0.0 -3.0 -4.0 -1.0 0.0 -1.0 -2.0 0.0 -3.0 -1.0 -2.0 -1.0 -4.0 -3.0 0.0 0.0 -2.0 0.0 -1.0 217.0 -1.0 -1.0 -4.0 0.0 -3.0 -2.0 -2.0 -1.0 -1.0 -1.0 -4.0 -1.0 -3.0 -4.0 0.0 -4.0 -4.0 -1.0 -2.0 -3.0 -2.0 -4.0 -2.0 0.0 0.0 -4.0 -4.0 0.0 0.0 -4.0 -2.0 -1.0 -3.0 -3.0 -3.0 -3.0 -1.0 -2.0 0.0 -4.0 -1.0 -2.0 0.0 -1.0 -3.0 -2.0 -4.0 -3.0 -2.0 -3.0 0.0 0.0 -1.0 -3.0 -3.0 -3.0 -2.0 -3.0 -1.0 -4.0 -4.0 -1.0 -3.0 -3.0 0.0 -2.0 0.0 -1.0 -3.0 -3.0 -3.0 -1.0 0.0 -3.0 
0.0 -3.0 -1.0 -1.0 -4.0 -4.0 0.0 0.0 0.0 0.0 -3.0 -3.0 -1.0 0.0 -2.0 0.0 -3.0 -1.0 -4.0 -2.0 -1.0 -3.0 -2.0 0.0 -3.0 0.0 -3.0 -3.0 0.0 0.0 -1.0 -2.0 -2.0 -3.0 -4.0 0.0 -4.0 -4.0 -1.0 0.0 -3.0 221.0 -2.0 -2.0 0.0 -4.0 -4.0 0.0 -4.0 -3.0 -1.0 -4.0 -4.0 -2.0 -2.0 -4.0 -3.0 0.0 -3.0 0.0 -4.0 -4.0 -4.0 -3.0 0.0 -3.0 -2.0 0.0 -4.0 0.0 -1.0 -3.0 -3.0 -4.0 0.0 -1.0 -3.0 0.0 -4.0 -4.0 -2.0 -2.0 -3.0 -4.0 -2.0 -1.0 -1.0 -3.0 -1.0 -1.0 -4.0 -2.0 -2.0 -1.0 -3.0 -1.0 0.0 0.0 -3.0 0.0 -3.0 -3.0 -3.0 -4.0 -1.0 -1.0 0.0 -1.0 -2.0 -4.0 0.0 0.0 0.0 -3.0 0.0 
-2.0 0.0 -3.0 -4.0 0.0 0.0 0.0 -1.0 -3.0 -2.0 -1.0 -3.0 -2.0 -1.0 -2.0 -2.0 -2.0 0.0 -4.0 0.0 0.0 -2.0 0.0 -4.0 -4.0 0.0 -1.0 -4.0 -1.0 -4.0 -4.0 -2.0 -2.0 -3.0 0.0 -2.0 0.0 0.0 -2.0 -3.0 -2.0 -2.0 207.0 -1.0 -4.0 -1.0 0.0 -2.0 -1.0 -3.0 -4.0 -2.0 0.0 -2.0 -1.0 -1.0 -4.0 -4.0 -4.0 -3.0 0.0 -4.0 -4.0 -2.0 -1.0 -2.0 -4.0 -4.0 0.0 -2.0 -2.0 -3.0 -3.0 -1.0 -1.0 -3.0 -4.0 0.0 -4.0 -1.0 -3.0 -1.0 0.0 0.0 -2.0 -1.0 -2.0 -2.0 -1.0 -1.0 0.0 0.0 0.0 -3.0 -3.0 0.0 -3.0 -1.0 0.0 0.0 -1.0 0.0 -4.0 0.0 -1.0 0.0 -2.0 -1.0 -4.0 -4.0 -4.0 0.0 -3.0 -4.0 0.0 
0.0 -3.0 -1.0 -3.0 -3.0 0.0 -4.0 -2.0 -4.0 -3.0 -3.0 -2.0 -2.0 -2.0 0.0 -2.0 -1.0 -2.0 -1.0 -1.0 -2.0 -1.0 -3.0 -4.0 -2.0 -2.0 0.0 -3.0 -3.0 -3.0 -2.0 -1.0 -1.0 -2.0 -1.0 -2.0 -4.0 0.0 -3.0 -3.0 -2.0 -2.0 -3.0 238.0 -1.0 -1.0 -1.0 0.0 -3.0 -3.0 -3.0 -1.0 -1.0 -2.0 -4.0 -4.0 -4.0 -4.0 0.0 0.0 -3.0 -3.0 -4.0 -4.0 -4.0 -1.0 -2.0 -2.0 -3.0 -2.0 -4.0 -2.0 -1.0 -4.0 0.0 0.0 -3.0 -4.0 -1.0 -3.0 -1.0 -4.0 0.0 -1.0 -3.0 0.0 -4.0 -4.0 -2.0 -1.0 -2.0 -1.0 -2.0 -3.0 -4.0 -2.0 -1.0 -3.0 -3.0 0.0 0.0 -3.0 -2.0 -3.0 0.0 -4.0 0.0 0.0 -2.0 0.0 -2.0 0.0 -4.0 -4.0 -3.0 
-4.0 -2.0 -4.0 -1.0 -1.0 -3.0 -1.0 -2.0 -2.0 -3.0 -3.0 -1.0 -3.0 -2.0 0.0 -3.0 -4.0 0.0 -1.0 0.0 -1.0 -4.0 -3.0 -1.0 0.0 -1.0 -4.0 -3.0 -4.0 0.0 -2.0 -3.0 -2.0 -4.0 -1.0 -3.0 -3.0 0.0 0.0 -1.0 -2.0 0.0 -4.0 -3.0 238.0 -1.0 -2.0 -2.0 -3.0 -2.0 -4.0 0.0 -1.0 0.0 0.0 -3.0 -3.0 -3.0 -1.0 -1.0 -1.0 -3.0 -3.0 0.0 -2.0 -2.0 -2.0 -1.0 -3.0 -1.0 0.0 0.0 -3.0 -4.0 -4.0 -2.0 -4.0 -4.0 -3.0 -2.0 -4.0 -4.0 0.0 -4.0 -4.0 0.0 -3.0 0.0 -3.0 -4.0 0.0 -3.0 -2.0 -3.0 0.0 -4.0 0.0 -2.0 0.0 -3.0 -3.0 -4.0 -2.0 -3.0 0.0 -4.0 -2.0 -3.0 -3.0 -2.0 -2.0 -3.0 -1.0 -4.0 0.0 
-3.0 0.0 -1.0 -2.0 -3.0 -2.0 0.0 0.0 0.0 -4.0 -3.0 -3.0 -1.0 -3.0 -3.0 -4.0 -1.0 -1.0 0.0 0.0 -2.0 0.0 -3.0 -3.0 0.0 -2.0 -2.0 -4.0 -3.0 -2.0 -3.0 0.0 -2.0 0.0 -4.0 -2.0 0.0 -4.0 -3.0 -2.0 -3.0 -3.0 -1.0 0.0 -2.0 226.0 0.0 0.0 -4.0 -2.0 -3.0 -3.0 -3.0 -1.0 -2.0 -1.0 -4.0 0.0 0.0 0.0 -2.0 -1.0 -2.0 -2.0 0.0 -2.0 0.0 -3.0 0.0 -1.0 -2.0 -3.0 -4.0 -3.0 -2.0 -4.0 -3.0 -1.0 0.0 -1.0 -3.0 -4.0 -4.0 -3.0 -3.0 -2.0 -3.0 -4.0 -1.0 -4.0 -2.0 -3.0 -1.0 -4.0 0.0 -4.0 -2.0 -2.0 -1.0 -4.0 -2.0 -4.0 -4.0 -2.0 0.0 0.0 0.0 -1.0 -4.0 -4.0 0.0 -2.0 -2.0 -2.0 -2.0 
-4.0 -1.0 -3.0 -1.0 -1.0 -4.0 -3.0 -2.0 -4.0 -4.0 -4.0 -2.0 -3.0 -4.0 -2.0 0.0 -3.0 -3.0 -1.0 0.0 -2.0 -3.0 -3.0 -2.0 -4.0 -4.0 -4.0 -3.0 -4.0 0.0 -1.0 -4.0 -2.0 -1.0 -3.0 -2.0 -3.0 -3.0 -4.0 -2.0 0.0 -4.0 -3.0 -1.0 -1.0 -2.0 229.0 -3.0 -1.0 -2.0 -1.0 -1.0 0.0 -2.0 -4.0 0.0 -1.0 0.0 -4.0 -4.0 -1.0 -1.0 -1.0 -2.0 0.0 -1.0 0.0 -3.0 -4.0 -4.0 -3.0 -3.0 0.0 -3.0 -1.0 -1.0 -4.0 -1.0 -3.0 0.0 0.0 -3.0 -4.0 -1.0 -1.0 -2.0 -2.0 -4.0 -2.0 -3.0 -1.0 0.0 -2.0 0.0 0.0 0.0 -3.0 0.0 0.0 -1.0 0.0 -2.0 -1.0 -1.0 -3.0 -4.0 -1.0 0.0 -2.0 -4.0 -2.0 0.0 0.0 -3.0 -4.0 
-1.0 -3.0 -1.0 -2.0 0.0 -1.0 -4.0 -4.0 -2.0 -2.0 -3.0 -1.0 -1.0 0.0 -4.0 -1.0 0.0 -2.0 -2.0 0.0 -3.0 -2.0 0.0 -1.0 -4.0 0.0 -1.0 -1.0 -2.0 -4.0 -2.0 -1.0 0.0 0.0 -4.0 -4.0 0.0 -2.0 -1.0 0.0 -4.0 -4.0 -4.0 -3.0 0.0 -3.0 -1.0 238.0 -4.0 -3.0 -3.0 -3.0 -3.0 -2.0 -2.0 -4.0 -3.0 -4.0 -2.0 -3.0 -3.0 -4.0 0.0 -1.0 -4.0 0.0 -4.0 -2.0 -2.0 -3.0 -2.0 -4.0 -3.0 0.0 -1.0 0.0 -3.0 -2.0 -3.0 -2.0 -4.0 -1.0 0.0 -2.0 -2.0 -1.0 -2.0 -4.0 -2.0 -2.0 -1.0 -1.0 -2.0 -3.0 0.0 -2.0 -1.0 -3.0 -3.0 -2.0 -4.0 -4.0 -2.0 -2.0 -4.0 0.0 -1.0 0.0 -3.0 -4.0 -2.0 -3.0 -2.0 -2.0 -3.0 
-2.0 -1.0 -1.0 0.0 -3.0 -3.0 -2.0 -2.0 -1.0 -2.0 -4.0 0.0 -3.0 -4.0 0.0 -4.0 -1.0 -1.0 -3.0 -4.0 -1.0 -1.0 -3.0 -4.0 -4.0 -2.0 -3.0 0.0 0.0 -2.0 0.0 -4.0 -3.0 -4.0 -1.0 -1.0 -4.0 -2.0 -2.0 -1.0 -1.0 -2.0 0.0 -3.0 -2.0 -4.0 -4.0 -3.0 237.0 0.0 -3.0 -1.0 -3.0 -1.0 -3.0 -4.0 -4.0 -1.0 -2.0 -2.0 0.0 -1.0 -1.0 -1.0 -2.0 -4.0 -3.0 -1.0 0.0 -2.0 -2.0 -3.0 -2.0 0.0 -1.0 -2.0 0.0 -4.0 -2.0 -1.0 -4.0 -4.0 -3.0 -4.0 0.0 -3.0 -3.0 -3.0 -3.0 -2.0 -2.0 0.0 -4.0 -1.0 -3.0 -1.0 -2.0 -4.0 -2.0 -4.0 -4.0 -3.0 -4.0 -2.0 -3.0 -1.0 -2.0 0.0 -3.0 0.0 0.0 -1.0 -2.0 -2.0 0.0 
0.0 0.0 -4.0 -1.0 -1.0 -3.0 -2.0 -3.0 0.0 -2.0 0.0 -1.0 -4.0 0.0 0.0 -2.0 -2.0 -1.0 -4.0 -4.0 -3.0 -2.0 -3.0 -4.0 -4.0 -4.0 -3.0 -3.0 -2.0 -2.0 -3.0 0.0 0.0 -4.0 -4.0 -3.0 -3.0 -4.0 0.0 -2.0 0.0 -3.0 -4.0 0.0 0.0 0.0 -1.0 -4.0 -3.0 238.0 -2.0 -4.0 -1.0 -4.0 -1.0 -4.0 0.0 -3.0 -4.0 -4.0 -1.0 0.0 -1.0 -3.0 -4.0 -4.0 -3.0 0.0 -2.0 -4.0 0.0 0.0 -2.0 -2.0 -2.0 -1.0 -2.0 -4.0 -4.0 -1.0 -1.0 -2.0 -3.0 -1.0 -3.0 -3.0 -1.0 0.0 -1.0 -3.0 -3.0 -4.0 0.0 0.0 0.0 0.0 0.0 0.0 -4.0 -3.0 -3.0 -4.0 -3.0 0.0 -2.0 -3.0 -2.0 -1.0 -4.0 -3.0 -4.0 -1.0 0.0 -3.0 -4.0 
0.0 -3.0 -2.0 -1.0 -4.0 -1.0 -4.0 -2.0 -4.0 -3.0 -3.0 -4.0 -2.0 -3.0 -2.0 0.0 0.0 -1.0 -3.0 0.0 -1.0 -1.0 0.0 -1.0 -4.0 -2.0 -4.0 -4.0 -4.0 -4.0 -1.0 -2.0 -2.0 -4.0 -2.0 -3.0 0.0 -1.0 -4.0 -1.0 -1.0 -1.0 -3.0 -2.0 0.0 -1.0 0.0 -4.0 -2.0 -3.0 223.0 -3.0 -4.0 0.0 -1.0 -3.0 -1.0 -2.0 -1.0 0.0 -1.0 0.0 -2.0 -1.0 -1.0 -2.0 -1.0 -4.0 -2.0 -2.0 0.0 -2.0 -3.0 -2.0 -3.0 -2.0 -1.0 0.0 -3.0 0.0 -3.0 0.0 -1.0 -4.0 0.0 -2.0 -3.0 -2.0 -1.0 -2.0 -3.0 -4.0 -1.0 -3.0 -4.0 -1.0 -4.0 0.0 -1.0 -3.0 -4.0 -4.0 -1.0 -1.0 -2.0 -4.0 -4.0 0.0 -1.0 -3.0 -3.0 -1.0 -2.0 0.0 0.0 
0.0 -4.0 -3.0 0.0 0.0 -2.0 -2.0 -2.0 -4.0 -3.0 -4.0 -1.0 0.0 0.0 -2.0 -2.0 -1.0 -4.0 -4.0 -1.0 -4.0 0.0 -2.0 -2.0 0.0 -4.0 -1.0 -4.0 0.0 -1.0 -4.0 -4.0 0.0 0.0 -2.0 -4.0 -2.0 -4.0 -1.0 -2.0 -2.0 -2.0 -2.0 -3.0 -2.0 -4.0 -1.0 0.0 0.0 -4.0 -3.0 237.0 0.0 -1.0 -4.0 -1.0 -3.0 0.0 -3.0 -3.0 -1.0 -2.0 -4.0 -1.0 -2.0 -4.0 -2.0 -4.0 0.0 -1.0 -2.0 -4.0 -3.0 -3.0 -3.0 -4.0 -2.0 0.0 -2.0 -2.0 -2.0 -4.0 -1.0 -4.0 -4.0 -2.0 -3.0 -3.0 0.0 0.0 -1.0 -4.0 -2.0 -1.0 -1.0 -3.0 -2.0 -4.0 -2.0 -4.0 -4.0 0.0 0.0 -3.0 -2.0 -2.0 0.0 0.0 -1.0 -3.0 -1.0 -1.0 -1.0 -4.0 -4.0 
-3.0 -3.0 0.0 -1.0 -1.0 0.0 0.0 0.0 -2.0 -4.0 0.0 -2.0 -2.0 -1.0 -2.0 -1.0 -2.0 -3.0 -4.0 -2.0 -3.0 0.0 -2.0 0.0 -1.0 -1.0 -3.0 -1.0 0.0 -2.0 -1.0 -3.0 -1.0 -2.0 -1.0 -2.0 -1.0 0.0 -1.0 -2.0 0.0 -4.0 -2.0 -3.0 -1.0 -2.0 -1.0 0.0 0.0 -2.0 -3.0 -2.0 203.0 -1.0 -3.0 -2.0 0.0 -4.0 -2.0 -3.0 -1.0 -4.0 -4.0 -2.0 -4.0 -2.0 -3.0 -3.0 -3.0 -3.0 -3.0 -1.0 -1.0 -3.0 0.0 -3.0 -2.0 -1.0 -1.0 0.0 -3.0 -1.0 -1.0 -4.0 -4.0 -1.0 -1.0 -1.0 -1.0 0.0 -4.0 -1.0 -3.0 -4.0 -2.0 0.0 0.0 -2.0 -2.0 0.0 -3.0 -1.0 -4.0 -2.0 0.0 -2.0 -1.0 0.0 -2.0 -3.0 -3.0 -2.0 -1.0 -3.0 -2.0 
-3.0 -4.0 -1.0 -2.0 -2.0 -4.0 -4.0 -1.0 0.0 -2.0 0.0 -4.0 -1.0 -1.0 -1.0 -2.0 -1.0 0.0 0.0 -1.0 -1.0 -2.0 -1.0 -1.0 -3.0 -1.0 -2.0 -4.0 -1.0 -2.0 -3.0 -4.0 -1.0 -3.0 -2.0 -1.0 -3.0 -4.0 -3.0 0.0 -2.0 0.0 -1.0 -2.0 -2.0 -1.0 0.0 0.0 -2.0 -1.0 0.0 -4.0 0.0 223.0 -2.0 -3.0 -3.0 -3.0 -3.0 -3.0 0.0 -2.0 -3.0 0.0 -1.0 -3.0 -3.0 -2.0 0.0 0.0 -4.0 0.0 -4.0 -2.0 -1.0 -3.0 -3.0 -3.0 -3.0 0.0 -4.0 0.0 -3.0 0.0 -4.0 -4.0 -4.0 -1.0 -4.0 -4.0 0.0 -4.0 -2.0 -2.0 0.0 -2.0 -2.0 -3.0 -3.0 0.0 -4.0 -1.0 -4.0 -4.0 -2.0 0.0 -1.0 0.0 -1.0 -2.0 -4.0 -1.0 -2.0 -3.0 -3.0 
-1.0 -3.0 -4.0 -3.0 0.0 -1.0 0.0 0.0 -1.0 0.0 -3.0 -4.0 -1.0 -2.0 -2.0 -2.0 -1.0 -4.0 0.0 -4.0 -3.0 -2.0 -1.0 -3.0 -4.0 -1.0 -2.0 0.0 0.0 -2.0 -1.0 -2.0 -2.0 -3.0 0.0 -2.0 -2.0 -4.0 -2.0 0.0 -3.0 -1.0 -4.0 -2.0 -1.0 0.0 0.0 0.0 -4.0 -1.0 0.0 -1.0 -4.0 -3.0 234.0 -3.0 -1.0 -4.0 -2.0 -1.0 -4.0 -1.0 -3.0 -4.0 0.0 -4.0 -2.0 0.0 -4.0 -4.0 -2.0 0.0 -3.0 0.0 -2.0 -4.0 -3.0 -3.0 -4.0 -2.0 -1.0 -1.0 -2.0 -4.0 -1.0 -4.0 -4.0 -2.0 -2.0 -2.0 -2.0 -2.0 -4.0 -1.0 -4.0 -3.0 0.0 -1.0 -1.0 -3.0 -4.0 -1.0 0.0 -2.0 0.0 -3.0 -4.0 0.0 -3.0 -4.0 -4.0 -1.0 -4.0 0.0 -4.0 
-3.0 -4.0 -3.0 -3.0 0.0 -1.0 -4.0 -4.0 -3.0 -1.0 -1.0 -1.0 -4.0 -2.0 -3.0 0.0 -4.0 -3.0 -3.0 0.0 -1.0 0.0 -2.0 -2.0 -3.0 -1.0 -1.0 0.0 -2.0 -3.0 -4.0 -4.0 0.0 -4.0 0.0 0.0 -2.0 -2.0 -3.0 0.0 -3.0 -1.0 -1.0 0.0 -4.0 -3.0 -1.0 -3.0 -1.0 -2.0 -4.0 -1.0 0.0 -2.0 -1.0 238.0 -1.0 -1.0 -3.0 0.0 -3.0 -2.0 -1.0 -1.0 -3.0 -3.0 -1.0 -4.0 0.0 -3.0 -4.0 -2.0 -2.0 -4.0 0.0 -2.0 -3.0 -3.0 -4.0 -1.0 -1.0 -4.0 -4.0 -1.0 -3.0 0.0 0.0 -2.0 -1.0 0.0 -4.0 -4.0 -2.0 0.0 -3.0 -4.0 -2.0 0.0 -4.0 0.0 -3.0 -1.0 -4.0 -4.0 -4.0 -2.0 -1.0 -3.0 -3.0 -1.0 -4.0 -2.0 -1.0 -4.0 -3.0 
-2.0 -3.0 -4.0 0.0 -2.0 -3.0 -2.0 -1.0 -4.0 -4.0 -1.0 0.0 -3.0 -3.0 -1.0 0.0 -1.0 -2.0 -2.0 0.0 -1.0 -1.0 0.0 -4.0 -2.0 -1.0 -3.0 -3.0 -1.0 0.0 -4.0 -2.0 0.0 -1.0 0.0 -4.0 0.0 -4.0 -4.0 -2.0 -1.0 -4.0 -3.0 0.0 -2.0 -3.0 -3.0 -2.0 0.0 -3.0 -1.0 -4.0 0.0 -1.0 -2.0 -2.0 223.0 -3.0 -3.0 -1.0 -4.0 -1.0 -1.0 -4.0 -4.0 -2.0 -3.0 -2.0 -2.0 -1.0 -3.0 -1.0 -2.0 -4.0 0.0 -2.0 -4.0 -4.0 -2.0 0.0 -3.0 -2.0 -1.0 -1.0 -2.0 -3.0 0.0 0.0 -3.0 -4.0 -2.0 -3.0 -1.0 -1.0 -4.0 -4.0 -2.0 0.0 -3.0 -1.0 -2.0 -4.0 -4.0 -4.0 0.0 -1.0 -1.0 0.0 0.0 0.0 0.0 -3.0 -2.0 -1.0 -2.0 
-3.0 -3.0 -4.0 -4.0 -1.0 0.0 -3.0 -2.0 -3.0 -3.0 -2.0 -2.0 -1.0 -4.0 -2.0 -4.0 0.0 -1.0 -3.0 -2.0 -4.0 -3.0 0.0 0.0 0.0 -4.0 -3.0 -4.0 -3.0 0.0 -1.0 -2.0 -4.0 -3.0 -3.0 -4.0 0.0 -1.0 -3.0 -1.0 0.0 -4.0 -2.0 -4.0 -4.0 0.0 -4.0 -1.0 -3.0 -2.0 -4.0 -1.0 -3.0 -1.0 0.0 -3.0 0.0 238.0 -4.0 -2.0 -4.0 -3.0 -4.0 -1.0 0.0 -2.0 -1.0 0.0 -3.0 0.0 0.0 -4.0 -3.0 -4.0 0.0 0.0 0.0 -2.0 0.0 -3.0 -3.0 -4.0 -1.0 -1.0 -4.0 -2.0 0.0 -1.0 -4.0 0.0 -4.0 -4.0 -3.0 0.0 -3.0 -3.0 0.0 -1.0 0.0 -4.0 -3.0 -4.0 0.0 -4.0 -3.0 -1.0 -4.0 -1.0 0.0 -1.0 -2.0 -1.0 -4.0 -2.0 0.0 
-1.0 -4.0 -3.0 -4.0 -4.0 0.0 -1.0 -1.0 -3.0 -4.0 -3.0 -4.0 -1.0 -4.0 -4.0 -3.0 0.0 -1.0 0.0 -3.0 -2.0 0.0 -4.0 -3.0 -3.0 -2.0 -1.0 -4.0 -3.0 -1.0 -3.0 -4.0 -3.0 -1.0 0.0 -2.0 -2.0 -3.0 -4.0 -1.0 -2.0 -2.0 0.0 0.0 -1.0 -3.0 -4.0 -3.0 -2.0 -2.0 -2.0 0.0 -4.0 -1.0 -3.0 -2.0 -3.0 -2.0 227.0 -4.0 -3.0 0.0 -3.0 -3.0 0.0 -3.0 -2.0 0.0 -4.0 -1.0 -1.0 -4.0 -1.0 0.0 0.0 -1.0 -2.0 -2.0 0.0 -1.0 -1.0 -3.0 0.0 -1.0 -1.0 0.0 -3.0 -3.0 -4.0 -1.0 -3.0 -3.0 0.0 -1.0 -4.0 -1.0 -4.0 -1.0 -4.0 -4.0 -1.0 0.0 -1.0 -4.0 -1.0 -2.0 -1.0 0.0 -1.0 0.0 -2.0 -1.0 -4.0 0.0 -2.0 
-2.0 -2.0 -3.0 -3.0 -4.0 0.0 -1.0 -3.0 -3.0 -4.0 -2.0 0.0 0.0 -3.0 -1.0 -4.0 -1.0 -3.0 -2.0 -2.0 -1.0 -3.0 -4.0 -1.0 -3.0 -3.0 0.0 -3.0 -1.0 -1.0 -1.0 -2.0 -4.0 -1.0 -2.0 0.0 -4.0 -2.0 -4.0 -3.0 -1.0 -1.0 -2.0 -2.0 -3.0 -3.0 -2.0 -2.0 -2.0 -3.0 -2.0 -3.0 0.0 0.0 -4.0 -3.0 -3.0 0.0 -4.0 226.0 -3.0 -2.0 -4.0 -2.0 -2.0 -4.0 -3.0 -4.0 -3.0 0.0 -2.0 0.0 -1.0 -1.0 -2.0 0.0 -2.0 0.0 0.0 0.0 -1.0 -2.0 -2.0 -3.0 -1.0 0.0 -2.0 -4.0 -2.0 -3.0 -2.0 -4.0 -2.0 0.0 -2.0 -4.0 -1.0 0.0 -3.0 0.0 -1.0 -1.0 -3.0 0.0 -2.0 -1.0 -4.0 -1.0 -3.0 0.0 -1.0 -2.0 0.0 -4.0 -4.0 
0.0 -3.0 0.0 -3.0 -4.0 -2.0 -3.0 -3.0 -3.0 -1.0 -1.0 -1.0 -1.0 -1.0 0.0 -3.0 -1.0 -2.0 -3.0 -1.0 -3.0 0.0 0.0 0.0 -3.0 -3.0 -1.0 -2.0 -4.0 -1.0 -2.0 -1.0 -2.0 -4.0 -4.0 -1.0 -3.0 -1.0 -2.0 -2.0 -1.0 -4.0 -4.0 0.0 -2.0 -3.0 -3.0 0.0 -2.0 -1.0 -1.0 -2.0 -3.0 -1.0 0.0 -2.0 -1.0 0.0 -1.0 0.0 205.0 -3.0 -1.0 -1.0 -4.0 -4.0 0.0 0.0 0.0 -4.0 -2.0 -2.0 0.0 -4.0 -1.0 0.0 -1.0 0.0 0.0 -4.0 -2.0 -1.0 -3.0 -1.0 -4.0 -1.0 0.0 0.0 -2.0 -2.0 -1.0 -4.0 -2.0 -3.0 -3.0 0.0 0.0 -2.0 -3.0 0.0 -3.0 -3.0 -1.0 -3.0 -4.0 -1.0 0.0 0.0 -2.0 -3.0 -4.0 -1.0 -2.0 -4.0 -3.0 
-3.0 -3.0 -3.0 0.0 0.0 0.0 -1.0 -3.0 -2.0 0.0 -1.0 -3.0 -4.0 -3.0 -4.0 -2.0 0.0 -1.0 0.0 -2.0 -1.0 -1.0 0.0 -4.0 -1.0 -3.0 -4.0 -3.0 -3.0 -4.0 -4.0 -4.0 -1.0 0.0 -4.0 -2.0 0.0 -4.0 -3.0 -3.0 -3.0 -4.0 -1.0 -4.0 0.0 -4.0 -1.0 -1.0 -4.0 0.0 -4.0 -2.0 -2.0 -1.0 -4.0 -2.0 -2.0 0.0 -1.0 0.0 -2.0 252.0 -2.0 0.0 0.0 -1.0 -3.0 -3.0 -3.0 -3.0 -3.0 -1.0 -2.0 -1.0 -4.0 -2.0 -3.0 0.0 -4.0 -2.0 -3.0 -2.0 -3.0 -3.0 -3.0 -4.0 -4.0 -1.0 -3.0 0.0 -3.0 -2.0 -3.0 -3.0 -4.0 -4.0 -3.0 -3.0 -3.0 -4.0 -3.0 -4.0 0.0 -3.0 -1.0 -1.0 0.0 -4.0 -3.0 -1.0 -4.0 -2.0 -2.0 -3.0 0.0 
-4.0 -3.0 -3.0 -2.0 -1.0 0.0 0.0 0.0 0.0 -2.0 -3.0 0.0 -4.0 -4.0 -1.0 0.0 -1.0 -3.0 0.0 -3.0 0.0 -1.0 -2.0 0.0 -3.0 -2.0 -3.0 0.0 -2.0 -3.0 -4.0 -2.0 -1.0 -2.0 -3.0 -4.0 -4.0 -3.0 -1.0 -4.0 -4.0 -4.0 0.0 0.0 -2.0 -3.0 -1.0 -4.0 -3.0 -1.0 -4.0 -4.0 0.0 -3.0 -4.0 -1.0 -3.0 -3.0 -3.0 -2.0 -3.0 0.0 210.0 0.0 0.0 0.0 -1.0 0.0 -3.0 -1.0 -4.0 0.0 -2.0 0.0 -1.0 -2.0 0.0 -4.0 -2.0 -3.0 -3.0 -3.0 0.0 -2.0 -4.0 0.0 -3.0 -1.0 -4.0 -4.0 -4.0 -1.0 0.0 -3.0 -3.0 -2.0 -2.0 0.0 0.0 -1.0 -2.0 -1.0 0.0 0.0 0.0 -3.0 0.0 0.0 0.0 -2.0 -1.0 -3.0 -3.0 -2.0 0.0 
0.0 -3.0 -1.0 0.0 -4.0 -1.0 -4.0 -4.0 -1.0 -1.0 -4.0 -2.0 -1.0 -3.0 0.0 -1.0 -3.0 0.0 -4.0 -4.0 0.0 -3.0 0.0 -4.0 -1.0 -1.0 -3.0 0.0 0.0 0.0 -3.0 -3.0 -3.0 -3.0 -1.0 0.0 -1.0 -1.0 0.0 -2.0 -4.0 0.0 -1.0 -4.0 0.0 -2.0 -3.0 -2.0 -2.0 -4.0 0.0 -3.0 -2.0 0.0 0.0 -4.0 -1.0 -4.0 -1.0 -4.0 0.0 0.0 -1.0 219.0 -1.0 -2.0 -3.0 -1.0 -4.0 -4.0 -3.0 -4.0 -3.0 -1.0 -2.0 -2.0 -2.0 0.0 -1.0 -3.0 0.0 -2.0 -2.0 0.0 -3.0 -1.0 -2.0 -3.0 -4.0 -2.0 -3.0 -3.0 -4.0 -4.0 -2.0 0.0 -2.0 -2.0 -1.0 0.0 -2.0 0.0 -3.0 -2.0 -4.0 -3.0 -4.0 -2.0 -2.0 -1.0 -2.0 -1.0 -2.0 0.0 -3.0 
-3.0 -1.0 -2.0 -1.0 -3.0 -2.0 -4.0 -1.0 -3.0 0.0 0.0 -1.0 -1.0 0.0 -4.0 -3.0 -2.0 -4.0 -1.0 -2.0 -2.0 -2.0 -3.0 -4.0 -3.0 -4.0 0.0 -3.0 -1.0 -3.0 -3.0 -2.0 0.0 -4.0 -3.0 -3.0 0.0 -1.0 0.0 -2.0 -2.0 0.0 -3.0 -3.0 -2.0 -1.0 0.0 -3.0 0.0 -1.0 -1.0 -4.0 -3.0 -2.0 -2.0 0.0 0.0 -2.0 0.0 -1.0 -2.0 -4.0 -3.0 -1.0 210.0 0.0 0.0 -2.0 -1.0 -3.0 0.0 0.0 -1.0 0.0 -4.0 0.0 -4.0 -3.0 -1.0 -1.0 -1.0 0.0 -4.0 -4.0 -2.0 -4.0 0.0 -4.0 0.0 -1.0 -4.0 -1.0 -2.0 -2.0 -4.0 -1.0 -4.0 -1.0 -4.0 -1.0 -1.0 -1.0 -2.0 -4.0 -4.0 0.0 -1.0 -1.0 0.0 0.0 0.0 -1.0 -3.0 -3.0 -4.0 
-4.0 -1.0 -2.0 -1.0 -4.0 -1.0 -1.0 -2.0 0.0 -1.0 -1.0 -1.0 -4.0 -1.0 -1.0 -3.0 -4.0 -1.0 -3.0 -1.0 -1.0 -3.0 -4.0 -4.0 -4.0 0.0 -3.0 -1.0 0.0 0.0 -3.0 0.0 -2.0 -1.0 -2.0 0.0 0.0 -4.0 -1.0 -4.0 -2.0 0.0 0.0 -1.0 -4.0 -4.0 0.0 0.0 0.0 -3.0 -1.0 -1.0 -4.0 -4.0 -2.0 -2.0 -3.0 -4.0 -2.0 -2.0 -3.0 -4.0 0.0 -4.0 -4.0 229.0 -2.0 -4.0 -4.0 -1.0 -3.0 -3.0 0.0 -2.0 -4.0 -1.0 0.0 -3.0 -3.0 -3.0 0.0 -4.0 -3.0 -3.0 0.0 -4.0 0.0 -4.0 -2.0 -3.0 0.0 -3.0 -1.0 -4.0 -2.0 -3.0 0.0 -2.0 -4.0 -2.0 -2.0 0.0 -3.0 -1.0 -3.0 0.0 0.0 -2.0 -3.0 0.0 -2.0 -3.0 -1.0 -2.0 -2.0 
-3.0 0.0 0.0 -1.0 -4.0 0.0 -2.0 -2.0 -4.0 -4.0 -2.0 0.0 -3.0 -2.0 -1.0 -4.0 0.0 -1.0 0.0 -4.0 -4.0 -2.0 0.0 0.0 -3.0 -4.0 -3.0 -1.0 -2.0 -4.0 -1.0 -1.0 -2.0 -1.0 -3.0 -3.0 -3.0 -1.0 -1.0 -1.0 -1.0 0.0 0.0 0.0 -4.0 -3.0 -3.0 0.0 -1.0 -2.0 -2.0 -4.0 -3.0 -1.0 -1.0 0.0 -2.0 0.0 -4.0 -1.0 -2.0 -1.0 0.0 -1.0 -3.0 -1.0 213.0 -3.0 -1.0 -4.0 0.0 -4.0 -2.0 -1.0 -1.0 -2.0 -4.0 -1.0 0.0 -2.0 -2.0 -2.0 -3.0 -3.0 -3.0 -2.0 -3.0 0.0 -1.0 -3.0 -3.0 -2.0 -2.0 -2.0 -3.0 -4.0 -2.0 -3.0 -2.0 -2.0 0.0 -3.0 -2.0 -4.0 -2.0 -1.0 -2.0 0.0 -1.0 -2.0 -2.0 0.0 -4.0 -1.0 0.0 
-2.0 -2.0 0.0 -2.0 -4.0 -2.0 -3.0 0.0 0.0 -1.0 -4.0 0.0 0.0 -3.0 0.0 -1.0 -2.0 0.0 -4.0 -2.0 -1.0 -3.0 -3.0 -2.0 -3.0 -2.0 -4.0 -2.0 -3.0 0.0 -3.0 -2.0 0.0 0.0 -3.0 -4.0 -1.0 -3.0 -3.0 -3.0 0.0 -1.0 -3.0 0.0 -3.0 -1.0 -4.0 -4.0 0.0 -4.0 -2.0 -3.0 -2.0 -4.0 -3.0 0.0 -2.0 -2.0 -1.0 -4.0 0.0 0.0 -4.0 -4.0 -4.0 -2.0 -3.0 224.0 -4.0 -3.0 -2.0 -3.0 -1.0 -1.0 -2.0 -3.0 -4.0 -1.0 0.0 -3.0 -4.0 0.0 -1.0 -3.0 0.0 -1.0 -4.0 0.0 0.0 -2.0 -3.0 -1.0 -2.0 -1.0 -1.0 -1.0 -1.0 -3.0 -2.0 -1.0 0.0 -4.0 -1.0 -2.0 -4.0 -2.0 -2.0 0.0 -4.0 -3.0 0.0 0.0 -2.0 -2.0 -3.0 
-4.0 0.0 -1.0 -4.0 -3.0 -2.0 -3.0 -4.0 0.0 -2.0 -2.0 0.0 -1.0 -3.0 -1.0 -2.0 0.0 -4.0 0.0 -3.0 -3.0 -4.0 -4.0 -4.0 -1.0 -3.0 -4.0 -3.0 -4.0 -2.0 0.0 0.0 -1.0 0.0 -1.0 -2.0 -1.0 0.0 -4.0 0.0 -1.0 -3.0 -3.0 -2.0 -2.0 0.0 -1.0 -4.0 -3.0 -4.0 -4.0 -3.0 0.0 -2.0 -3.0 -2.0 -4.0 -4.0 -3.0 -1.0 -1.0 -3.0 -4.0 -2.0 0.0 -2.0 -4.0 0.0 224.0 -3.0 -1.0 0.0 -1.0 -1.0 -2.0 -1.0 0.0 0.0 -2.0 -3.0 -1.0 -1.0 -2.0 0.0 -2.0 0.0 -2.0 -3.0 -4.0 0.0 -4.0 -2.0 -2.0 -4.0 0.0 -1.0 -1.0 -2.0 -3.0 -3.0 0.0 -4.0 -2.0 -2.0 -1.0 0.0 -2.0 -3.0 -4.0 -1.0 -1.0 -3.0 -3.0 0.0 -2.0 
-2.0 -4.0 -3.0 -1.0 -1.0 -2.0 -4.0 -2.0 -4.0 0.0 0.0 -1.0 -4.0 -3.0 -3.0 -4.0 -1.0 -3.0 -4.0 -2.0 -1.0 -3.0 -1.0 0.0 -4.0 -4.0 -2.0 -1.0 -4.0 -3.0 0.0 -2.0 -4.0 -4.0 0.0 -4.0 -1.0 -2.0 -2.0 -4.0 -4.0 -4.0 -1.0 -3.0 -4.0 -2.0 -1.0 -4.0 -3.0 -4.0 -1.0 0.0 -1.0 -3.0 0.0 -4.0 -2.0 0.0 -3.0 -1.0 -4.0 -4.0 0.0 -2.0 -3.0 -2.0 -4.0 0.0 0.0 239.0 -2.0 -4.0 -1.0 -2.0 -2.0 0.0 -2.0 -2.0 -2.0 0.0 -1.0 -2.0 -2.0 -1.0 -3.0 -3.0 -2.0 -1.0 -3.0 0.0 -2.0 0.0 -3.0 -1.0 0.0 -1.0 -3.0 -2.0 -4.0 -1.0 -2.0 -1.0 -3.0 -1.0 -2.0 -3.0 -4.0 0.0 -1.0 -4.0 -1.0 -1.0 -1.0 -2.0 -3.0 
-4.0 -1.0 -4.0 -2.0 -3.0 -3.0 -4.0 -3.0 -2.0 -2.0 -1.0 0.0 0.0 0.0 -2.0 -3.0 -1.0 -1.0 0.0 -2.0 -2.0 -4.0 -1.0 -2.0 -4.0 0.0 -2.0 -2.0 -3.0 -2.0 -1.0 -2.0 -1.0 -2.0 -1.0 0.0 -2.0 0.0 -3.0 -3.0 0.0 -4.0 -3.0 0.0 -2.0 -3.0 -2.0 -2.0 -4.0 -3.0 -1.0 -4.0 -3.0 -1.0 -3.0 -4.0 -1.0 0.0 -4.0 -3.0 -1.0 -1.0 -3.0 -3.0 -3.0 -2.0 -2.0 -2.0 -1.0 0.0 237.0 -3.0 0.0 -4.0 -4.0 -1.0 -1.0 -3.0 -3.0 -3.0 -2.0 -3.0 0.0 0.0 -1.0 -4.0 -4.0 -1.0 0.0 0.0 -4.0 -1.0 -3.0 -3.0 -2.0 0.0 -4.0 0.0 -1.0 -4.0 -4.0 -2.0 -1.0 -3.0 -1.0 -2.0 -4.0 -3.0 -3.0 -1.0 -4.0 -4.0 -3.0 -1.0 -2.0 
0.0 -2.0 -1.0 -3.0 0.0 -3.0 -1.0 -3.0 -4.0 -3.0 0.0 -3.0 -1.0 -3.0 0.0 -1.0 0.0 -1.0 -3.0 -1.0 0.0 -2.0 -2.0 -3.0 0.0 0.0 -4.0 -1.0 -3.0 0.0 -2.0 -3.0 -1.0 -1.0 -2.0 -2.0 -3.0 -1.0 -1.0 -1.0 -1.0 -3.0 -1.0 -4.0 -4.0 -1.0 -1.0 0.0 0.0 -2.0 -4.0 -3.0 -4.0 -2.0 -4.0 -1.0 -2.0 -2.0 -1.0 -3.0 -4.0 -2.0 -1.0 -4.0 -4.0 0.0 -1.0 0.0 -2.0 0.0 -3.0 209.0 -1.0 0.0 -1.0 0.0 -3.0 -2.0 0.0 -1.0 -4.0 -1.0 -2.0 -3.0 -4.0 0.0 0.0 -1.0 -2.0 -4.0 -4.0 -1.0 0.0 -4.0 -1.0 -3.0 -4.0 -4.0 -3.0 0.0 -3.0 -1.0 -1.0 -1.0 -2.0 0.0 0.0 -2.0 -4.0 0.0 -4.0 -1.0 -2.0 -3.0 -3.0 
0.0 -3.0 0.0 -2.0 -1.0 0.0 -2.0 -3.0 0.0 -3.0 0.0 -4.0 0.0 -3.0 -2.0 -1.0 -4.0 -1.0 0.0 -1.0 -2.0 -1.0 -1.0 0.0 -4.0 -3.0 0.0 -4.0 0.0 -2.0 -1.0 -2.0 -1.0 -2.0 -2.0 -1.0 -3.0 -4.0 -2.0 0.0 -3.0 -2.0 -1.0 -4.0 -4.0 -1.0 -2.0 -3.0 0.0 -2.0 -4.0 -4.0 -4.0 0.0 -2.0 -3.0 -2.0 -2.0 -4.0 -1.0 -1.0 -3.0 -1.0 -3.0 -1.0 -2.0 -3.0 -1.0 -2.0 -1.0 0.0 -1.0 214.0 -1.0 0.0 -4.0 -3.0 -1.0 -1.0 -3.0 -1.0 -3.0 -3.0 0.0 -1.0 -1.0 -3.0 -1.0 -1.0 -3.0 -2.0 -4.0 0.0 0.0 -2.0 -1.0 -3.0 -2.0 -2.0 -3.0 -2.0 -4.0 -1.0 -3.0 -3.0 -1.0 0.0 -4.0 -2.0 -2.0 -4.0 -4.0 0.0 -2.0 -1.0 
-3.0 -2.0 -2.0 -1.0 -2.0 -1.0 0.0 -1.0 -3.0 -3.0 -1.0 0.0 -4.0 -1.0 0.0 -4.0 -3.0 0.0 -4.0 -4.0 0.0 -2.0 0.0 -1.0 0.0 -1.0 -1.0 -1.0 0.0 0.0 -3.0 0.0 -1.0 -4.0 -3.0 -1.0 -4.0 -1.0 -3.0 -4.0 0.0 -4.0 -3.0 0.0 -2.0 0.0 -1.0 0.0 -1.0 0.0 -4.0 -4.0 -4.0 -3.0 -3.0 -2.0 -4.0 -2.0 -3.0 -2.0 -3.0 -1.0 0.0 -1.0 0.0 -2.0 0.0 0.0 0.0 -3.0 -3.0 -3.0 -4.0 217.0 -1.0 -4.0 -2.0 -2.0 -2.0 -2.0 -1.0 -4.0 0.0 -1.0 -1.0 -3.0 -2.0 -2.0 -2.0 -4.0 -3.0 -4.0 -1.0 -3.0 -3.0 -3.0 0.0 -2.0 -1.0 -3.0 -4.0 -3.0 -3.0 -4.0 -4.0 0.0 0.0 -3.0 0.0 -1.0 0.0 -3.0 -3.0 0.0 -2.0 
-1.0 -1.0 -1.0 -1.0 0.0 -1.0 -1.0 0.0 -4.0 -3.0 -2.0 -2.0 -4.0 -2.0 0.0 -2.0 -4.0 -3.0 -4.0 -4.0 -1.0 -1.0 0.0 -2.0 -1.0 -3.0 -4.0 -3.0 -4.0 -1.0 0.0 -2.0 0.0 -1.0 -3.0 -3.0 -1.0 -4.0 -4.0 -3.0 -1.0 -3.0 -3.0 -4.0 -1.0 -3.0 -1.0 -4.0 -4.0 0.0 -2.0 -1.0 -2.0 -1.0 -3.0 -1.0 0.0 0.0 -2.0 -4.0 -2.0 -4.0 -1.0 -2.0 -3.0 0.0 -3.0 -3.0 -2.0 -1.0 -1.0 -3.0 -3.0 -1.0 227.0 0.0 0.0 -3.0 -1.0 -1.0 -4.0 -4.0 -2.0 -1.0 -1.0 -1.0 -2.0 -1.0 0.0 -4.0 -4.0 0.0 -1.0 -4.0 -4.0 -2.0 0.0 0.0 -2.0 -2.0 -4.0 -2.0 -1.0 -3.0 -1.0 -3.0 -1.0 0.0 -3.0 -3.0 -1.0 -2.0 -4.0 -3.0 -2.0 
-1.0 -3.0 -1.0 -3.0 0.0 -2.0 -2.0 -4.0 -3.0 -4.0 -1.0 0.0 -4.0 0.0 -4.0 -2.0 -2.0 0.0 -4.0 -2.0 -1.0 -2.0 -4.0 0.0 -4.0 -3.0 -3.0 -3.0 -4.0 -1.0 -3.0 -2.0 -2.0 -4.0 -3.0 -2.0 -2.0 -2.0 -2.0 0.0 -1.0 -1.0 -4.0 -1.0 -2.0 -2.0 0.0 -4.0 -4.0 -3.0 -2.0 -2.0 -2.0 0.0 -4.0 -3.0 -4.0 -3.0 -4.0 -2.0 -4.0 -1.0 0.0 -4.0 -4.0 0.0 -2.0 -3.0 -1.0 -4.0 -4.0 -2.0 -3.0 -4.0 -4.0 254.0 -2.0 0.0 -1.0 -1.0 0.0 -2.0 -4.0 0.0 -3.0 -2.0 -1.0 -4.0 -1.0 -4.0 -1.0 0.0 -3.0 -2.0 0.0 -4.0 -4.0 -2.0 -2.0 -4.0 -4.0 -4.0 -1.0 0.0 -2.0 -1.0 -1.0 0.0 -4.0 -3.0 -4.0 -1.0 -1.0 -1.0 -3.0 
-4.0 -2.0 -3.0 -1.0 0.0 -2.0 -2.0 -3.0 -2.0 0.0 0.0 -1.0 -1.0 -3.0 0.0 -2.0 0.0 0.0 -4.0 0.0 0.0 -1.0 -1.0 -4.0 -3.0 -4.0 0.0 -4.0 -3.0 -1.0 -1.0 -1.0 -2.0 -2.0 0.0 0.0 0.0 -1.0 -1.0 -2.0 -3.0 -2.0 -2.0 -3.0 -1.0 0.0 -1.0 -2.0 -4.0 -2.0 -3.0 -3.0 -3.0 -2.0 -1.0 -4.0 -2.0 -2.0 -3.0 -1.0 -3.0 -1.0 -1.0 0.0 -4.0 0.0 -4.0 0.0 0.0 -4.0 0.0 -1.0 0.0 -4.0 -2.0 -1.0 199.0 -3.0 -2.0 0.0 -1.0 -4.0 -3.0 -4.0 -4.0 0.0 -4.0 -3.0 0.0 -3.0 0.0 -1.0 0.0 -3.0 -1.0 0.0 -2.0 -3.0 -3.0 -4.0 -3.0 0.0 -2.0 0.0 0.0 -4.0 -2.0 0.0 0.0 -1.0 -1.0 -1.0 -2.0 -4.0 -1.0 
-3.0 -2.0 -2.0 0.0 0.0 -2.0 -2.0 -1.0 -2.0 0.0 -4.0 -1.0 -2.0 -4.0 -2.0 -2.0 0.0 -1.0 -3.0 -3.0 -4.0 -4.0 -3.0 -3.0 -4.0 -2.0 -1.0 0.0 -3.0 -3.0 0.0 -3.0 -3.0 -3.0 -2.0 -2.0 -3.0 -2.0 -2.0 -4.0 0.0 -2.0 0.0 0.0 0.0 0.0 -4.0 -2.0 -3.0 -3.0 -1.0 -1.0 0.0 -2.0 -4.0 -2.0 0.0 -1.0 -1.0 -3.0 -3.0 -2.0 -1.0 -3.0 0.0 -2.0 0.0 0.0 0.0 -2.0 -1.0 -2.0 0.0 -4.0 0.0 -2.0 -2.0 208.0 -3.0 -1.0 -4.0 -1.0 -3.0 -3.0 0.0 -2.0 -2.0 -3.0 -1.0 0.0 0.0 -2.0 -1.0 -4.0 -1.0 -3.0 -1.0 -3.0 -4.0 -4.0 -3.0 -3.0 -1.0 -2.0 -1.0 0.0 -2.0 -1.0 0.0 0.0 -2.0 -4.0 -3.0 0.0 0.0 
-1.0 -4.0 -2.0 -3.0 -2.0 -4.0 -2.0 -4.0 -4.0 0.0 -3.0 -3.0 -4.0 -1.0 0.0 -4.0 0.0 -2.0 0.0 -2.0 0.0 0.0 -1.0 -2.0 -2.0 -1.0 -1.0 -2.0 -3.0 -1.0 -4.0 -4.0 -4.0 -3.0 -4.0 0.0 -4.0 0.0 -3.0 -4.0 0.0 -4.0 -3.0 -1.0 0.0 -3.0 -1.0 -4.0 0.0 -3.0 -3.0 -2.0 0.0 -4.0 -2.0 -3.0 -3.0 -3.0 0.0 -2.0 -3.0 -3.0 -1.0 0.0 0.0 -4.0 0.0 -3.0 -1.0 -1.0 -4.0 -2.0 -1.0 -1.0 0.0 -2.0 -2.0 -1.0 219.0 -4.0 -4.0 -4.0 -2.0 -4.0 0.0 -4.0 -3.0 0.0 -1.0 -2.0 0.0 -2.0 -1.0 0.0 -1.0 -3.0 -3.0 -1.0 -2.0 -2.0 0.0 -1.0 -2.0 -4.0 -2.0 -1.0 0.0 -1.0 0.0 0.0 -2.0 0.0 0.0 -4.0 -1.0 
-3.0 -2.0 -2.0 -4.0 -1.0 -2.0 -4.0 -3.0 -4.0 -2.0 -4.0 -1.0 -3.0 -2.0 -1.0 -2.0 -1.0 -4.0 -4.0 0.0 -4.0 -3.0 -1.0 -4.0 -2.0 -4.0 -3.0 -3.0 0.0 -3.0 -4.0 -1.0 -3.0 -4.0 -2.0 -1.0 -1.0 -4.0 -1.0 -1.0 -3.0 -2.0 -2.0 -2.0 -2.0 -3.0 -3.0 0.0 -2.0 -3.0 -1.0 0.0 -3.0 -4.0 -2.0 -1.0 -3.0 0.0 -2.0 -4.0 -3.0 -3.0 -2.0 0.0 0.0 0.0 -1.0 -3.0 0.0 -4.0 0.0 -4.0 -3.0 0.0 -1.0 -1.0 -2.0 -2.0 -2.0 242.0 -2.0 -1.0 -2.0 -3.0 0.0 0.0 -3.0 -3.0 0.0 -4.0 -2.0 -4.0 -4.0 -1.0 0.0 -2.0 -4.0 -1.0 -2.0 -2.0 0.0 -2.0 -3.0 -4.0 -3.0 -4.0 -2.0 -1.0 -1.0 -1.0 -1.0 -2.0 -3.0 -3.0 -1.0 
-1.0 -1.0 -4.0 -3.0 -3.0 0.0 -4.0 -1.0 -1.0 -4.0 -4.0 -4.0 0.0 -2.0 -1.0 -3.0 -3.0 -4.0 0.0 -4.0 -4.0 -2.0 -4.0 0.0 -2.0 -2.0 -1.0 -3.0 -4.0 0.0 0.0 -4.0 -2.0 0.0 -1.0 -2.0 -2.0 -3.0 -3.0 -1.0 0.0 -4.0 -4.0 -3.0 -1.0 -1.0 0.0 -4.0 -4.0 -1.0 -3.0 -2.0 -3.0 -1.0 0.0 -2.0 -3.0 -2.0 -1.0 -2.0 -2.0 -4.0 -2.0 -3.0 -2.0 0.0 -4.0 0.0 0.0 -3.0 -4.0 -1.0 -1.0 -2.0 -4.0 -2.0 -4.0 -2.0 -2.0 0.0 228.0 -3.0 -2.0 -1.0 -2.0 -2.0 0.0 0.0 -1.0 0.0 0.0 -2.0 -1.0 0.0 0.0 -3.0 -3.0 -3.0 -3.0 -2.0 -2.0 -3.0 -3.0 -4.0 -1.0 -4.0 -3.0 -3.0 -3.0 0.0 -2.0 0.0 0.0 -1.0 -1.0 
-1.0 0.0 -4.0 -1.0 -2.0 -2.0 -1.0 0.0 0.0 -4.0 -3.0 -3.0 -4.0 -2.0 0.0 -1.0 -3.0 -3.0 -3.0 -3.0 -3.0 0.0 -4.0 -2.0 -4.0 -1.0 0.0 -3.0 -3.0 -4.0 -4.0 -1.0 -1.0 -3.0 0.0 -1.0 -4.0 -1.0 -2.0 -3.0 0.0 -2.0 -4.0 -4.0 -4.0 -3.0 -3.0 -4.0 -4.0 -1.0 -2.0 0.0 0.0 -3.0 -4.0 0.0 -1.0 0.0 -2.0 -2.0 0.0 -3.0 -1.0 -4.0 -3.0 -2.0 -4.0 -2.0 -4.0 -2.0 0.0 -4.0 0.0 -2.0 -1.0 -2.0 -4.0 -3.0 -1.0 -1.0 -3.0 235.0 -3.0 -3.0 -1.0 -4.0 -1.0 0.0 -2.0 -4.0 -4.0 -2.0 0.0 -2.0 0.0 0.0 -4.0 -2.0 -3.0 -3.0 -3.0 -2.0 -3.0 0.0 -2.0 -2.0 0.0 -1.0 -1.0 0.0 -3.0 -4.0 0.0 -1.0 -2.0 
-2.0 -1.0 -2.0 -4.0 -2.0 -3.0 -3.0 -2.0 -2.0 0.0 0.0 -1.0 -3.0 -1.0 -2.0 0.0 -4.0 0.0 -1.0 0.0 -1.0 -1.0 -2.0 -3.0 -2.0 -2.0 -1.0 -4.0 -4.0 -2.0 0.0 -2.0 -4.0 -2.0 -2.0 0.0 -3.0 -1.0 -3.0 0.0 -1.0 -3.0 -3.0 -4.0 -2.0 -1.0 -3.0 0.0 -3.0 -4.0 0.0 -2.0 -4.0 0.0 -3.0 -2.0 -1.0 0.0 -1.0 -1.0 -2.0 -2.0 -3.0 -2.0 -4.0 -3.0 -2.0 0.0 -2.0 -1.0 -2.0 -1.0 0.0 0.0 -4.0 -2.0 -3.0 -4.0 -1.0 -1.0 -4.0 -1.0 228.0 -1.0 0.0 -4.0 -3.0 -4.0 -3.0 -4.0 -3.0 -1.0 -2.0 -1.0 -3.0 -4.0 0.0 -4.0 -3.0 0.0 -2.0 -2.0 -4.0 -3.0 -1.0 -1.0 -2.0 -4.0 -3.0 -4.0 -3.0 -2.0 0.0 0.0 -3.0 
0.0 -1.0 -1.0 -1.0 -3.0 -2.0 -1.0 -3.0 -2.0 -2.0 -1.0 -3.0 -3.0 -1.0 -3.0 0.0 -1.0 -2.0 -2.0 -3.0 -3.0 -2.0 0.0 -3.0 -3.0 -4.0 -3.0 -1.0 -2.0 -2.0 -2.0 -1.0 -1.0 -2.0 -4.0 -2.0 -2.0 -3.0 -4.0 -3.0 0.0 -4.0 -4.0 -4.0 -2.0 -2.0 -2.0 -2.0 0.0 -2.0 -1.0 -1.0 -3.0 -2.0 -4.0 -4.0 0.0 -3.0 0.0 -1.0 0.0 0.0 0.0 -2.0 -3.0 -3.0 -3.0 -1.0 -2.0 -1.0 -2.0 -3.0 0.0 -1.0 0.0 -4.0 0.0 -1.0 -3.0 -4.0 0.0 -1.0 -4.0 212.0 -1.0 -4.0 0.0 -2.0 0.0 -2.0 -1.0 -1.0 -1.0 -4.0 -1.0 -4.0 -1.0 -3.0 -3.0 -1.0 0.0 -1.0 0.0 -2.0 -2.0 0.0 0.0 -3.0 -2.0 0.0 -4.0 -2.0 -3.0 0.0 -3.0 
-2.0 -4.0 0.0 -3.0 0.0 -3.0 -1.0 -1.0 -4.0 0.0 -1.0 -2.0 -4.0 -2.0 0.0 0.0 -2.0 -3.0 -4.0 -3.0 -1.0 -1.0 -2.0 -4.0 0.0 -4.0 -2.0 0.0 -4.0 -3.0 -1.0 -3.0 -3.0 -4.0 0.0 -4.0 -4.0 -4.0 -1.0 -3.0 -1.0 0.0 -1.0 -4.0 -4.0 -1.0 -4.0 -2.0 -2.0 -3.0 -1.0 -1.0 -1.0 -4.0 -2.0 0.0 0.0 -4.0 -4.0 -4.0 0.0 0.0 -2.0 0.0 -1.0 -2.0 -4.0 0.0 -1.0 -2.0 -2.0 -2.0 0.0 -4.0 -2.0 -3.0 0.0 -4.0 -2.0 -2.0 -3.0 -4.0 -1.0 -1.0 233.0 -2.0 0.0 -2.0 -1.0 -3.0 -4.0 -2.0 -4.0 -4.0 -3.0 0.0 -1.0 -2.0 -1.0 -1.0 -4.0 -3.0 -3.0 0.0 0.0 -4.0 -4.0 0.0 -3.0 -2.0 -1.0 -2.0 -3.0 0.0 -2.0 
-2.0 -3.0 -1.0 -4.0 -3.0 -1.0 -4.0 -2.0 0.0 -4.0 -2.0 0.0 -1.0 0.0 -4.0 -3.0 0.0 -1.0 -3.0 -1.0 -4.0 -4.0 -3.0 -3.0 -3.0 -4.0 -4.0 -4.0 -2.0 0.0 0.0 -2.0 -2.0 0.0 0.0 -1.0 -4.0 0.0 0.0 -4.0 -2.0 0.0 -2.0 -1.0 -2.0 -1.0 -2.0 -3.0 0.0 -1.0 -2.0 -4.0 -2.0 -1.0 -4.0 -4.0 0.0 -1.0 -1.0 -3.0 -4.0 -2.0 -3.0 0.0 -2.0 0.0 -3.0 0.0 0.0 -4.0 -1.0 -3.0 -4.0 -2.0 0.0 -2.0 -1.0 -4.0 -2.0 -3.0 -3.0 -3.0 -2.0 0.0 0.0 221.0 -4.0 -1.0 -4.0 -2.0 -4.0 -3.0 -1.0 0.0 -2.0 -3.0 -2.0 -4.0 0.0 0.0 -2.0 -1.0 0.0 0.0 -1.0 -2.0 -2.0 -3.0 -3.0 -2.0 -1.0 -4.0 0.0 0.0 -3.0 
-1.0 0.0 0.0 0.0 0.0 0.0 -4.0 -4.0 -4.0 -4.0 -2.0 -4.0 -4.0 -2.0 0.0 -2.0 -2.0 -3.0 -1.0 -4.0 -2.0 -1.0 0.0 -1.0 -3.0 -2.0 0.0 -2.0 -2.0 0.0 -2.0 -3.0 -4.0 0.0 0.0 -2.0 -4.0 -1.0 -4.0 -2.0 -3.0 -4.0 -1.0 -3.0 -4.0 0.0 -2.0 -4.0 0.0 -4.0 0.0 -1.0 -4.0 -4.0 -4.0 -2.0 -3.0 -1.0 -1.0 -2.0 -4.0 0.0 -4.0 0.0 0.0 -3.0 0.0 -4.0 -4.0 -4.0 -1.0 -3.0 -1.0 -1.0 -2.0 -2.0 0.0 -3.0 0.0 -2.0 -4.0 -3.0 -3.0 -2.0 -2.0 -2.0 244.0 -4.0 -3.0 -1.0 -3.0 -3.0 -4.0 -4.0 -4.0 -4.0 0.0 -1.0 -4.0 -2.0 0.0 -3.0 -2.0 -3.0 -2.0 -2.0 -4.0 -1.0 -1.0 -4.0 -1.0 -1.0 -1.0 -4.0 -1.0 
0.0 -2.0 -4.0 0.0 -2.0 -3.0 0.0 -2.0 -3.0 -3.0 0.0 0.0 0.0 -3.0 -4.0 -1.0 -3.0 -3.0 0.0 -2.0 -3.0 0.0 -4.0 0.0 -2.0 -2.0 -4.0 0.0 0.0 0.0 -1.0 -3.0 0.0 -2.0 0.0 -3.0 -2.0 -3.0 0.0 -4.0 0.0 -1.0 -1.0 -2.0 -2.0 0.0 -3.0 -3.0 -3.0 -1.0 -2.0 0.0 -1.0 -1.0 -1.0 -1.0 -4.0 -2.0 -3.0 -3.0 -2.0 -4.0 -1.0 -3.0 -3.0 -3.0 0.0 0.0 0.0 -1.0 -2.0 -2.0 -1.0 -1.0 0.0 0.0 -1.0 -3.0 -2.0 -4.0 -3.0 -2.0 -2.0 -2.0 -4.0 -1.0 -2.0 204.0 -3.0 -1.0 0.0 -2.0 -3.0 -2.0 -2.0 -4.0 -2.0 -1.0 0.0 0.0 -3.0 -1.0 -3.0 -2.0 -4.0 -1.0 -2.0 -3.0 -1.0 -3.0 -1.0 -1.0 -3.0 -1.0 -4.0 
-3.0 0.0 -1.0 -4.0 -1.0 -4.0 -1.0 0.0 -3.0 0.0 -1.0 -3.0 -2.0 -4.0 -4.0 -2.0 0.0 -3.0 -1.0 -2.0 0.0 0.0 -1.0 -2.0 -1.0 -3.0 -2.0 0.0 -4.0 -2.0 0.0 -4.0 -1.0 0.0 -2.0 -3.0 -3.0 -2.0 -3.0 -3.0 -1.0 0.0 -3.0 0.0 -1.0 -1.0 -2.0 -1.0 0.0 -1.0 -1.0 0.0 -2.0 -3.0 -2.0 -4.0 -1.0 -4.0 -3.0 -1.0 -3.0 -1.0 -3.0 -1.0 -4.0 -3.0 -4.0 -2.0 -3.0 -4.0 -2.0 -3.0 -3.0 -4.0 -2.0 -1.0 -4.0 -2.0 -2.0 -4.0 -2.0 -3.0 -4.0 -1.0 -3.0 0.0 -3.0 -3.0 234.0 -4.0 -1.0 -2.0 -2.0 0.0 -2.0 -4.0 -3.0 -2.0 0.0 -3.0 -4.0 -1.0 -2.0 -1.0 -2.0 -2.0 -3.0 0.0 -1.0 -3.0 -1.0 -4.0 -3.0 -4.0 0.0 
0.0 -2.0 -2.0 -1.0 -3.0 0.0 -1.0 -4.0 -1.0 -4.0 -2.0 -1.0 -3.0 -2.0 -1.0 -2.0 -1.0 0.0 0.0 -3.0 -3.0 -3.0 -4.0 -2.0 -2.0 -4.0 -4.0 -3.0 -2.0 -2.0 -1.0 -1.0 -2.0 -2.0 -3.0 -1.0 0.0 -3.0 0.0 0.0 -2.0 -2.0 -1.0 -4.0 -4.0 -2.0 -1.0 -2.0 0.0 -4.0 -2.0 0.0 -1.0 0.0 -3.0 -1.0 -2.0 -3.0 -3.0 -3.0 0.0 -4.0 0.0 -4.0 -2.0 0.0 0.0 -4.0 0.0 -1.0 -1.0 -4.0 -4.0 -4.0 -4.0 -3.0 -1.0 -3.0 -4.0 -4.0 -3.0 -2.0 -1.0 0.0 -3.0 -1.0 0.0 -2.0 -3.0 239.0 -4.0 -3.0 -2.0 -1.0 -1.0 -4.0 -2.0 -3.0 0.0 -4.0 -2.0 -4.0 -2.0 -2.0 -3.0 -1.0 -2.0 -4.0 -4.0 -4.0 -1.0 -1.0 -1.0 -4.0 -3.0 
-1.0 0.0 -3.0 -1.0 -1.0 -1.0 0.0 -2.0 -3.0 -2.0 0.0 0.0 0.0 -1.0 -2.0 -4.0 -4.0 -2.0 -1.0 -1.0 -1.0 -3.0 -2.0 -1.0 0.0 -4.0 -3.0 -4.0 -1.0 -4.0 -4.0 -2.0 -1.0 -3.0 -4.0 0.0 0.0 -2.0 -2.0 -4.0 -3.0 -1.0 -3.0 -2.0 -3.0 -1.0 -1.0 0.0 -3.0 -2.0 -1.0 -2.0 -2.0 -4.0 -2.0 -2.0 -1.0 -2.0 -2.0 -4.0 -4.0 -2.0 -2.0 -1.0 -2.0 0.0 0.0 -1.0 -4.0 0.0 -4.0 -1.0 0.0 -3.0 -3.0 -2.0 -4.0 -2.0 -3.0 -1.0 -3.0 -4.0 0.0 0.0 -2.0 0.0 -4.0 -2.0 -2.0 0.0 202.0 -1.0 -3.0 -1.0 0.0 0.0 -1.0 -1.0 0.0 0.0 -1.0 -1.0 -1.0 -1.0 0.0 0.0 -3.0 0.0 -4.0 -2.0 -3.0 -3.0 -2.0 0.0 -3.0 
-4.0 -3.0 -2.0 -3.0 -2.0 -3.0 -2.0 -1.0 0.0 -2.0 -3.0 -1.0 -4.0 -3.0 -4.0 -2.0 -1.0 -3.0 -4.0 -2.0 -1.0 -2.0 -1.0 -3.0 -4.0 -1.0 -2.0 -2.0 -1.0 -4.0 0.0 -3.0 -1.0 0.0 -2.0 -4.0 -2.0 -3.0 -1.0 0.0 -1.0 -4.0 -1.0 -4.0 -1.0 -2.0 0.0 -4.0 -1.0 -4.0 -1.0 -4.0 0.0 -2.0 -1.0 -4.0 -4.0 0.0 -3.0 -1.0 -1.0 -3.0 0.0 -1.0 0.0 -2.0 -1.0 0.0 -1.0 -2.0 0.0 -2.0 -2.0 -2.0 -2.0 -1.0 -1.0 -2.0 -2.0 -4.0 -4.0 -2.0 0.0 -4.0 -3.0 0.0 -4.0 -3.0 0.0 -4.0 -1.0 228.0 -3.0 -4.0 0.0 -3.0 0.0 -4.0 -3.0 -4.0 0.0 -1.0 -1.0 -1.0 -4.0 -2.0 -1.0 -4.0 -2.0 -4.0 0.0 -1.0 -2.0 -1.0 -1.0 
-3.0 -4.0 -1.0 -3.0 -2.0 -2.0 -3.0 -1.0 0.0 -1.0 -1.0 -3.0 -4.0 -4.0 -4.0 -4.0 -1.0 0.0 -3.0 -3.0 -2.0 -1.0 -4.0 0.0 -3.0 -1.0 -2.0 -2.0 -1.0 -4.0 -4.0 -2.0 -4.0 -2.0 -3.0 -4.0 -1.0 -2.0 -1.0 -3.0 -4.0 -4.0 -4.0 -1.0 -1.0 -3.0 0.0 -1.0 -1.0 -3.0 -3.0 -1.0 -2.0 -2.0 -2.0 -2.0 0.0 0.0 -1.0 -1.0 0.0 -3.0 0.0 -4.0 -3.0 0.0 -3.0 -1.0 -2.0 -2.0 0.0 -3.0 -2.0 -4.0 -3.0 -4.0 -3.0 -4.0 -1.0 -4.0 0.0 -3.0 0.0 0.0 0.0 -1.0 -2.0 -1.0 -1.0 -4.0 -4.0 -2.0 239.0 -1.0 -3.0 -4.0 -3.0 -1.0 0.0 0.0 -2.0 -4.0 -3.0 -3.0 -2.0 -4.0 -2.0 -1.0 -4.0 0.0 0.0 -1.0 -4.0 0.0 -4.0 
-3.0 -4.0 -4.0 0.0 -1.0 -3.0 -1.0 -1.0 -4.0 -2.0 -2.0 -1.0 -1.0 -4.0 0.0 -4.0 -2.0 -2.0 -3.0 -3.0 -3.0 -3.0 -3.0 -1.0 -4.0 0.0 -4.0 -3.0 0.0 -4.0 -1.0 -2.0 -2.0 -2.0 -1.0 -3.0 0.0 -1.0 0.0 -2.0 -4.0 -2.0 -2.0 -1.0 0.0 -1.0 -3.0 0.0 -4.0 -4.0 -4.0 -1.0 0.0 0.0 -3.0 0.0 0.0 -3.0 -4.0 -1.0 -4.0 -2.0 -1.0 -4.0 -2.0 -2.0 -3.0 0.0 -2.0 0.0 -4.0 -4.0 -2.0 -2.0 0.0 -4.0 0.0 0.0 -1.0 0.0 -4.0 -4.0 -4.0 -2.0 -3.0 -4.0 -2.0 -4.0 -1.0 -1.0 -1.0 -2.0 -2.0 228.0 -1.0 -2.0 0.0 -3.0 -1.0 -4.0 0.0 0.0 0.0 -4.0 -2.0 -2.0 -1.0 -3.0 -1.0 0.0 -4.0 -4.0 0.0 0.0 -4.0 
-2.0 -3.0 -2.0 -4.0 -4.0 -1.0 -1.0 -1.0 -1.0 -2.0 -1.0 -3.0 -4.0 -1.0 0.0 -3.0 0.0 0.0 -1.0 -4.0 -2.0 -2.0 -2.0 -2.0 0.0 -2.0 -1.0 -2.0 -2.0 -1.0 0.0 -2.0 -4.0 -1.0 -4.0 -4.0 -4.0 -2.0 0.0 -4.0 0.0 -1.0 -1.0 -2.0 -1.0 -2.0 0.0 -1.0 -2.0 -1.0 -3.0 -1.0 -3.0 -4.0 -4.0 -3.0 0.0 -4.0 -3.0 -4.0 -2.0 -1.0 -3.0 -4.0 -1.0 -1.0 -1.0 -3.0 -2.0 -3.0 -4.0 0.0 -1.0 -1.0 0.0 0.0 -1.0 -4.0 -1.0 -4.0 -4.0 0.0 -4.0 0.0 -4.0 -3.0 0.0 -4.0 -4.0 -3.0 -4.0 -3.0 -2.0 -3.0 235.0 -1.0 -4.0 -4.0 -3.0 -1.0 -4.0 -2.0 -2.0 -4.0 0.0 -2.0 -1.0 0.0 -3.0 -2.0 0.0 -3.0 -1.0 -1.0 -3.0 
-4.0 -2.0 -2.0 -1.0 -2.0 0.0 -2.0 -2.0 -2.0 0.0 0.0 -3.0 0.0 -1.0 0.0 -1.0 -2.0 -4.0 -4.0 -1.0 -4.0 -1.0 -1.0 0.0 -3.0 -1.0 -1.0 -4.0 -2.0 -2.0 0.0 -3.0 -1.0 -1.0 0.0 -3.0 -3.0 0.0 -4.0 -1.0 -4.0 0.0 -3.0 -2.0 -4.0 -4.0 -3.0 -4.0 -3.0 -2.0 -4.0 -3.0 -2.0 0.0 -4.0 -3.0 0.0 -1.0 0.0 0.0 -2.0 -2.0 -1.0 -1.0 -4.0 -2.0 -4.0 -2.0 0.0 -2.0 -4.0 -1.0 -3.0 -3.0 -1.0 -1.0 0.0 -1.0 -3.0 -3.0 -1.0 0.0 -3.0 -2.0 -4.0 -4.0 -3.0 -3.0 -1.0 -2.0 -3.0 -4.0 0.0 -4.0 -2.0 227.0 -4.0 -3.0 0.0 0.0 -1.0 -3.0 -4.0 -2.0 -2.0 -4.0 -2.0 -1.0 0.0 -4.0 -1.0 -2.0 -4.0 0.0 0.0 
0.0 -2.0 -1.0 -2.0 -1.0 0.0 -1.0 -2.0 0.0 -3.0 -1.0 -4.0 -3.0 -3.0 -4.0 -3.0 0.0 -2.0 -2.0 0.0 -1.0 0.0 -3.0 -2.0 -3.0 -1.0 -3.0 0.0 -2.0 -1.0 -3.0 0.0 -4.0 0.0 -1.0 -1.0 -1.0 -4.0 -2.0 0.0 0.0 -2.0 -4.0 -3.0 -1.0 -1.0 -2.0 -4.0 -4.0 -3.0 -2.0 -2.0 -3.0 -3.0 -3.0 -4.0 -4.0 -4.0 -2.0 -1.0 -2.0 -2.0 -4.0 -2.0 -4.0 -4.0 -4.0 -3.0 -3.0 -4.0 -3.0 -2.0 -2.0 -2.0 0.0 -1.0 0.0 -4.0 -4.0 -4.0 0.0 -1.0 -2.0 -2.0 -3.0 -1.0 -4.0 0.0 -3.0 -1.0 0.0 -3.0 -1.0 0.0 -1.0 0.0 229.0 -3.0 -3.0 -4.0 -4.0 -2.0 -2.0 0.0 -2.0 -3.0 0.0 -2.0 0.0 -1.0 -2.0 -4.0 -3.0 0.0 0.0 
-3.0 -1.0 0.0 -2.0 -3.0 -3.0 -2.0 -2.0 -1.0 -3.0 -4.0 -4.0 -4.0 0.0 -3.0 0.0 -1.0 -3.0 0.0 -2.0 -3.0 -4.0 -1.0 0.0 -3.0 -4.0 -1.0 -1.0 -3.0 -2.0 -1.0 -3.0 0.0 -4.0 -3.0 -1.0 -1.0 -2.0 -4.0 -3.0 -3.0 -2.0 -2.0 0.0 -4.0 0.0 0.0 -2.0 0.0 -4.0 -4.0 -4.0 -3.0 -2.0 -3.0 0.0 -1.0 -4.0 0.0 -1.0 -2.0 -3.0 -3.0 -4.0 -4.0 -3.0 0.0 0.0 -4.0 -2.0 -2.0 -2.0 0.0 -1.0 -4.0 -1.0 -2.0 -4.0 -1.0 -4.0 -3.0 -3.0 -2.0 -4.0 -1.0 0.0 -4.0 -1.0 -4.0 -4.0 -1.0 -2.0 -4.0 -1.0 -4.0 -1.0 -2.0 241.0 -3.0 -2.0 -1.0 0.0 -2.0 0.0 -2.0 0.0 -4.0 -3.0 -1.0 -4.0 0.0 -2.0 -3.0 0.0 -3.0 
-1.0 -4.0 -2.0 -2.0 -3.0 -2.0 0.0 -3.0 -3.0 -4.0 -1.0 0.0 -3.0 0.0 -2.0 0.0 -1.0 0.0 -3.0 -2.0 0.0 -1.0 -4.0 -4.0 -4.0 -1.0 -2.0 -3.0 -3.0 -3.0 0.0 -2.0 -4.0 -1.0 0.0 -4.0 -1.0 -3.0 -2.0 -3.0 -3.0 -1.0 -3.0 -1.0 -4.0 0.0 -2.0 0.0 -4.0 -1.0 -3.0 -1.0 -1.0 -2.0 -4.0 -2.0 -3.0 -1.0 0.0 0.0 -2.0 -3.0 0.0 -3.0 -1.0 -1.0 -1.0 0.0 -2.0 -2.0 -1.0 -1.0 -4.0 -4.0 -4.0 -4.0 -2.0 -3.0 -1.0 -4.0 -3.0 -3.0 0.0 -3.0 0.0 -4.0 0.0 -4.0 -4.0 -4.0 -2.0 -3.0 -3.0 -1.0 -3.0 -1.0 -1.0 0.0 237.0 -4.0 -1.0 0.0 -4.0 -2.0 -4.0 -4.0 -3.0 0.0 -2.0 -2.0 -3.0 -4.0 -1.0 -1.0 -3.0 
-2.0 -1.0 -4.0 -2.0 -3.0 -3.0 -1.0 -3.0 0.0 -3.0 -1.0 -3.0 -3.0 -3.0 -3.0 -2.0 -1.0 -1.0 -2.0 -2.0 -2.0 0.0 0.0 0.0 -3.0 -1.0 0.0 -2.0 -2.0 0.0 -3.0 -3.0 -2.0 -2.0 -1.0 -4.0 -2.0 -1.0 -3.0 -2.0 -2.0 -1.0 -3.0 -2.0 -1.0 -3.0 -4.0 0.0 -2.0 -1.0 -3.0 -2.0 0.0 0.0 0.0 -2.0 0.0 0.0 -2.0 -3.0 0.0 -3.0 -3.0 -1.0 -1.0 -1.0 -1.0 -3.0 -4.0 -2.0 -3.0 -2.0 -2.0 -2.0 -4.0 -4.0 -4.0 -4.0 0.0 0.0 0.0 -1.0 -2.0 -3.0 -1.0 -1.0 -1.0 -4.0 0.0 -4.0 0.0 -4.0 -4.0 -3.0 -1.0 -4.0 -3.0 -3.0 0.0 220.0 0.0 0.0 -2.0 -1.0 -3.0 -3.0 -1.0 -2.0 -4.0 -4.0 -1.0 -3.0 0.0 -4.0 -2.0 
-2.0 -4.0 0.0 -1.0 -1.0 -2.0 0.0 -2.0 -4.0 -2.0 0.0 -4.0 -3.0 0.0 -3.0 0.0 -2.0 0.0 -2.0 -4.0 -1.0 -1.0 -2.0 0.0 -4.0 -3.0 -2.0 -2.0 0.0 0.0 -1.0 -2.0 -1.0 -2.0 -2.0 -3.0 -2.0 -3.0 0.0 -1.0 -4.0 -1.0 -4.0 0.0 -3.0 -1.0 0.0 -3.0 -3.0 0.0 -3.0 -1.0 0.0 -4.0 -3.0 -1.0 -3.0 -1.0 -2.0 -4.0 -4.0 -4.0 -2.0 -2.0 -3.0 0.0 -3.0 -4.0 -4.0 0.0 -2.0 -3.0 -3.0 -3.0 -2.0 -1.0 0.0 -1.0 -1.0 -4.0 0.0 -4.0 -3.0 -2.0 -1.0 0.0 -4.0 -1.0 0.0 -2.0 -3.0 0.0 -2.0 -3.0 -4.0 -4.0 -1.0 0.0 -3.0 0.0 214.0 -1.0 -3.0 -1.0 -3.0 0.0 -3.0 -2.0 -1.0 -2.0 0.0 -2.0 0.0 -2.0 -2.0 
0.0 0.0 -1.0 -1.0 -3.0 0.0 -3.0 0.0 0.0 0.0 -2.0 -2.0 -2.0 0.0 -2.0 0.0 -2.0 -2.0 -2.0 -3.0 0.0 -3.0 -3.0 -1.0 0.0 -2.0 0.0 -4.0 -4.0 -2.0 -3.0 0.0 0.0 0.0 -1.0 -2.0 -3.0 -3.0 -1.0 -2.0 -4.0 -2.0 0.0 -4.0 -1.0 -3.0 -2.0 -2.0 -1.0 0.0 0.0 -4.0 0.0 -1.0 -4.0 0.0 -1.0 -2.0 -1.0 -3.0 -4.0 -1.0 -1.0 -3.0 -2.0 -1.0 -1.0 -4.0 -2.0 -2.0 -2.0 -3.0 -4.0 0.0 -1.0 -1.0 -1.0 -1.0 -3.0 -1.0 -4.0 -2.0 -4.0 -4.0 -3.0 -4.0 0.0 0.0 -1.0 -3.0 -2.0 -3.0 0.0 -3.0 0.0 -2.0 -3.0 -2.0 0.0 -4.0 -1.0 207.0 -3.0 -3.0 -1.0 -3.0 -4.0 0.0 -3.0 -4.0 -1.0 0.0 -1.0 -4.0 -3.0 
0.0 -1.0 -1.0 -1.0 -3.0 -4.0 -1.0 -4.0 0.0 0.0 -1.0 -2.0 -1.0 -4.0 0.0 -2.0 0.0 -2.0 -1.0 -1.0 -4.0 -4.0 0.0 -4.0 -2.0 -2.0 0.0 0.0 -2.0 -2.0 -2.0 0.0 -1.0 -1.0 -3.0 -2.0 -4.0 -1.0 -3.0 -2.0 -1.0 -4.0 -2.0 -1.0 -1.0 -1.0 -2.0 -1.0 -2.0 -4.0 -3.0 -2.0 -4.0 -2.0 0.0 0.0 -2.0 -1.0 0.0 -3.0 -1.0 -4.0 -3.0 -4.0 -3.0 -4.0 -1.0 0.0 -3.0 -3.0 -3.0 0.0 -4.0 -1.0 -3.0 0.0 0.0 -3.0 -4.0 -2.0 0.0 -1.0 -4.0 -1.0 -2.0 -2.0 -3.0 0.0 -4.0 -1.0 0.0 -2.0 0.0 -2.0 -1.0 -4.0 -4.0 -2.0 -4.0 -2.0 0.0 -3.0 213.0 0.0 -2.0 -4.0 0.0 0.0 -1.0 -2.0 -4.0 0.0 -3.0 -2.0 -3.0 
0.0 -2.0 -1.0 -3.0 -4.0 -1.0 -3.0 -3.0 -4.0 -4.0 0.0 -3.0 -2.0 -3.0 -3.0 0.0 -2.0 0.0 -2.0 -4.0 -3.0 -3.0 -3.0 0.0 -1.0 0.0 -1.0 -4.0 0.0 -3.0 -1.0 0.0 -1.0 0.0 -2.0 -3.0 -2.0 -3.0 -1.0 -1.0 -1.0 0.0 0.0 -2.0 -3.0 0.0 -4.0 -4.0 -1.0 -3.0 0.0 0.0 -3.0 -1.0 -3.0 -2.0 0.0 -4.0 -4.0 -3.0 0.0 -3.0 -4.0 0.0 0.0 -1.0 -4.0 -2.0 0.0 -3.0 -3.0 -4.0 -2.0 -2.0 -2.0 -4.0 -3.0 -1.0 0.0 0.0 0.0 0.0 -1.0 -1.0 -1.0 -1.0 -1.0 -3.0 -4.0 -4.0 -1.0 0.0 -4.0 -2.0 -2.0 -2.0 -4.0 -4.0 -2.0 -2.0 -2.0 -2.0 -2.0 218.0 -4.0 -3.0 -4.0 -4.0 -2.0 -1.0 0.0 0.0 -2.0 -1.0 0.0 
0.0 -1.0 -1.0 -3.0 -2.0 -1.0 -2.0 -1.0 0.0 -2.0 -2.0 -4.0 -3.0 -2.0 -4.0 -2.0 -1.0 -2.0 -1.0 -2.0 -2.0 -2.0 -3.0 -2.0 -4.0 -2.0 -1.0 -2.0 -3.0 -2.0 -2.0 -1.0 -3.0 -1.0 -4.0 -3.0 0.0 0.0 0.0 -2.0 -1.0 -1.0 -1.0 -2.0 -4.0 -3.0 0.0 -3.0 -2.0 0.0 0.0 -4.0 -1.0 -4.0 -3.0 0.0 -1.0 -2.0 -4.0 -4.0 -2.0 -3.0 -3.0 -4.0 -4.0 0.0 -3.0 -3.0 -4.0 -4.0 -4.0 -2.0 -2.0 0.0 -3.0 -2.0 -2.0 -3.0 -3.0 0.0 0.0 -2.0 0.0 -1.0 -4.0 -4.0 0.0 0.0 -1.0 -1.0 0.0 -2.0 -4.0 -1.0 -2.0 -4.0 0.0 -1.0 -1.0 -2.0 0.0 -2.0 -1.0 -4.0 218.0 -4.0 -1.0 -2.0 0.0 -2.0 -1.0 0.0 -4.0 -1.0 0.0 
-4.0 -2.0 0.0 -3.0 -3.0 -1.0 -1.0 -2.0 -3.0 -1.0 -1.0 -1.0 0.0 0.0 -1.0 -4.0 -1.0 -3.0 -4.0 -3.0 -4.0 -2.0 -3.0 -2.0 0.0 -2.0 -1.0 -2.0 0.0 -1.0 0.0 -1.0 -2.0 -1.0 -1.0 -3.0 -1.0 -4.0 -1.0 -2.0 0.0 -3.0 -4.0 -4.0 -3.0 -4.0 -4.0 -3.0 -2.0 -3.0 -4.0 -3.0 -1.0 -2.0 -1.0 -2.0 0.0 -1.0 -2.0 0.0 0.0 -2.0 0.0 -2.0 0.0 -4.0 -3.0 -4.0 -3.0 -1.0 -4.0 -3.0 -2.0 -2.0 0.0 -3.0 -1.0 -3.0 -4.0 -1.0 -2.0 -2.0 -4.0 -3.0 -2.0 -3.0 -3.0 -2.0 -1.0 -3.0 -1.0 -3.0 -1.0 -3.0 -1.0 0.0 -3.0 -3.0 -1.0 0.0 -4.0 -4.0 -1.0 -4.0 0.0 234.0 0.0 -1.0 -2.0 -3.0 -4.0 -1.0 -2.0 -4.0 -4.0 
-4.0 -3.0 -4.0 -3.0 -4.0 -3.0 -3.0 -2.0 -4.0 -1.0 -4.0 -3.0 0.0 0.0 0.0 -3.0 -4.0 -2.0 -1.0 -1.0 -3.0 -3.0 -2.0 -2.0 0.0 0.0 -3.0 -2.0 0.0 -2.0 -4.0 -1.0 -3.0 -4.0 -4.0 -2.0 -3.0 -4.0 -2.0 0.0 0.0 -4.0 -4.0 -2.0 -4.0 -4.0 0.0 -1.0 -3.0 0.0 -3.0 -2.0 -4.0 -4.0 0.0 -3.0 -3.0 -4.0 -3.0 -1.0 0.0 -2.0 -2.0 -4.0 -4.0 -3.0 -1.0 -4.0 0.0 -2.0 -2.0 -2.0 -1.0 -1.0 -4.0 0.0 -4.0 0.0 -1.0 -4.0 -1.0 -2.0 0.0 -1.0 -2.0 0.0 -3.0 -2.0 -1.0 -2.0 0.0 -1.0 -3.0 0.0 -3.0 -3.0 0.0 -1.0 -4.0 -3.0 0.0 0.0 -2.0 -2.0 -4.0 -2.0 242.0 -4.0 -2.0 -3.0 -1.0 -1.0 -3.0 -1.0 -2.0 
-3.0 -3.0 -3.0 -1.0 -4.0 -3.0 0.0 -3.0 0.0 -4.0 -1.0 0.0 -1.0 -3.0 -1.0 -3.0 -2.0 -1.0 -2.0 -3.0 -4.0 -3.0 -3.0 -3.0 -2.0 -1.0 -4.0 -3.0 -1.0 -3.0 -1.0 -4.0 -3.0 -3.0 -4.0 0.0 -4.0 -4.0 -1.0 -4.0 -2.0 -1.0 -2.0 -2.0 -2.0 -2.0 0.0 -2.0 -3.0 -1.0 -1.0 -4.0 -4.0 -4.0 0.0 0.0 -4.0 -2.0 -2.0 -4.0 -1.0 -4.0 -2.0 -1.0 -3.0 0.0 -4.0 -2.0 -2.0 -1.0 -3.0 -2.0 0.0 -2.0 -1.0 -1.0 0.0 -4.0 -3.0 -4.0 0.0 -1.0 -1.0 -1.0 -3.0 0.0 -1.0 0.0 -3.0 0.0 -2.0 -4.0 -4.0 -1.0 0.0 -4.0 0.0 -3.0 -3.0 -1.0 0.0 -2.0 -2.0 -1.0 -3.0 0.0 -3.0 236.0 -2.0 -3.0 -1.0 -2.0 -2.0 -4.0 -1.0 
-1.0 0.0 0.0 0.0 -1.0 -2.0 0.0 0.0 -2.0 -1.0 -3.0 -1.0 -2.0 -3.0 0.0 0.0 -4.0 0.0 -4.0 -3.0 -4.0 -3.0 -2.0 -1.0 -1.0 -3.0 -1.0 -4.0 -1.0 -3.0 -2.0 -2.0 -3.0 -4.0 -3.0 -1.0 -3.0 -2.0 0.0 -1.0 0.0 -4.0 -4.0 -3.0 0.0 -1.0 -3.0 -4.0 -4.0 -2.0 0.0 -3.0 -3.0 -3.0 -3.0 0.0 -2.0 -4.0 0.0 -1.0 0.0 0.0 -1.0 -4.0 -1.0 -4.0 -4.0 -3.0 -4.0 -2.0 -4.0 -3.0 -1.0 -2.0 -3.0 0.0 -2.0 -4.0 0.0 -3.0 -4.0 -3.0 -3.0 -3.0 -3.0 0.0 0.0 -4.0 -1.0 -2.0 -3.0 -2.0 -4.0 -3.0 -2.0 -2.0 -1.0 -4.0 -4.0 -3.0 0.0 -1.0 0.0 -1.0 -3.0 -3.0 -1.0 -2.0 237.0 -3.0 -4.0 0.0 -4.0 -1.0 -3.0 
-4.0 -2.0 -1.0 -1.0 -4.0 -2.0 -4.0 -1.0 -4.0 0.0 -2.0 -1.0 -2.0 -3.0 -2.0 -2.0 0.0 -1.0 -4.0 -3.0 -4.0 -3.0 -2.0 -2.0 -4.0 0.0 -3.0 -3.0 0.0 -4.0 -2.0 -2.0 0.0 -1.0 0.0 -2.0 -1.0 -4.0 -3.0 -4.0 -1.0 -4.0 0.0 -2.0 -3.0 -1.0 -3.0 -3.0 0.0 -4.0 -3.0 -1.0 -4.0 -3.0 -3.0 -4.0 -1.0 -2.0 -1.0 -4.0 -3.0 -2.0 -4.0 -4.0 -2.0 -3.0 -2.0 -1.0 0.0 0.0 -2.0 0.0 0.0 0.0 -1.0 -1.0 -4.0 -1.0 -2.0 -1.0 -4.0 -2.0 -1.0 -1.0 -3.0 0.0 -4.0 -2.0 -1.0 0.0 -2.0 -1.0 0.0 -2.0 -4.0 0.0 -2.0 -2.0 0.0 -2.0 -4.0 -1.0 -1.0 -4.0 0.0 -4.0 -2.0 -2.0 -1.0 232.0 -1.0 -2.0 -4.0 -3.0 -3.0 
-3.0 -2.0 -4.0 -3.0 0.0 0.0 -3.0 0.0 0.0 -2.0 -1.0 -1.0 -3.0 -2.0 -4.0 -2.0 -2.0 -3.0 -2.0 -3.0 0.0 -2.0 -2.0 -4.0 -3.0 0.0 -3.0 -4.0 0.0 -4.0 -1.0 0.0 0.0 -1.0 -1.0 -4.0 0.0 -1.0 -4.0 -4.0 0.0 0.0 0.0 -2.0 -4.0 -4.0 -2.0 0.0 -1.0 -3.0 -2.0 -4.0 -3.0 -1.0 0.0 0.0 -4.0 -1.0 0.0 0.0 0.0 -1.0 -4.0 -2.0 -3.0 -3.0 -4.0 -4.0 -4.0 -1.0 -4.0 -2.0 -2.0 0.0 0.0 0.0 -3.0 0.0 -1.0 -2.0 -3.0 0.0 -4.0 -2.0 -1.0 -1.0 -4.0 -1.0 -1.0 -1.0 -2.0 -1.0 -4.0 -1.0 -3.0 0.0 -3.0 -2.0 -1.0 -3.0 0.0 -1.0 -3.0 -2.0 -1.0 0.0 -1.0 -3.0 -4.0 -1.0 209.0 0.0 -3.0 -3.0 0.0 
-2.0 -1.0 0.0 -3.0 -4.0 0.0 -1.0 -4.0 -1.0 -1.0 -2.0 -1.0 -2.0 -3.0 -2.0 0.0 -3.0 -1.0 0.0 -2.0 -2.0 0.0 -4.0 0.0 -4.0 0.0 -3.0 -3.0 -3.0 -3.0 -3.0 -1.0 -4.0 -2.0 -1.0 0.0 -3.0 -4.0 -1.0 -3.0 -4.0 -1.0 -1.0 -1.0 -3.0 -3.0 -3.0 -3.0 -3.0 -2.0 -3.0 -3.0 0.0 -3.0 -2.0 -2.0 -1.0 -4.0 -1.0 -4.0 -3.0 -4.0 -2.0 -3.0 -2.0 -1.0 -4.0 -3.0 -4.0 -4.0 0.0 -4.0 -3.0 -2.0 -1.0 -2.0 0.0 -1.0 -1.0 -4.0 -1.0 -4.0 -4.0 0.0 -1.0 -2.0 0.0 -2.0 -4.0 -4.0 0.0 -3.0 0.0 0.0 -2.0 -4.0 0.0 0.0 -2.0 -1.0 -1.0 -3.0 -2.0 -1.0 -2.0 -1.0 -2.0 -3.0 -3.0 -2.0 -4.0 238.0 -3.0 -2.0 -3.0 
-3.0 -1.0 -4.0 -3.0 -4.0 -3.0 -4.0 -4.0 -3.0 -3.0 -3.0 -3.0 -1.0 -3.0 -3.0 -4.0 -2.0 -3.0 -4.0 -1.0 -1.0 -4.0 0.0 0.0 -4.0 -4.0 -4.0 -4.0 -1.0 -3.0 -2.0 -2.0 -1.0 -4.0 0.0 -2.0 -2.0 -4.0 -3.0 -2.0 -2.0 0.0 -2.0 -2.0 0.0 -2.0 -3.0 -2.0 0.0 -2.0 0.0 -3.0 -4.0 0.0 -2.0 0.0 -3.0 -1.0 0.0 0.0 -2.0 -4.0 -3.0 -3.0 0.0 -3.0 0.0 -2.0 -4.0 -2.0 -1.0 -4.0 -3.0 -4.0 -2.0 -1.0 -1.0 -1.0 -3.0 -1.0 -2.0 -2.0 -1.0 -2.0 0.0 -4.0 -2.0 -2.0 0.0 0.0 -4.0 -2.0 -2.0 -2.0 -3.0 0.0 -4.0 0.0 -1.0 0.0 -1.0 0.0 0.0 -1.0 0.0 -3.0 -4.0 -3.0 -2.0 -2.0 -4.0 -2.0 236.0 -1.0 -2.0 
0.0 -3.0 -2.0 -4.0 -4.0 -1.0 -1.0 0.0 -1.0 -1.0 -4.0 -2.0 -4.0 -4.0 -4.0 -2.0 -2.0 -2.0 -4.0 -3.0 -2.0 -4.0 -1.0 0.0 0.0 -2.0 -2.0 -1.0 0.0 -3.0 -4.0 -1.0 -1.0 -4.0 0.0 -3.0 -1.0 -2.0 -3.0 -2.0 -4.0 -1.0 -3.0 -1.0 0.0 -1.0 -2.0 -2.0 0.0 -3.0 0.0 -2.0 0.0 0.0 -3.0 -1.0 -3.0 -1.0 -1.0 -2.0 0.0 0.0 -3.0 -2.0 -1.0 -1.0 -2.0 0.0 -4.0 -3.0 -1.0 -1.0 -3.0 0.0 -4.0 -3.0 -3.0 0.0 -4.0 -1.0 -2.0 -1.0 -3.0 -4.0 -4.0 -1.0 -2.0 -1.0 -4.0 -4.0 -4.0 0.0 -4.0 -4.0 -3.0 -2.0 -2.0 0.0 -4.0 0.0 -3.0 0.0 -3.0 -4.0 -4.0 -3.0 -3.0 0.0 -1.0 0.0 -3.0 0.0 -1.0 227.0 -3.0 
0.0 -4.0 0.0 -3.0 -1.0 -2.0 0.0 -2.0 -3.0 -1.0 -2.0 -1.0 -1.0 -3.0 -4.0 -1.0 -2.0 -2.0 0.0 -3.0 -1.0 -2.0 -1.0 -2.0 -1.0 -2.0 0.0 -3.0 -2.0 -3.0 -4.0 -2.0 -4.0 -3.0 0.0 -3.0 -1.0 -1.0 -3.0 -2.0 0.0 -2.0 0.0 -1.0 0.0 0.0 -4.0 -4.0 -4.0 -3.0 -2.0 0.0 0.0 -4.0 -4.0 0.0 -2.0 -1.0 -3.0 -1.0 0.0 -2.0 -2.0 -1.0 0.0 -4.0 -2.0 -2.0 -3.0 -2.0 -3.0 -1.0 -3.0 -2.0 0.0 -1.0 0.0 -3.0 0.0 -3.0 -3.0 -2.0 -3.0 -2.0 0.0 -3.0 -1.0 -2.0 0.0 -4.0 -4.0 -3.0 -4.0 -1.0 -2.0 -3.0 -3.0 -3.0 -4.0 -3.0 0.0 -4.0 -2.0 0.0 -3.0 0.0 -1.0 -1.0 -1.0 -2.0 0.0 -4.0 -1.0 0.0 213.0 

-13079.114 -12522.0 -13690.0 -13288.0 -11906.0 -12736.0 -12175.0 -12562.0 -12501.0 -11055.0 -11160.0 -11007.0 -8817.0 -12120.0 -10860.0 -8975.0 -9089.0 -8661.0 -8046.0 -9352.0 -9837.0 -8900.0 -7897.0 -7454.0 -7137.0 -7997.0 -7061.0 -7283.0 -6743.0 -6388.0 -5841.0 -5644.0 -6110.0 -5982.0 -5499.0 -5079.0 -5283.0 -5162.0 -4913.0 -4360.0 -4259.0 -3608.0 -3012.0 -3326.0 -3469.0 -3340.0 -1149.0 -2978.0 -2143.0 -1981.0 -1303.0 -1606.0 -1524.0 -1443.0 -1516.0 -853.0 -100.0 616.0 1294.0 1050.0 509.0 368.0 1659.0 989.0 1687.0 1639.0 1859.0 2297.0 2937.0 3787.0 2702.0 2543.0 2714.0 2929.0 3800.0 4733.0 3676.0 4633.0 5667.0 6158.0 6005.0 6047.0 5126.0 6014.0 6423.0 6677.0 6574.0 5704.0 6582.0 6899.0 7078.0 8255.0 8861.0 8721.0 8326.0 8259.0 8804.0 9803.0 9332.0 9006.0 9254.0 8073.0 9251.0 10093.0 10620.0 10829.0 12866.0 12636.0 11305.0 12674.0 11446.0 12740.0 14470.0 12722.0 12061.0 