15
33.001 0.0 -2.0 -4.0 -4.0 0.0 -2.0 -2.0 -3.0 -2.0 -4.0 -4.0 -4.0 -1.0 -1.0 
-2.0 29.0 -1.0 -3.0 -1.0 0.0 -1.0 -4.0 -4.0 0.0 -3.0 -2.0 -3.0 -2.0 -3.0 
0.0 -3.0 21.0 -3.0 0.0 0.0 -3.0 -4.0 -2.0 0.0 0.0 -2.0 0.0 -2.0 -2.0 
0.0 0.0 -2.0 27.0 -3.0 -2.0 -4.0 -2.0 -1.0 -3.0 -3.0 -2.0 -2.0 -3.0 0.0 
-3.0 -1.0 -3.0 -2.0 22.0 -1.0 -1.0 0.0 0.0 -3.0 -1.0 -2.0 -1.0 -2.0 -2.0 
-1.0 -4.0 -2.0 -1.0 -3.0 26.0 -1.0 -2.0 0.0 -4.0 -2.0 -1.0 -2.0 -1.0 -2.0 
-3.0 -3.0 -2.0 -3.0 -4.0 -4.0 35.0 -4.0 0.0 -4.0 -2.0 -2.0 -2.0 -1.0 -1.0 
-2.0 -3.0 0.0 -2.0 -1.0 0.0 -3.0 31.0 -4.0 -2.0 -2.0 -1.0 -4.0 -4.0 -3.0 
-3.0 -3.0 0.0 -1.0 -1.0 0.0 0.0 -1.0 20.0 -1.0 -2.0 -4.0 0.0 -1.0 -3.0 
-3.0 0.0 -2.0 -4.0 0.0 0.0 -1.0 0.0 -2.0 22.0 -2.0 -3.0 -2.0 -3.0 0.0 
-2.0 -3.0 0.0 -3.0 -3.0 0.0 -1.0 -4.0 -2.0 -2.0 31.0 -1.0 -3.0 -3.0 -4.0 
-3.0 -3.0 0.0 -1.0 -2.0 0.0 -3.0 -4.0 0.0 -4.0 -3.0 33.0 -2.0 -4.0 -4.0 
0.0 -2.0 -1.0 0.0 -3.0 0.0 -4.0 -2.0 -3.0 -3.0 0.0 -1.0 22.0 -1.0 -2.0 
-1.0 -3.0 -3.0 -3.0 0.0 -3.0 -3.0 -1.0 -1.0 -1.0 -2.0 0.0 0.0 23.0 -2.0 
-4.0 -4.0 -3.0 -4.0 -1.0 -1.0 -4.0 -4.0 -4.0 -4.0 -4.0 -3.0 -2.0 -1.0 43.0 

-258.999 -208.0 -108.0 -133.0 -61.0 -45.0 1.0 -37.0 15.0 44.0 76.0 105.0 107.0 176.0 341.0 