65
122.001 -2.0 -4.0 -1.0 -1.0 0.0 -4.0 0.0 -1.0 0.0 -3.0 0.0 -3.0 -2.0 -2.0 -3.0 0.0 -1.0 -1.0 -2.0 -2.0 -2.0 0.0 -4.0 -1.0 0.0 -2.0 -3.0 -2.0 -1.0 -2.0 -4.0 0.0 -4.0 -1.0 -4.0 -3.0 0.0 0.0 0.0 -4.0 -4.0 -3.0 -3.0 -2.0 -3.0 -3.0 -3.0 0.0 -2.0 -2.0 -3.0 -3.0 -2.0 0.0 -1.0 -3.0 -4.0 -4.0 -2.0 0.0 0.0 0.0 -2.0 -4.0 
-2.0 113.0 0.0 -2.0 -1.0 -1.0 0.0 -1.0 0.0 0.0 -2.0 0.0 -1.0 -4.0 0.0 -4.0 0.0 -1.0 -2.0 -1.0 0.0 -4.0 -3.0 0.0 -1.0 -4.0 -2.0 -2.0 0.0 0.0 -4.0 -2.0 -1.0 -1.0 -4.0 -2.0 -1.0 0.0 -1.0 0.0 -2.0 -1.0 -3.0 -3.0 -2.0 -3.0 -3.0 -2.0 -2.0 -2.0 -1.0 -1.0 -3.0 -4.0 0.0 -4.0 -3.0 -3.0 -1.0 -1.0 -4.0 -4.0 -4.0 0.0 -3.0 
-4.0 0.0 132.0 0.0 0.0 -2.0 -1.0 0.0 0.0 -2.0 -4.0 -1.0 -1.0 -4.0 -3.0 -1.0 -3.0 0.0 -4.0 -3.0 0.0 -2.0 0.0 -4.0 0.0 -1.0 -2.0 0.0 -2.0 -4.0 -2.0 -4.0 -1.0 -2.0 -4.0 -2.0 -3.0 -3.0 0.0 -1.0 -2.0 -4.0 -3.0 -3.0 -1.0 -1.0 -4.0 0.0 -2.0 -4.0 -4.0 0.0 0.0 -4.0 0.0 -3.0 -4.0 -4.0 -3.0 -4.0 -2.0 -2.0 -4.0 -3.0 -1.0 
-3.0 -4.0 -1.0 134.0 -3.0 -2.0 -2.0 -4.0 -4.0 -1.0 0.0 -3.0 -2.0 0.0 -3.0 -4.0 0.0 0.0 -2.0 0.0 -4.0 0.0 -1.0 -4.0 -3.0 -4.0 -4.0 -1.0 -3.0 -1.0 -4.0 -4.0 -1.0 -2.0 -1.0 -2.0 0.0 -3.0 -3.0 -1.0 -3.0 0.0 -1.0 -1.0 -1.0 -1.0 0.0 -1.0 -3.0 -3.0 -3.0 -4.0 -1.0 -3.0 -2.0 0.0 -1.0 -2.0 -4.0 -4.0 -3.0 -4.0 0.0 -1.0 -4.0 
-4.0 -2.0 0.0 -2.0 140.0 0.0 -2.0 -3.0 -2.0 -3.0 -4.0 -4.0 -2.0 -4.0 -2.0 -1.0 0.0 -3.0 -4.0 -4.0 -3.0 0.0 -4.0 -1.0 -1.0 0.0 -1.0 -2.0 -1.0 -4.0 -1.0 -3.0 0.0 -2.0 0.0 -2.0 -4.0 -2.0 -2.0 -3.0 -3.0 0.0 -2.0 -4.0 -1.0 -4.0 -1.0 -3.0 -1.0 -4.0 -2.0 0.0 0.0 -1.0 0.0 -4.0 -1.0 -4.0 -4.0 -4.0 -2.0 -4.0 -3.0 -3.0 -3.0 
-1.0 -3.0 0.0 0.0 -1.0 109.0 -3.0 -2.0 -1.0 -2.0 0.0 0.0 0.0 -3.0 0.0 0.0 -1.0 -2.0 0.0 -3.0 -2.0 -2.0 -4.0 -3.0 -1.0 -3.0 -4.0 0.0 -2.0 -2.0 0.0 -4.0 0.0 -1.0 -1.0 0.0 -3.0 -4.0 0.0 0.0 -1.0 -3.0 0.0 -1.0 -3.0 -3.0 -4.0 -2.0 -1.0 -3.0 -4.0 -1.0 -4.0 0.0 0.0 -4.0 -3.0 -1.0 0.0 -4.0 -2.0 -1.0 -2.0 0.0 -4.0 
-1.0 -2.0 -3.0 -2.0 -1.0 -3.0 130.0 -1.0 -4.0 -4.0 -2.0 0.0 0.0 -3.0 -4.0 -4.0 -4.0 0.0 -2.0 -4.0 0.0 -3.0 -4.0 0.0 -2.0 0.0 -4.0 -4.0 -4.0 -1.0 0.0 -1.0 -2.0 -3.0 -1.0 -2.0 -1.0 0.0 -2.0 -4.0 -1.0 -4.0 -2.0 0.0 0.0 -1.0 -4.0 -4.0 -4.0 -4.0 -2.0 -1.0 -3.0 -1.0 -4.0 0.0 -2.0 -1.0 0.0 -2.0 -2.0 -3.0 0.0 -1.0 -2.0 
-4.0 -3.0 0.0 -1.0 -2.0 0.0 -1.0 137.0 -3.0 -1.0 -1.0 -2.0 -2.0 -4.0 -4.0 -4.0 0.0 -4.0 -1.0 -2.0 -2.0 -2.0 -2.0 -3.0 -3.0 -3.0 -4.0 -3.0 -1.0 -3.0 -1.0 -4.0 0.0 -4.0 -1.0 -4.0 0.0 0.0 -3.0 0.0 -2.0 -4.0 -2.0 -1.0 -4.0 -2.0 -2.0 -4.0 -4.0 0.0 0.0 -1.0 0.0 -4.0 -1.0 -1.0 -3.0 -2.0 -2.0 -2.0 -4.0 -4.0 -1.0 -3.0 -2.0 
-4.0 -4.0 -4.0 -4.0 -2.0 -4.0 -3.0 0.0 140.0 -3.0 -2.0 -4.0 -4.0 -3.0 -1.0 -4.0 -4.0 0.0 -4.0 -1.0 0.0 -3.0 -3.0 -2.0 -2.0 -3.0 -1.0 -4.0 -4.0 0.0 -2.0 -2.0 -3.0 0.0 -2.0 -2.0 -3.0 -2.0 0.0 -4.0 -4.0 0.0 -2.0 -1.0 -3.0 -3.0 -4.0 0.0 -1.0 -3.0 0.0 -2.0 -1.0 -1.0 -4.0 -2.0 0.0 -4.0 0.0 0.0 -2.0 0.0 -1.0 -1.0 -4.0 
0.0 -2.0 0.0 0.0 -4.0 0.0 -1.0 -3.0 -3.0 109.0 -4.0 -1.0 0.0 -3.0 -3.0 0.0 -1.0 -1.0 0.0 0.0 -2.0 -4.0 0.0 -2.0 -1.0 -1.0 -4.0 -4.0 -1.0 -3.0 -4.0 0.0 0.0 -4.0 -1.0 -4.0 0.0 0.0 -3.0 -1.0 -2.0 -3.0 -1.0 0.0 -1.0 -1.0 -3.0 0.0 -3.0 0.0 -4.0 -1.0 -3.0 -4.0 -2.0 -2.0 -1.0 -4.0 0.0 0.0 -1.0 -4.0 -3.0 0.0 -1.0 
-2.0 -4.0 -4.0 -3.0 -4.0 -3.0 -1.0 -3.0 -1.0 -2.0 152.0 -3.0 -3.0 0.0 -2.0 -4.0 -1.0 -4.0 -4.0 -1.0 -4.0 -1.0 -4.0 -4.0 -4.0 -2.0 -4.0 0.0 0.0 -3.0 -2.0 0.0 -4.0 0.0 -2.0 -1.0 -4.0 -3.0 -4.0 -2.0 0.0 -2.0 -4.0 -1.0 -3.0 -4.0 -3.0 -4.0 -3.0 0.0 -1.0 0.0 -1.0 0.0 -3.0 -4.0 -3.0 -3.0 -3.0 -1.0 -1.0 -4.0 -1.0 -2.0 -4.0 
-2.0 -4.0 0.0 -4.0 -1.0 -3.0 0.0 -1.0 0.0 -4.0 0.0 114.0 -1.0 0.0 -4.0 -2.0 -2.0 -1.0 0.0 -3.0 -1.0 -4.0 -1.0 -2.0 0.0 -1.0 -4.0 -2.0 0.0 -2.0 -4.0 -1.0 0.0 -4.0 -1.0 -2.0 0.0 -3.0 -4.0 -3.0 -1.0 -2.0 0.0 -1.0 -1.0 0.0 -1.0 -2.0 -3.0 0.0 -3.0 -3.0 0.0 -4.0 -2.0 -1.0 0.0 -2.0 -4.0 -1.0 -2.0 -2.0 -1.0 -3.0 -4.0 
-3.0 -3.0 -3.0 0.0 -1.0 -3.0 -2.0 -1.0 0.0 -2.0 -4.0 -3.0 151.0 -1.0 0.0 -3.0 -3.0 -4.0 -3.0 -2.0 -3.0 -4.0 -2.0 -3.0 -3.0 0.0 -4.0 -4.0 -3.0 -1.0 -4.0 -2.0 -4.0 -2.0 0.0 0.0 -4.0 -4.0 -3.0 -1.0 0.0 -4.0 -1.0 -2.0 -1.0 -3.0 -4.0 -3.0 -1.0 -1.0 -1.0 -4.0 -4.0 -4.0 0.0 -3.0 -1.0 -2.0 -2.0 -2.0 -2.0 -2.0 -4.0 -4.0 -4.0 
0.0 -3.0 -3.0 -1.0 -2.0 -1.0 -1.0 -2.0 -2.0 -3.0 0.0 -4.0 -2.0 128.0 -1.0 -1.0 -1.0 -3.0 -3.0 -2.0 -3.0 -1.0 -1.0 -4.0 -1.0 -3.0 -3.0 -4.0 -2.0 -3.0 -2.0 -1.0 -2.0 -1.0 -2.0 0.0 -2.0 -2.0 -2.0 0.0 -1.0 -4.0 -2.0 -4.0 -3.0 0.0 -3.0 -1.0 0.0 -4.0 -1.0 0.0 -1.0 -2.0 -2.0 -2.0 -2.0 0.0 -4.0 -2.0 -3.0 -4.0 -2.0 -3.0 -4.0 
-2.0 -2.0 -2.0 -1.0 -1.0 -1.0 -1.0 -4.0 -1.0 -1.0 0.0 -1.0 -2.0 0.0 124.0 -4.0 -3.0 -1.0 0.0 -3.0 0.0 -1.0 -4.0 -4.0 -1.0 -1.0 -1.0 -4.0 -3.0 -2.0 -2.0 -2.0 -3.0 0.0 -1.0 -3.0 -3.0 -3.0 -4.0 -2.0 -2.0 -4.0 0.0 -2.0 -2.0 -2.0 -3.0 0.0 -1.0 -3.0 -2.0 0.0 0.0 -4.0 -1.0 -2.0 -4.0 -2.0 -4.0 -2.0 -3.0 -1.0 -2.0 0.0 -4.0 
-1.0 -4.0 -2.0 -3.0 -3.0 -3.0 -3.0 -4.0 -3.0 -3.0 -1.0 0.0 0.0 -1.0 -1.0 127.0 -4.0 -4.0 -1.0 0.0 -2.0 -1.0 -3.0 -4.0 -3.0 -3.0 -4.0 0.0 -1.0 -4.0 -1.0 0.0 -3.0 0.0 -2.0 -2.0 -4.0 -4.0 -4.0 0.0 0.0 -2.0 0.0 -1.0 -2.0 -3.0 -1.0 -2.0 -2.0 -1.0 0.0 -1.0 -2.0 0.0 -4.0 -3.0 -1.0 -1.0 -1.0 -2.0 -4.0 -4.0 -3.0 -1.0 0.0 
-1.0 -4.0 -1.0 -2.0 -1.0 -1.0 -4.0 -1.0 -4.0 -2.0 -2.0 -3.0 -4.0 -4.0 0.0 0.0 134.0 -4.0 -3.0 -3.0 -2.0 -2.0 0.0 -1.0 -2.0 -3.0 -1.0 -4.0 0.0 -2.0 -3.0 0.0 0.0 -1.0 -4.0 -3.0 -4.0 -1.0 -4.0 0.0 -2.0 -2.0 -3.0 0.0 0.0 0.0 -1.0 0.0 -3.0 -3.0 -3.0 -1.0 -3.0 -3.0 -4.0 0.0 -2.0 -1.0 -2.0 -4.0 0.0 -4.0 -4.0 -4.0 -4.0 
-1.0 -4.0 -3.0 -2.0 0.0 -1.0 -1.0 -2.0 0.0 -1.0 -1.0 -2.0 -3.0 -3.0 -4.0 -4.0 -1.0 132.0 -4.0 -3.0 -2.0 -4.0 -4.0 0.0 -4.0 0.0 -4.0 0.0 0.0 -4.0 -4.0 -4.0 -2.0 -1.0 -4.0 -4.0 0.0 0.0 -3.0 0.0 -4.0 0.0 -2.0 -2.0 -3.0 0.0 -4.0 -1.0 -2.0 -2.0 -4.0 -3.0 -2.0 -3.0 -3.0 -4.0 -3.0 0.0 0.0 0.0 -2.0 0.0 0.0 -2.0 -2.0 
-1.0 -1.0 -3.0 -1.0 -1.0 -2.0 -1.0 0.0 -3.0 -3.0 -4.0 -2.0 -2.0 -1.0 -2.0 -2.0 -2.0 -2.0 138.0 -2.0 -2.0 -1.0 -4.0 -2.0 -4.0 0.0 -2.0 -4.0 -3.0 -4.0 -3.0 -4.0 -3.0 -2.0 -1.0 -1.0 -2.0 -3.0 0.0 -4.0 -2.0 -3.0 -3.0 -3.0 -1.0 -2.0 0.0 -3.0 -4.0 -3.0 -3.0 0.0 0.0 -1.0 -3.0 -1.0 -4.0 -3.0 -4.0 -4.0 -1.0 -4.0 -2.0 0.0 0.0 
-3.0 -3.0 -3.0 -1.0 -1.0 -3.0 -3.0 -2.0 0.0 -4.0 -2.0 -1.0 -4.0 -2.0 0.0 -3.0 0.0 -1.0 -1.0 115.0 -4.0 -2.0 -1.0 -2.0 -1.0 -2.0 -2.0 -1.0 0.0 0.0 -4.0 -2.0 0.0 -4.0 -4.0 -1.0 0.0 -1.0 -2.0 -4.0 -1.0 -3.0 0.0 -1.0 0.0 -2.0 -2.0 -1.0 -3.0 -3.0 0.0 0.0 -3.0 -1.0 -4.0 0.0 -3.0 -4.0 -4.0 0.0 0.0 0.0 -4.0 -1.0 -1.0 
-2.0 -3.0 0.0 -4.0 -4.0 -4.0 -1.0 0.0 -1.0 -4.0 -4.0 -3.0 -2.0 -3.0 -1.0 -4.0 -3.0 -1.0 0.0 -3.0 147.0 0.0 -2.0 -1.0 -3.0 -1.0 -3.0 -1.0 -2.0 -3.0 -4.0 -4.0 -4.0 -2.0 -2.0 -2.0 -3.0 -3.0 -1.0 -3.0 -4.0 -3.0 -1.0 -4.0 -3.0 0.0 -3.0 -2.0 -4.0 -1.0 -1.0 0.0 -4.0 -4.0 -3.0 -4.0 -2.0 -3.0 0.0 -1.0 0.0 -2.0 -1.0 -3.0 -3.0 
-1.0 0.0 -1.0 -4.0 0.0 -1.0 0.0 -3.0 -4.0 -1.0 0.0 -1.0 -1.0 0.0 -2.0 0.0 -1.0 -4.0 -1.0 -1.0 -3.0 117.0 -3.0 -2.0 -3.0 -4.0 -1.0 -4.0 -2.0 -3.0 0.0 -2.0 -2.0 -4.0 -2.0 -3.0 -3.0 -1.0 -2.0 -4.0 -3.0 -3.0 -3.0 0.0 -1.0 -2.0 0.0 -2.0 -4.0 -3.0 -2.0 -1.0 -2.0 -2.0 -3.0 -1.0 -1.0 -1.0 -1.0 -3.0 -1.0 -1.0 -1.0 0.0 -2.0 
-3.0 0.0 -2.0 -4.0 -4.0 -1.0 -2.0 -3.0 -4.0 -2.0 -1.0 -4.0 -4.0 -1.0 -4.0 -3.0 -4.0 -3.0 -3.0 -1.0 -1.0 -3.0 143.0 -3.0 0.0 -2.0 0.0 -2.0 -1.0 -1.0 -2.0 -2.0 -1.0 -2.0 -2.0 -1.0 -3.0 -4.0 -1.0 -4.0 -3.0 -3.0 -4.0 -2.0 -4.0 -1.0 -1.0 -3.0 -1.0 -1.0 0.0 -3.0 -4.0 -3.0 -2.0 -1.0 -2.0 0.0 -2.0 -1.0 -4.0 -2.0 -4.0 -3.0 -1.0 
0.0 -2.0 -1.0 -2.0 -1.0 -3.0 0.0 -4.0 0.0 -4.0 -4.0 -2.0 -4.0 -1.0 -1.0 0.0 -1.0 -1.0 0.0 0.0 -1.0 -3.0 -3.0 125.0 -3.0 -3.0 -3.0 -4.0 -2.0 -1.0 -3.0 -4.0 -4.0 -4.0 -2.0 -2.0 -2.0 -2.0 -3.0 -1.0 -2.0 0.0 -1.0 -2.0 0.0 -2.0 -2.0 -4.0 -1.0 0.0 -4.0 -1.0 -1.0 -4.0 0.0 -2.0 0.0 -2.0 -1.0 -1.0 0.0 -4.0 -4.0 -4.0 -2.0 
-2.0 -2.0 -1.0 -1.0 -1.0 -1.0 -3.0 0.0 -4.0 -1.0 -3.0 -4.0 -3.0 -2.0 0.0 -1.0 -3.0 -1.0 -4.0 -3.0 -3.0 -2.0 0.0 -4.0 139.0 -1.0 -2.0 0.0 -3.0 -3.0 -3.0 0.0 -1.0 -4.0 -4.0 -1.0 -4.0 -4.0 -1.0 -4.0 -1.0 -3.0 -3.0 -4.0 -4.0 -4.0 0.0 -3.0 -4.0 0.0 -2.0 0.0 -2.0 -3.0 -3.0 -4.0 0.0 -2.0 -3.0 -1.0 -4.0 -2.0 0.0 -2.0 -1.0 
-1.0 0.0 -4.0 -1.0 -1.0 -3.0 -3.0 -4.0 -1.0 0.0 -3.0 -3.0 -4.0 0.0 0.0 0.0 -1.0 -3.0 -1.0 -3.0 0.0 -1.0 -4.0 -2.0 -1.0 124.0 -2.0 -4.0 -1.0 0.0 -2.0 -4.0 -2.0 -4.0 -1.0 0.0 -4.0 -4.0 -2.0 -1.0 -3.0 -4.0 -2.0 -3.0 -4.0 -4.0 0.0 -1.0 0.0 -2.0 0.0 -3.0 -4.0 -3.0 0.0 -1.0 0.0 -3.0 -4.0 -2.0 0.0 0.0 -3.0 -3.0 0.0 
-3.0 0.0 -1.0 -1.0 -1.0 -2.0 -4.0 -3.0 -4.0 -2.0 0.0 -3.0 -4.0 0.0 -1.0 -2.0 -3.0 -4.0 -4.0 -4.0 -3.0 -2.0 -2.0 -4.0 0.0 -2.0 135.0 -3.0 -2.0 -3.0 -4.0 0.0 -4.0 -1.0 -1.0 -2.0 -1.0 -3.0 -2.0 -2.0 -3.0 -1.0 0.0 -1.0 -3.0 -2.0 -2.0 -3.0 -2.0 -2.0 -3.0 -4.0 -1.0 -3.0 -2.0 0.0 -3.0 -3.0 0.0 -2.0 -2.0 -1.0 -1.0 -2.0 -2.0 
-2.0 -1.0 -1.0 -2.0 -3.0 0.0 0.0 -4.0 -1.0 0.0 -3.0 -4.0 -1.0 -4.0 -3.0 -1.0 -2.0 -3.0 -2.0 0.0 -2.0 -4.0 -4.0 -4.0 0.0 -2.0 -1.0 137.0 -2.0 0.0 -4.0 -4.0 -3.0 -3.0 0.0 -3.0 -2.0 -2.0 0.0 -2.0 -4.0 -2.0 -4.0 -4.0 -4.0 -1.0 0.0 -3.0 -1.0 -4.0 -4.0 -3.0 -1.0 -4.0 0.0 -4.0 -2.0 -1.0 -2.0 0.0 -4.0 -2.0 0.0 -1.0 -3.0 
-3.0 -2.0 0.0 -4.0 -1.0 -2.0 -4.0 -2.0 -2.0 -3.0 -2.0 -3.0 -3.0 -3.0 -1.0 -3.0 -4.0 -4.0 -2.0 0.0 -4.0 -2.0 -3.0 -3.0 -2.0 -2.0 -3.0 -1.0 136.0 -2.0 0.0 0.0 -2.0 -2.0 -3.0 -2.0 -2.0 -4.0 -2.0 -2.0 0.0 -2.0 -2.0 -4.0 -4.0 -1.0 -1.0 -1.0 -4.0 -3.0 -1.0 -3.0 -3.0 0.0 -1.0 -1.0 -4.0 -2.0 0.0 -1.0 -2.0 -2.0 -1.0 -1.0 -3.0 
-3.0 -3.0 -3.0 -2.0 -4.0 -3.0 -1.0 -3.0 -2.0 0.0 -4.0 -4.0 -2.0 -3.0 0.0 0.0 -4.0 -2.0 -3.0 -3.0 -2.0 -3.0 -4.0 -3.0 -3.0 0.0 -3.0 -2.0 -3.0 137.0 0.0 -2.0 -3.0 -4.0 0.0 -4.0 -4.0 -1.0 -3.0 -1.0 0.0 0.0 -3.0 -4.0 -3.0 -1.0 -3.0 -1.0 0.0 -4.0 -4.0 0.0 -3.0 0.0 -2.0 0.0 -2.0 -1.0 -2.0 -3.0 -2.0 0.0 -4.0 0.0 -1.0 
-3.0 -1.0 -2.0 -1.0 -1.0 0.0 -3.0 -2.0 -1.0 0.0 -4.0 -4.0 -2.0 0.0 -2.0 -2.0 -1.0 -2.0 -2.0 -4.0 -4.0 -4.0 -2.0 -4.0 0.0 -1.0 0.0 -2.0 0.0 -1.0 120.0 -2.0 -3.0 0.0 -2.0 -3.0 -3.0 -4.0 0.0 -3.0 -2.0 -1.0 -4.0 -3.0 0.0 -3.0 -2.0 -1.0 -4.0 0.0 -4.0 -3.0 0.0 -2.0 -4.0 -2.0 0.0 -1.0 0.0 -2.0 0.0 0.0 -1.0 -2.0 -4.0 
-1.0 -2.0 -3.0 -2.0 0.0 -4.0 0.0 -2.0 -1.0 -2.0 -3.0 -2.0 0.0 -1.0 -2.0 0.0 0.0 0.0 -3.0 -1.0 -2.0 -1.0 -4.0 0.0 -1.0 -3.0 0.0 0.0 -4.0 -2.0 -4.0 111.0 -4.0 -1.0 -1.0 -2.0 -1.0 -3.0 -4.0 -2.0 -2.0 -2.0 0.0 -2.0 -2.0 -1.0 -1.0 -4.0 0.0 -2.0 0.0 -4.0 -3.0 0.0 -3.0 -1.0 0.0 0.0 0.0 -3.0 -2.0 -2.0 -1.0 -4.0 -4.0 
-4.0 -4.0 -1.0 -1.0 -4.0 -2.0 0.0 -3.0 -4.0 -2.0 -1.0 -3.0 -3.0 -4.0 -4.0 -2.0 -1.0 -3.0 -3.0 -1.0 -2.0 -4.0 -1.0 -2.0 -3.0 -3.0 -2.0 -4.0 -3.0 -3.0 -1.0 -4.0 139.0 -1.0 0.0 0.0 -3.0 -1.0 -3.0 -2.0 -3.0 -1.0 -3.0 -1.0 -4.0 0.0 0.0 -4.0 -1.0 0.0 -3.0 -3.0 -3.0 -1.0 0.0 -1.0 -4.0 -4.0 0.0 -3.0 0.0 -1.0 -2.0 -3.0 -2.0 
-1.0 0.0 -2.0 -1.0 -1.0 -2.0 0.0 -4.0 0.0 -2.0 -4.0 -2.0 0.0 -4.0 -2.0 -4.0 -3.0 0.0 -3.0 -3.0 -4.0 0.0 -2.0 -3.0 -3.0 -3.0 -4.0 -4.0 0.0 -4.0 -4.0 -4.0 -3.0 150.0 -4.0 -4.0 -4.0 -4.0 -4.0 0.0 -4.0 -1.0 -3.0 0.0 -4.0 -1.0 -3.0 -1.0 -4.0 -3.0 -1.0 0.0 -2.0 0.0 -2.0 -1.0 -2.0 -4.0 -3.0 -3.0 -3.0 -4.0 -2.0 -2.0 -1.0 
-2.0 -3.0 -4.0 -3.0 -1.0 0.0 -2.0 -2.0 -4.0 -1.0 -3.0 0.0 -3.0 -4.0 0.0 -2.0 0.0 -2.0 -1.0 0.0 -2.0 -1.0 -1.0 -4.0 -4.0 -4.0 0.0 -3.0 -2.0 -1.0 -2.0 -1.0 0.0 -2.0 134.0 -3.0 -1.0 -2.0 -4.0 -4.0 -4.0 -3.0 -3.0 -3.0 -4.0 -1.0 -4.0 -4.0 -4.0 -3.0 -1.0 -2.0 -2.0 0.0 0.0 -1.0 -1.0 0.0 -3.0 -2.0 -3.0 0.0 -4.0 -2.0 -2.0 
-2.0 -4.0 -2.0 -1.0 0.0 -3.0 0.0 -3.0 -2.0 -1.0 -1.0 -4.0 -3.0 -4.0 -4.0 0.0 -2.0 -2.0 -4.0 -2.0 -4.0 -4.0 0.0 -1.0 -2.0 -1.0 0.0 0.0 -4.0 -4.0 0.0 -1.0 0.0 -4.0 0.0 128.0 -3.0 -3.0 -3.0 0.0 -4.0 -3.0 -2.0 -1.0 -4.0 0.0 -4.0 -1.0 0.0 -3.0 -3.0 -1.0 -1.0 0.0 0.0 -4.0 -2.0 -3.0 -1.0 0.0 -2.0 -3.0 -4.0 0.0 -4.0 
-1.0 -1.0 -1.0 -1.0 -4.0 -2.0 -3.0 -3.0 -3.0 -1.0 -3.0 -3.0 -3.0 -3.0 -3.0 -3.0 0.0 0.0 -1.0 -2.0 0.0 0.0 0.0 -3.0 -2.0 -3.0 0.0 -2.0 -4.0 -4.0 -3.0 0.0 -2.0 -1.0 -4.0 -4.0 132.0 0.0 -2.0 -4.0 -4.0 -2.0 -2.0 -3.0 -4.0 -1.0 -1.0 -4.0 -3.0 -4.0 -1.0 -2.0 -1.0 -4.0 0.0 -3.0 -3.0 0.0 -2.0 -2.0 0.0 0.0 -3.0 -2.0 -2.0 
-2.0 0.0 -4.0 -1.0 -3.0 -1.0 -2.0 -2.0 -3.0 -4.0 -4.0 0.0 -3.0 -4.0 -4.0 -3.0 0.0 -1.0 -2.0 -4.0 -3.0 0.0 -3.0 0.0 -2.0 0.0 -1.0 -2.0 -3.0 -1.0 -3.0 -1.0 -2.0 -3.0 0.0 -2.0 -3.0 118.0 0.0 -4.0 0.0 -3.0 0.0 -4.0 -2.0 -3.0 0.0 -1.0 -3.0 -1.0 -4.0 -4.0 -1.0 0.0 -4.0 0.0 0.0 -3.0 -1.0 0.0 0.0 0.0 -2.0 -2.0 0.0 
0.0 0.0 0.0 -4.0 -2.0 -3.0 -3.0 -3.0 -2.0 -4.0 -2.0 0.0 0.0 0.0 0.0 -2.0 -2.0 -1.0 0.0 0.0 -2.0 -1.0 -2.0 -3.0 -1.0 0.0 -2.0 -2.0 -2.0 -4.0 -1.0 -2.0 -4.0 0.0 -2.0 0.0 -1.0 0.0 107.0 -1.0 -3.0 0.0 -4.0 -4.0 -4.0 0.0 -3.0 -3.0 -2.0 0.0 -1.0 -2.0 -1.0 -2.0 -2.0 0.0 -1.0 -4.0 0.0 -4.0 -4.0 0.0 -1.0 0.0 -4.0 
0.0 0.0 -2.0 -3.0 -3.0 -1.0 -1.0 -3.0 -2.0 -2.0 -2.0 -2.0 -3.0 0.0 -4.0 -2.0 0.0 -3.0 -1.0 -2.0 0.0 -2.0 -3.0 -3.0 -1.0 -1.0 -1.0 0.0 0.0 -1.0 0.0 -4.0 -1.0 -2.0 -1.0 -4.0 0.0 -2.0 -2.0 122.0 -3.0 -3.0 -1.0 -1.0 -3.0 -3.0 -3.0 -2.0 -1.0 -1.0 -4.0 -4.0 -2.0 -4.0 -1.0 -2.0 0.0 -4.0 -3.0 0.0 -3.0 -2.0 -4.0 -2.0 -2.0 
-4.0 -2.0 -1.0 -4.0 -3.0 0.0 -4.0 -3.0 -4.0 -2.0 0.0 0.0 -4.0 -3.0 0.0 -1.0 -3.0 -4.0 0.0 0.0 -1.0 0.0 -4.0 -3.0 -2.0 -2.0 -1.0 -1.0 -3.0 -4.0 -4.0 0.0 -4.0 -1.0 0.0 -3.0 -2.0 -1.0 -4.0 -4.0 137.0 0.0 -1.0 0.0 -2.0 0.0 -4.0 -1.0 0.0 -3.0 -4.0 -2.0 -1.0 -4.0 -3.0 -2.0 -3.0 -3.0 -4.0 -1.0 -4.0 -3.0 -4.0 0.0 -2.0 
-2.0 -1.0 -4.0 0.0 -1.0 -1.0 0.0 -1.0 -2.0 -2.0 -1.0 -1.0 -4.0 -4.0 0.0 -1.0 -1.0 -2.0 -3.0 -1.0 -4.0 -2.0 -2.0 -4.0 -3.0 0.0 -1.0 -1.0 -4.0 -2.0 -3.0 -3.0 -3.0 -3.0 -2.0 -3.0 -1.0 -4.0 0.0 -1.0 0.0 128.0 -3.0 -1.0 -3.0 -3.0 -3.0 -1.0 -4.0 -2.0 0.0 0.0 -4.0 -2.0 -4.0 -3.0 -4.0 -2.0 -4.0 -1.0 -2.0 -1.0 -1.0 0.0 -2.0 
-2.0 0.0 -1.0 0.0 -4.0 -3.0 -2.0 -3.0 -3.0 -3.0 -2.0 -1.0 -2.0 -2.0 -2.0 -2.0 -3.0 -4.0 -3.0 -3.0 -1.0 -2.0 -4.0 -4.0 -4.0 -1.0 -4.0 -2.0 -4.0 -2.0 -3.0 -1.0 -3.0 -2.0 0.0 -4.0 0.0 0.0 -3.0 -1.0 -2.0 -1.0 130.0 -2.0 -3.0 0.0 -4.0 -1.0 -2.0 -3.0 -4.0 0.0 0.0 0.0 -2.0 -2.0 0.0 0.0 0.0 0.0 -4.0 -4.0 -3.0 -2.0 -1.0 
-2.0 -4.0 -1.0 -3.0 -2.0 -2.0 -4.0 -4.0 -2.0 -3.0 -1.0 -3.0 -4.0 0.0 0.0 -2.0 0.0 -3.0 -2.0 -1.0 0.0 -2.0 0.0 0.0 -3.0 -1.0 -3.0 -1.0 -3.0 -3.0 0.0 -1.0 -1.0 0.0 -2.0 -4.0 0.0 -1.0 -3.0 0.0 -4.0 0.0 -1.0 116.0 -3.0 -2.0 -3.0 -3.0 -4.0 -2.0 0.0 -4.0 -1.0 -2.0 -3.0 -1.0 -1.0 -2.0 -2.0 0.0 0.0 -3.0 -4.0 0.0 0.0 
0.0 -1.0 -4.0 -3.0 0.0 -3.0 -1.0 -2.0 -1.0 -3.0 -4.0 0.0 -3.0 -3.0 0.0 -4.0 -1.0 -1.0 0.0 0.0 0.0 -4.0 -1.0 -3.0 -1.0 -3.0 -4.0 -4.0 -1.0 -4.0 0.0 -2.0 -1.0 -3.0 -4.0 -4.0 -4.0 0.0 0.0 -3.0 -2.0 0.0 -2.0 -4.0 137.0 -2.0 -4.0 -2.0 -2.0 -4.0 -2.0 -1.0 -4.0 -3.0 -3.0 -4.0 -3.0 -3.0 -1.0 -1.0 -4.0 -4.0 -1.0 -1.0 0.0 
-4.0 -1.0 -2.0 0.0 -4.0 0.0 -2.0 -1.0 -2.0 -4.0 -3.0 0.0 -3.0 -3.0 -2.0 -2.0 -2.0 -2.0 -3.0 -2.0 -3.0 -4.0 -1.0 -2.0 -1.0 -4.0 -3.0 -2.0 -3.0 -3.0 -3.0 -3.0 -2.0 -3.0 -2.0 -3.0 -1.0 -3.0 -1.0 -3.0 -2.0 -4.0 -4.0 0.0 -4.0 147.0 -1.0 -2.0 -2.0 -3.0 -1.0 -4.0 -4.0 -4.0 -3.0 -2.0 0.0 -4.0 -4.0 -2.0 -1.0 0.0 -2.0 -1.0 -1.0 
-2.0 -1.0 0.0 -1.0 0.0 0.0 0.0 -1.0 -3.0 -2.0 -3.0 -2.0 0.0 -2.0 -1.0 -2.0 0.0 -1.0 -2.0 -1.0 -3.0 0.0 -1.0 0.0 0.0 0.0 -1.0 -1.0 -1.0 -4.0 -1.0 -1.0 0.0 -1.0 0.0 0.0 -2.0 -3.0 -3.0 -4.0 -4.0 -4.0 -3.0 -2.0 -3.0 0.0 96.0 0.0 -1.0 -4.0 0.0 0.0 -1.0 -1.0 -2.0 0.0 -2.0 -4.0 -2.0 -2.0 -3.0 -4.0 -1.0 -2.0 -1.0 
-4.0 -4.0 -1.0 0.0 -3.0 -4.0 -4.0 -2.0 -2.0 -2.0 -2.0 -3.0 -2.0 0.0 -4.0 -4.0 -3.0 -2.0 0.0 -1.0 -1.0 0.0 0.0 -1.0 -1.0 -3.0 -4.0 -4.0 -2.0 -1.0 -1.0 -4.0 -1.0 -1.0 -4.0 -1.0 -4.0 -3.0 -2.0 0.0 -2.0 -3.0 -1.0 -4.0 -1.0 -4.0 -2.0 136.0 0.0 -3.0 -2.0 -1.0 0.0 0.0 -2.0 0.0 -1.0 -3.0 -4.0 -2.0 -4.0 -4.0 -2.0 -2.0 -4.0 
-4.0 -4.0 -2.0 0.0 -2.0 0.0 -3.0 0.0 0.0 -1.0 -4.0 -3.0 -1.0 0.0 -3.0 -1.0 0.0 0.0 -2.0 -3.0 0.0 -1.0 -4.0 -4.0 -1.0 -1.0 -4.0 -4.0 -4.0 -4.0 -1.0 -1.0 0.0 -2.0 -3.0 -4.0 0.0 -1.0 -2.0 -1.0 -3.0 -1.0 -2.0 -2.0 -2.0 -4.0 -2.0 -3.0 132.0 -4.0 0.0 -2.0 -3.0 -4.0 -1.0 -3.0 -4.0 -4.0 0.0 -3.0 0.0 -2.0 -2.0 -3.0 -3.0 
-2.0 -3.0 -3.0 0.0 -1.0 -3.0 -4.0 0.0 -1.0 -2.0 -2.0 -2.0 -1.0 0.0 -1.0 -3.0 -4.0 0.0 0.0 -2.0 -2.0 -2.0 -2.0 -2.0 -3.0 -4.0 -3.0 -2.0 -2.0 0.0 -3.0 -1.0 -1.0 -4.0 -2.0 -2.0 -4.0 -4.0 -3.0 -4.0 -2.0 -1.0 -4.0 -3.0 -2.0 -4.0 -1.0 0.0 -4.0 125.0 0.0 -2.0 0.0 -3.0 -3.0 0.0 -1.0 -2.0 -1.0 -1.0 -1.0 -1.0 0.0 -3.0 -2.0 
-1.0 -1.0 -4.0 -1.0 -2.0 -1.0 -4.0 -3.0 0.0 0.0 -1.0 -3.0 -4.0 -3.0 -4.0 -4.0 -3.0 0.0 -3.0 -1.0 -4.0 0.0 -1.0 -3.0 -4.0 -1.0 -4.0 -2.0 0.0 -4.0 -3.0 0.0 -2.0 -4.0 -4.0 -2.0 -1.0 -1.0 -4.0 -3.0 -1.0 -2.0 -4.0 -3.0 -3.0 -3.0 -4.0 -2.0 -4.0 -1.0 146.0 -1.0 -3.0 -4.0 -4.0 -3.0 -1.0 -3.0 -4.0 0.0 -2.0 -1.0 -1.0 -1.0 -1.0 
-2.0 0.0 -3.0 -1.0 -1.0 -3.0 -2.0 -4.0 -3.0 -3.0 -3.0 -4.0 -3.0 -3.0 -1.0 -2.0 0.0 -4.0 -4.0 -1.0 -3.0 -4.0 -1.0 -2.0 -3.0 0.0 -3.0 -2.0 -1.0 -2.0 0.0 -2.0 -2.0 -4.0 0.0 -3.0 -3.0 -4.0 -2.0 -3.0 -2.0 -1.0 -1.0 -1.0 -1.0 -4.0 -1.0 -4.0 -1.0 0.0 -2.0 136.0 -1.0 -1.0 -2.0 -3.0 -3.0 -4.0 -4.0 -3.0 -3.0 0.0 -2.0 -1.0 0.0 
-4.0 -3.0 0.0 0.0 0.0 -2.0 -4.0 -3.0 -3.0 -1.0 -1.0 -3.0 0.0 -4.0 -4.0 0.0 -4.0 -3.0 -3.0 -4.0 -4.0 -3.0 -2.0 -2.0 -2.0 -1.0 -2.0 -1.0 0.0 -2.0 -3.0 -3.0 -1.0 -3.0 0.0 0.0 -3.0 -3.0 -2.0 -1.0 0.0 -1.0 -4.0 0.0 -3.0 -4.0 -2.0 0.0 -4.0 -2.0 -4.0 0.0 138.0 -4.0 -4.0 -3.0 -3.0 -4.0 -2.0 -2.0 0.0 -4.0 -1.0 -3.0 0.0 
-3.0 -2.0 -4.0 -1.0 -2.0 -1.0 -3.0 -2.0 -1.0 -4.0 -3.0 0.0 -2.0 -2.0 0.0 -1.0 -1.0 -4.0 0.0 0.0 0.0 -3.0 -3.0 -1.0 -1.0 -2.0 0.0 -2.0 -4.0 -3.0 -4.0 -1.0 -4.0 -1.0 0.0 0.0 -3.0 -4.0 -4.0 -1.0 -2.0 -3.0 -2.0 -3.0 -2.0 -2.0 -4.0 -2.0 -2.0 -4.0 -1.0 -4.0 -3.0 129.0 -2.0 -1.0 0.0 -1.0 -2.0 -4.0 -2.0 0.0 -4.0 0.0 -2.0 
-4.0 -3.0 0.0 -2.0 -1.0 -4.0 -4.0 -4.0 -3.0 0.0 -4.0 -1.0 -3.0 -1.0 -2.0 -4.0 -1.0 0.0 -3.0 -1.0 -2.0 -4.0 -2.0 -1.0 0.0 -1.0 -3.0 -4.0 -3.0 0.0 -4.0 -2.0 -2.0 -1.0 0.0 -2.0 -1.0 -1.0 -3.0 0.0 -2.0 -2.0 -3.0 -3.0 -2.0 0.0 -3.0 0.0 0.0 -2.0 -1.0 0.0 -3.0 0.0 126.0 -3.0 0.0 0.0 -4.0 -2.0 -2.0 -4.0 -4.0 -4.0 -1.0 
-1.0 -3.0 -2.0 -1.0 0.0 -1.0 -3.0 -4.0 -4.0 -4.0 0.0 0.0 -4.0 0.0 -3.0 -1.0 -4.0 -4.0 -4.0 0.0 -4.0 -3.0 -3.0 0.0 -4.0 -4.0 0.0 -4.0 -4.0 -3.0 -4.0 -3.0 -3.0 -4.0 -3.0 -2.0 -1.0 -3.0 -2.0 -1.0 0.0 -2.0 -4.0 -3.0 -2.0 -3.0 -1.0 -4.0 -1.0 -3.0 -4.0 -4.0 -3.0 -1.0 -2.0 151.0 0.0 -3.0 -1.0 -2.0 -2.0 -4.0 -3.0 0.0 -1.0 
-1.0 -4.0 -1.0 -2.0 0.0 -4.0 -3.0 -2.0 0.0 -3.0 -1.0 -1.0 -3.0 -2.0 0.0 -3.0 -3.0 0.0 0.0 -2.0 0.0 -4.0 -2.0 -2.0 -1.0 -1.0 -4.0 -3.0 -1.0 -2.0 -4.0 -1.0 -4.0 0.0 -3.0 -2.0 0.0 0.0 0.0 0.0 -4.0 0.0 0.0 -3.0 0.0 0.0 -2.0 -4.0 0.0 -1.0 -3.0 -2.0 -1.0 -4.0 0.0 -3.0 118.0 -4.0 -4.0 -2.0 -3.0 -3.0 -1.0 -4.0 -1.0 
0.0 -3.0 -2.0 -4.0 -4.0 -3.0 -2.0 -4.0 -4.0 0.0 -1.0 -1.0 -2.0 -3.0 -2.0 -2.0 -3.0 -3.0 -2.0 -3.0 -1.0 -3.0 -4.0 -1.0 -3.0 -2.0 -2.0 -1.0 -1.0 0.0 -3.0 -3.0 0.0 -4.0 -4.0 -1.0 -2.0 0.0 0.0 0.0 -1.0 -4.0 -4.0 -1.0 -4.0 0.0 -1.0 -3.0 -3.0 -3.0 -4.0 -4.0 0.0 -4.0 -2.0 -2.0 0.0 135.0 -2.0 -2.0 -4.0 0.0 -1.0 -3.0 0.0 
-1.0 -4.0 -4.0 -1.0 0.0 -1.0 -2.0 0.0 -4.0 -4.0 0.0 0.0 -4.0 -1.0 0.0 0.0 -3.0 -1.0 -3.0 -3.0 0.0 0.0 -4.0 0.0 0.0 -3.0 -1.0 -4.0 -1.0 -1.0 -1.0 -3.0 -3.0 -4.0 -1.0 -3.0 -2.0 -2.0 -4.0 -4.0 0.0 -3.0 -1.0 -1.0 -3.0 -3.0 -2.0 0.0 -2.0 -4.0 -2.0 -2.0 0.0 -4.0 -2.0 -2.0 -2.0 -4.0 124.0 -4.0 -1.0 0.0 -2.0 -1.0 -2.0 
0.0 0.0 -3.0 0.0 0.0 -4.0 -2.0 -1.0 0.0 -4.0 0.0 -2.0 -4.0 -2.0 -3.0 0.0 -4.0 -3.0 0.0 0.0 0.0 -2.0 -2.0 -4.0 -4.0 -3.0 -2.0 -2.0 -4.0 -3.0 -2.0 -1.0 -3.0 -4.0 -2.0 -4.0 -4.0 -1.0 -1.0 -1.0 0.0 -1.0 -4.0 -3.0 0.0 -2.0 -4.0 -1.0 -4.0 0.0 0.0 -3.0 -1.0 0.0 -4.0 -4.0 -4.0 0.0 -3.0 129.0 0.0 -3.0 -4.0 -3.0 0.0 
-3.0 0.0 -3.0 -1.0 0.0 -3.0 0.0 -3.0 -2.0 -4.0 -3.0 0.0 -1.0 -3.0 -2.0 -3.0 0.0 -2.0 -2.0 -2.0 -1.0 -1.0 -4.0 -4.0 -2.0 -2.0 -4.0 -1.0 -4.0 -3.0 -2.0 -4.0 -2.0 0.0 -1.0 -3.0 -1.0 -4.0 -4.0 -3.0 -3.0 0.0 0.0 -2.0 -4.0 0.0 0.0 -1.0 -1.0 -4.0 -4.0 -2.0 -4.0 -4.0 -1.0 -4.0 -3.0 -2.0 -1.0 -3.0 142.0 -1.0 -3.0 -4.0 -4.0 
-2.0 -1.0 0.0 -2.0 0.0 -4.0 -2.0 0.0 -2.0 0.0 -1.0 -1.0 -3.0 -2.0 -2.0 -2.0 -3.0 0.0 -1.0 -4.0 -3.0 -4.0 -2.0 -4.0 -4.0 -2.0 -1.0 0.0 -4.0 -2.0 -3.0 -4.0 0.0 -3.0 -3.0 -2.0 -4.0 0.0 0.0 -1.0 -1.0 0.0 -4.0 -1.0 -4.0 -2.0 -4.0 -1.0 -2.0 -2.0 -4.0 -1.0 -1.0 -4.0 -4.0 -3.0 0.0 -3.0 -3.0 0.0 0.0 126.0 -1.0 -3.0 0.0 
0.0 0.0 -1.0 -2.0 -3.0 -2.0 0.0 -2.0 -3.0 -3.0 -1.0 -4.0 -2.0 0.0 0.0 -3.0 -4.0 -2.0 -4.0 -1.0 -3.0 0.0 -2.0 -3.0 -3.0 -1.0 0.0 -4.0 -4.0 -2.0 -1.0 0.0 0.0 -2.0 -2.0 -1.0 -2.0 -1.0 -4.0 0.0 -4.0 -1.0 -4.0 -3.0 -2.0 0.0 -1.0 -4.0 -4.0 -3.0 0.0 -4.0 -1.0 -1.0 0.0 -4.0 -2.0 -3.0 -2.0 -1.0 -2.0 -1.0 124.0 -3.0 -2.0 
-2.0 -3.0 -3.0 -3.0 0.0 0.0 -4.0 -1.0 -3.0 -2.0 -2.0 -1.0 -3.0 -3.0 -3.0 0.0 0.0 -4.0 -4.0 -3.0 -4.0 -4.0 -2.0 -3.0 -1.0 -4.0 -3.0 0.0 -3.0 0.0 -3.0 0.0 -2.0 -4.0 -1.0 -1.0 0.0 -2.0 -2.0 -3.0 -3.0 -4.0 -3.0 -3.0 -1.0 0.0 -3.0 -3.0 0.0 0.0 -3.0 -1.0 0.0 -3.0 -4.0 -1.0 -4.0 -2.0 0.0 -1.0 0.0 -4.0 -1.0 132.0 -2.0 
0.0 -2.0 -3.0 -2.0 -1.0 -1.0 -4.0 -4.0 -2.0 -3.0 -3.0 -4.0 -3.0 0.0 -3.0 -2.0 0.0 -3.0 -1.0 -4.0 -1.0 -3.0 -1.0 -4.0 -1.0 -1.0 -2.0 0.0 -2.0 -4.0 -3.0 -3.0 -1.0 0.0 -3.0 -1.0 0.0 0.0 -2.0 0.0 0.0 -3.0 -1.0 -4.0 0.0 -1.0 -2.0 -3.0 -2.0 0.0 -3.0 -1.0 -4.0 -1.0 -3.0 -1.0 -2.0 0.0 0.0 -3.0 -3.0 -2.0 0.0 0.0 116.0 

-4177.999 -4126.0 -4494.0 -3908.0 -4102.0 -3316.0 -3247.0 -3518.0 -2790.0 -2669.0 -3190.0 -2533.0 -3201.0 -2635.0 -2508.0 -1936.0 -2285.0 -1860.0 -2076.0 -1350.0 -1716.0 -1398.0 -1299.0 -1220.0 -1231.0 -894.0 -671.0 -803.0 -265.0 2.0 -180.0 -258.0 351.0 -24.0 237.0 465.0 525.0 1000.0 495.0 555.0 1033.0 997.0 1619.0 1507.0 1411.0 1936.0 968.0 2122.0 1874.0 2243.0 2629.0 2789.0 2777.0 2676.0 3006.0 3567.0 2740.0 3630.0 3115.0 3328.0 3731.0 3624.0 3629.0 4371.0 4100.0 