115
254.0 -1.0 -3.0 -3.0 -4.0 -4.0 -2.0 -2.0 -4.0 -3.0 -2.0 -4.0 -4.0 0.0 -3.0 -1.0 -1.0 -2.0 -1.0 0.0 -1.0 -3.0 -3.0 -4.0 -3.0 -1.0 -2.0 -3.0 -3.0 -4.0 -4.0 -4.0 0.0 -1.0 -4.0 -3.0 -1.0 -4.0 -3.0 -1.0 -3.0 -2.0 0.0 -2.0 -1.0 -2.0 -1.0 -2.0 -3.0 -1.0 -4.0 -4.0 -3.0 -3.0 -4.0 -1.0 0.0 -4.0 -4.0 -2.0 -4.0 0.0 -4.0 -1.0 -1.0 -1.0 -3.0 -4.0 -4.0 -4.0 0.0 -3.0 -3.0 -2.0 0.0 -4.0 -1.0 -4.0 -1.0 -1.0 -4.0 -4.0 -1.0 -1.0 -4.0 -3.0 -3.0 -4.0 -1.0 -2.0 -4.0 -3.0 0.0 -1.0 0.0 -2.0 -1.0 -1.0 -1.0 0.0 -2.0 0.0 0.0 0.0 -2.0 -1.0 -1.0 -1.0 -4.0 -3.0 -2.0 -2.0 -1.0 -4.0 -3.0 
-3.0 234.0 -3.0 -4.0 0.0 -3.0 -1.0 0.0 0.0 -2.0 -1.0 -3.0 0.0 -4.0 -4.0 -2.0 -3.0 -4.0 -4.0 -1.0 -3.0 0.0 0.0 -1.0 -1.0 0.0 -3.0 -1.0 -4.0 -2.0 -4.0 -2.0 -3.0 0.0 -3.0 -4.0 -4.0 -2.0 -4.0 0.0 -2.0 -2.0 -2.0 -3.0 -3.0 0.0 0.0 -3.0 0.0 -2.0 -2.0 -4.0 -1.0 -2.0 0.0 -4.0 -1.0 -1.0 -4.0 -4.0 -3.0 -4.0 -1.0 -2.0 0.0 -4.0 0.0 -4.0 -4.0 -1.0 -2.0 -3.0 -1.0 -2.0 -2.0 -2.0 -1.0 0.0 -2.0 0.0 -4.0 -4.0 0.0 -3.0 -4.0 0.0 0.0 -2.0 -2.0 -1.0 -3.0 -4.0 -3.0 -2.0 -4.0 -3.0 -1.0 0.0 -3.0 -3.0 -3.0 -1.0 -4.0 -1.0 -1.0 -3.0 -2.0 -3.0 0.0 -2.0 -3.0 -2.0 0.0 -1.0 -1.0 
-3.0 -2.0 246.0 -1.0 -3.0 -4.0 -1.0 -4.0 -2.0 0.0 0.0 -3.0 0.0 0.0 -2.0 0.0 -3.0 -2.0 -3.0 -1.0 0.0 -2.0 0.0 -1.0 -1.0 -3.0 -2.0 -4.0 -4.0 -3.0 -3.0 -4.0 -3.0 -2.0 -3.0 -4.0 0.0 0.0 -1.0 -3.0 -3.0 -1.0 -1.0 -2.0 -3.0 -2.0 -3.0 0.0 -3.0 -4.0 -3.0 -4.0 0.0 0.0 -3.0 -1.0 -3.0 0.0 -3.0 0.0 -4.0 -2.0 -3.0 -4.0 -4.0 -1.0 -4.0 -2.0 -3.0 0.0 -1.0 -1.0 -4.0 -1.0 -2.0 -4.0 -4.0 -1.0 -3.0 0.0 -3.0 -1.0 -3.0 0.0 -4.0 -1.0 -2.0 -3.0 -1.0 -4.0 -3.0 -4.0 -4.0 -4.0 -2.0 0.0 -1.0 -2.0 -3.0 -4.0 0.0 -2.0 -4.0 -1.0 -2.0 -2.0 -4.0 -1.0 -4.0 -2.0 -2.0 -4.0 -3.0 0.0 -2.0 
-1.0 -3.0 -4.0 247.0 0.0 -4.0 -4.0 -1.0 -3.0 0.0 -3.0 -3.0 0.0 -1.0 -4.0 -1.0 -4.0 -2.0 -1.0 0.0 -3.0 -4.0 -4.0 -1.0 -2.0 -4.0 -3.0 -2.0 -3.0 -4.0 -3.0 -1.0 -4.0 -3.0 0.0 -1.0 -4.0 -4.0 -2.0 -2.0 -4.0 -1.0 -3.0 -2.0 -2.0 -3.0 -2.0 -1.0 -3.0 -3.0 -1.0 -2.0 0.0 -2.0 -1.0 -1.0 -4.0 -2.0 -3.0 -3.0 -1.0 -2.0 -4.0 0.0 -1.0 -4.0 -3.0 0.0 -1.0 0.0 -1.0 0.0 -1.0 0.0 -2.0 -2.0 -3.0 0.0 -4.0 -2.0 -1.0 0.0 -1.0 0.0 -3.0 -1.0 0.0 0.0 -4.0 0.0 -4.0 -1.0 -4.0 -3.0 -2.0 -4.0 -4.0 -3.0 0.0 -3.0 -4.0 -3.0 -3.0 -3.0 -2.0 -4.0 -1.0 -3.0 -4.0 -1.0 -1.0 -4.0 -4.0 -3.0 -2.0 
-3.0 -3.0 -3.0 -1.0 227.0 -4.0 -2.0 0.0 -4.0 -3.0 0.0 -1.0 0.0 0.0 -1.0 -2.0 0.0 0.0 -2.0 0.0 -2.0 0.0 0.0 -1.0 0.0 -4.0 -4.0 0.0 -3.0 -4.0 0.0 0.0 0.0 -3.0 -4.0 0.0 -3.0 -2.0 -4.0 -1.0 -2.0 -4.0 0.0 -3.0 -3.0 -4.0 -3.0 -3.0 0.0 -2.0 -1.0 -1.0 -2.0 0.0 -3.0 -4.0 -3.0 -2.0 -3.0 -3.0 -4.0 -1.0 -4.0 -1.0 -3.0 -1.0 -4.0 -3.0 -1.0 -4.0 -1.0 0.0 -1.0 -4.0 -3.0 -4.0 -3.0 -1.0 0.0 -3.0 -3.0 -3.0 0.0 -4.0 -1.0 -1.0 0.0 0.0 -1.0 -1.0 -2.0 -2.0 -1.0 -4.0 -3.0 0.0 -1.0 -4.0 -1.0 -4.0 -4.0 -4.0 0.0 -4.0 -1.0 -1.0 -4.0 -3.0 -4.0 -4.0 -1.0 -1.0 -1.0 -2.0 -1.0 
-2.0 0.0 -1.0 -1.0 -2.0 205.0 -1.0 -1.0 -2.0 -3.0 -3.0 0.0 -4.0 -2.0 -3.0 -2.0 -2.0 -1.0 0.0 -4.0 -1.0 0.0 0.0 -4.0 -2.0 0.0 -1.0 -4.0 0.0 -4.0 -1.0 0.0 -1.0 0.0 -2.0 -1.0 -4.0 -4.0 -1.0 -3.0 0.0 -3.0 -1.0 -3.0 -2.0 -4.0 -2.0 0.0 0.0 -3.0 -4.0 0.0 -3.0 -1.0 -1.0 0.0 -1.0 -1.0 -2.0 0.0 0.0 -3.0 -3.0 -3.0 -3.0 -3.0 0.0 -4.0 0.0 -3.0 0.0 0.0 -2.0 -4.0 -4.0 -1.0 -1.0 0.0 0.0 0.0 -4.0 -4.0 -2.0 -2.0 -4.0 -2.0 -3.0 -2.0 -4.0 -2.0 -3.0 -3.0 -2.0 -2.0 -1.0 0.0 -4.0 0.0 0.0 -1.0 -3.0 -4.0 -1.0 0.0 -4.0 -3.0 -3.0 0.0 -1.0 -2.0 -1.0 -1.0 -2.0 -3.0 0.0 
-1.0 -3.0 -1.0 -4.0 -1.0 -1.0 223.0 -2.0 0.0 -4.0 -3.0 -4.0 0.0 -2.0 -4.0 -2.0 -1.0 -4.0 -3.0 -1.0 -1.0 0.0 0.0 -3.0 0.0 -1.0 -3.0 -4.0 0.0 0.0 -4.0 -3.0 -4.0 -2.0 0.0 -3.0 -1.0 -1.0 0.0 -2.0 0.0 -3.0 0.0 -1.0 0.0 -1.0 -1.0 -3.0 -2.0 0.0 -2.0 0.0 -2.0 -1.0 0.0 -3.0 -2.0 -4.0 -4.0 -3.0 -2.0 0.0 -3.0 -1.0 -3.0 -1.0 -1.0 -2.0 -3.0 -4.0 -4.0 -3.0 -3.0 -2.0 -1.0 0.0 -2.0 -3.0 -1.0 -4.0 -1.0 0.0 -4.0 0.0 -2.0 -3.0 -3.0 0.0 -3.0 -4.0 -1.0 -4.0 -2.0 -4.0 -3.0 -4.0 0.0 -4.0 -4.0 -2.0 -3.0 -3.0 -3.0 0.0 -3.0 0.0 -4.0 -1.0 0.0 -2.0 0.0 0.0 -3.0 -2.0 -3.0 
-4.0 0.0 0.0 -3.0 -3.0 0.0 -2.0 211.0 -3.0 0.0 -4.0 0.0 -3.0 -4.0 0.0 -2.0 -2.0 0.0 -1.0 -3.0 0.0 -2.0 0.0 -1.0 -2.0 -2.0 0.0 0.0 -2.0 -3.0 -3.0 -3.0 -4.0 -2.0 -1.0 -4.0 -2.0 -2.0 0.0 -3.0 -4.0 -1.0 -1.0 -1.0 0.0 -3.0 -2.0 -1.0 0.0 -4.0 -1.0 -1.0 0.0 -3.0 -3.0 -3.0 -4.0 0.0 -1.0 -3.0 0.0 -1.0 0.0 -4.0 -3.0 0.0 -4.0 -2.0 -3.0 -3.0 -4.0 -2.0 -3.0 -3.0 -2.0 -3.0 -2.0 -3.0 -1.0 -3.0 -4.0 -2.0 -3.0 -4.0 0.0 0.0 -4.0 -1.0 -3.0 0.0 0.0 0.0 -1.0 -1.0 0.0 0.0 0.0 -1.0 0.0 -3.0 0.0 -3.0 -2.0 -1.0 -2.0 -4.0 -2.0 -1.0 -3.0 -1.0 0.0 -4.0 -1.0 -4.0 -4.0 
-1.0 0.0 -2.0 -4.0 0.0 -4.0 -4.0 -2.0 216.0 -2.0 -2.0 -2.0 0.0 -4.0 0.0 0.0 -3.0 -1.0 -3.0 -3.0 -3.0 0.0 -2.0 -1.0 -1.0 -3.0 -4.0 -4.0 -4.0 -1.0 -3.0 -3.0 -2.0 -3.0 -1.0 0.0 -1.0 -2.0 -2.0 -4.0 0.0 -2.0 0.0 -2.0 0.0 -1.0 0.0 -4.0 -2.0 0.0 -2.0 -4.0 -4.0 -1.0 0.0 -1.0 -1.0 -1.0 0.0 0.0 -3.0 -3.0 -3.0 0.0 -1.0 0.0 -1.0 -3.0 -3.0 0.0 0.0 -3.0 -2.0 -3.0 -1.0 0.0 -2.0 -3.0 -2.0 0.0 -2.0 -3.0 -2.0 -3.0 -4.0 -2.0 -3.0 -3.0 0.0 -4.0 0.0 0.0 -1.0 -3.0 -1.0 -3.0 -2.0 -1.0 0.0 -4.0 -4.0 -2.0 -4.0 -4.0 -3.0 -4.0 0.0 -2.0 -1.0 -4.0 -3.0 -3.0 0.0 -1.0 -1.0 
0.0 -1.0 -4.0 -1.0 -3.0 -3.0 -4.0 -1.0 -4.0 211.0 0.0 -3.0 0.0 -1.0 -3.0 -4.0 0.0 -2.0 -2.0 -1.0 0.0 -4.0 -1.0 -2.0 -4.0 0.0 -1.0 0.0 0.0 -3.0 -3.0 -2.0 0.0 0.0 -1.0 -4.0 -2.0 -1.0 0.0 -2.0 0.0 -1.0 -2.0 -2.0 -4.0 -4.0 -2.0 -2.0 -2.0 -1.0 -1.0 -2.0 0.0 -4.0 -2.0 -2.0 -2.0 -4.0 0.0 -3.0 -2.0 -1.0 0.0 -2.0 -2.0 -4.0 0.0 -3.0 -2.0 0.0 -4.0 -4.0 -1.0 0.0 -3.0 0.0 -4.0 0.0 -2.0 -1.0 -2.0 0.0 -3.0 0.0 -4.0 -2.0 -1.0 -4.0 0.0 -4.0 -4.0 -1.0 -2.0 -2.0 -2.0 -4.0 -1.0 -4.0 -2.0 0.0 -1.0 0.0 -3.0 -1.0 -1.0 -4.0 -2.0 -4.0 0.0 -2.0 -1.0 -4.0 -1.0 -3.0 0.0 
0.0 0.0 -2.0 -4.0 0.0 -3.0 -3.0 0.0 -4.0 -3.0 220.0 -1.0 -3.0 0.0 -4.0 -2.0 -3.0 0.0 -1.0 -1.0 -3.0 0.0 0.0 -3.0 -1.0 0.0 -4.0 -2.0 0.0 -2.0 -2.0 -4.0 -3.0 -2.0 0.0 -3.0 -1.0 -4.0 -4.0 -2.0 -1.0 -4.0 -3.0 0.0 -2.0 -2.0 -2.0 -2.0 0.0 -3.0 -4.0 -1.0 -2.0 -2.0 -1.0 0.0 -1.0 -1.0 0.0 -3.0 -4.0 -2.0 -4.0 0.0 -2.0 -4.0 -4.0 -4.0 -4.0 0.0 -2.0 -3.0 -1.0 0.0 0.0 -1.0 -1.0 -3.0 -3.0 -1.0 -4.0 0.0 -1.0 -3.0 -2.0 0.0 -1.0 -2.0 -1.0 -3.0 -4.0 0.0 -4.0 0.0 0.0 -2.0 -1.0 -1.0 -2.0 -1.0 -4.0 -1.0 -3.0 -1.0 -3.0 -1.0 -4.0 -3.0 -3.0 -3.0 -4.0 -3.0 0.0 -2.0 -2.0 
0.0 0.0 -1.0 -1.0 -4.0 0.0 -4.0 -2.0 -3.0 -3.0 -4.0 216.0 0.0 -3.0 0.0 -1.0 -1.0 -1.0 -1.0 -4.0 -1.0 -3.0 0.0 -2.0 -1.0 -2.0 -4.0 -1.0 -2.0 0.0 0.0 -3.0 -2.0 -3.0 -2.0 -2.0 -4.0 -1.0 -1.0 -2.0 -3.0 -4.0 -1.0 0.0 -3.0 -2.0 -4.0 0.0 -2.0 0.0 -4.0 -3.0 0.0 0.0 -3.0 -2.0 -4.0 -2.0 -4.0 -2.0 -2.0 0.0 -4.0 0.0 -3.0 0.0 0.0 -1.0 -2.0 -3.0 -2.0 -3.0 -3.0 -3.0 -3.0 -2.0 -2.0 -2.0 -4.0 -4.0 -4.0 -4.0 -1.0 0.0 -1.0 0.0 -2.0 -1.0 -1.0 -1.0 0.0 -3.0 -1.0 -1.0 -2.0 0.0 -2.0 -1.0 -2.0 -3.0 0.0 -1.0 -4.0 -3.0 0.0 0.0 -4.0 -4.0 -3.0 -2.0 -1.0 -3.0 -1.0 -3.0 -2.0 
-4.0 -4.0 -1.0 -1.0 -4.0 0.0 -4.0 0.0 -3.0 -2.0 -2.0 -2.0 239.0 -2.0 -4.0 -1.0 0.0 -2.0 -4.0 -2.0 -1.0 -4.0 -4.0 -3.0 -1.0 -1.0 -2.0 -2.0 -4.0 -3.0 -3.0 -3.0 -1.0 -2.0 0.0 -1.0 -2.0 -3.0 -2.0 -1.0 -4.0 -1.0 0.0 -1.0 -4.0 -4.0 -2.0 -3.0 -2.0 -2.0 0.0 -4.0 -2.0 -4.0 -1.0 -2.0 -2.0 -2.0 0.0 -3.0 -1.0 -4.0 -2.0 -2.0 -4.0 0.0 -1.0 -4.0 -2.0 -4.0 -2.0 -1.0 -4.0 -3.0 -4.0 -3.0 -1.0 -1.0 -2.0 -1.0 -3.0 0.0 -1.0 -3.0 -2.0 -3.0 -2.0 -2.0 -3.0 -3.0 0.0 -2.0 -1.0 0.0 -4.0 0.0 -2.0 -3.0 0.0 -4.0 -2.0 0.0 -1.0 -2.0 -4.0 -3.0 0.0 -1.0 -4.0 0.0 -2.0 -3.0 -2.0 -1.0 -2.0 
-4.0 -4.0 -1.0 -2.0 -3.0 0.0 -4.0 -4.0 -3.0 -2.0 -4.0 -4.0 0.0 221.0 -3.0 -4.0 -4.0 0.0 -2.0 -1.0 0.0 -3.0 -4.0 -1.0 -2.0 -4.0 0.0 0.0 0.0 0.0 -3.0 -4.0 -2.0 -4.0 -3.0 0.0 -4.0 0.0 0.0 -3.0 -2.0 -3.0 0.0 -1.0 -3.0 -4.0 -2.0 -3.0 -1.0 -1.0 -1.0 -4.0 -4.0 -4.0 -3.0 -4.0 -4.0 -1.0 0.0 -3.0 0.0 -1.0 -3.0 -1.0 -2.0 -2.0 0.0 -3.0 -1.0 -1.0 -4.0 -4.0 -3.0 -2.0 -1.0 -2.0 -1.0 -1.0 0.0 0.0 -1.0 -1.0 -3.0 -4.0 -4.0 -1.0 0.0 -2.0 -4.0 -1.0 -2.0 -4.0 -3.0 -2.0 0.0 -1.0 0.0 -1.0 -3.0 -2.0 0.0 -2.0 0.0 0.0 0.0 -3.0 -3.0 0.0 -4.0 -1.0 0.0 0.0 0.0 -3.0 0.0 
0.0 -2.0 0.0 -1.0 0.0 -3.0 -3.0 0.0 -3.0 -2.0 -2.0 -2.0 -4.0 0.0 245.0 -2.0 0.0 -4.0 -2.0 -4.0 -3.0 -2.0 -4.0 -2.0 -2.0 -4.0 -2.0 -2.0 -3.0 -4.0 -1.0 0.0 -3.0 0.0 -3.0 -3.0 -4.0 -2.0 -2.0 -3.0 -1.0 -2.0 -4.0 -2.0 -3.0 -2.0 -4.0 0.0 -3.0 -4.0 0.0 -4.0 -4.0 -3.0 0.0 -4.0 -3.0 -1.0 -1.0 -1.0 -4.0 -3.0 -2.0 -1.0 -4.0 -2.0 0.0 -2.0 -1.0 -2.0 -3.0 -4.0 -4.0 -3.0 0.0 -4.0 0.0 -1.0 -4.0 -2.0 -2.0 -2.0 -3.0 -3.0 -4.0 0.0 -1.0 -4.0 -2.0 0.0 -2.0 -2.0 -4.0 0.0 -2.0 -2.0 -2.0 0.0 -3.0 -3.0 -1.0 -1.0 -1.0 0.0 -1.0 -2.0 -2.0 -4.0 -4.0 -4.0 0.0 -3.0 0.0 -2.0 -4.0 
-4.0 -2.0 0.0 -1.0 -1.0 0.0 -3.0 -1.0 -1.0 -3.0 -2.0 -3.0 -4.0 -3.0 -3.0 220.0 -2.0 -1.0 -3.0 -2.0 -2.0 0.0 -1.0 -2.0 0.0 -2.0 -2.0 -3.0 -1.0 -1.0 -2.0 -2.0 0.0 -2.0 -3.0 -4.0 -1.0 -3.0 0.0 -2.0 -4.0 -4.0 -3.0 -3.0 -2.0 -4.0 -4.0 0.0 -1.0 0.0 -2.0 -4.0 -3.0 -2.0 -3.0 -1.0 0.0 0.0 -4.0 -2.0 0.0 -3.0 -4.0 0.0 0.0 0.0 -1.0 -2.0 0.0 -1.0 -1.0 -4.0 -1.0 0.0 -1.0 -2.0 0.0 -4.0 -4.0 -2.0 -3.0 0.0 -2.0 -1.0 -1.0 -3.0 0.0 -4.0 -4.0 -1.0 0.0 -2.0 -4.0 -3.0 -2.0 -2.0 -2.0 -1.0 -4.0 -4.0 -3.0 -2.0 0.0 0.0 -1.0 -1.0 -3.0 -1.0 -2.0 0.0 -4.0 -3.0 -2.0 -4.0 -3.0 
-2.0 -4.0 -2.0 -2.0 0.0 -1.0 -1.0 -2.0 -4.0 -4.0 -2.0 -1.0 -1.0 -3.0 -3.0 0.0 246.0 -2.0 0.0 -2.0 0.0 -3.0 -2.0 -4.0 0.0 -3.0 -1.0 -3.0 -3.0 -4.0 -1.0 -2.0 0.0 -3.0 -4.0 -4.0 0.0 -1.0 -1.0 -1.0 -3.0 -1.0 -3.0 -2.0 -4.0 -1.0 -3.0 -3.0 -3.0 -2.0 -1.0 -3.0 -1.0 -3.0 -2.0 -2.0 -2.0 0.0 -4.0 -1.0 -3.0 -1.0 -2.0 0.0 -1.0 -4.0 -4.0 -4.0 -4.0 -4.0 -2.0 -4.0 -4.0 -1.0 -4.0 -3.0 0.0 -2.0 -4.0 -4.0 -1.0 0.0 -3.0 -2.0 -4.0 0.0 -1.0 -2.0 -2.0 0.0 -4.0 -3.0 -4.0 -1.0 -1.0 -4.0 -3.0 -3.0 -3.0 -3.0 0.0 -2.0 -1.0 -3.0 -4.0 -1.0 -3.0 -2.0 -2.0 -2.0 0.0 -1.0 -3.0 -2.0 -1.0 
-3.0 0.0 -1.0 -2.0 -2.0 -4.0 -1.0 0.0 -4.0 -1.0 0.0 -2.0 0.0 -4.0 0.0 -2.0 -2.0 216.0 -4.0 -3.0 -4.0 -4.0 0.0 -1.0 -2.0 -2.0 -3.0 -3.0 -4.0 -1.0 -3.0 -2.0 -1.0 -4.0 -3.0 -1.0 -4.0 -4.0 0.0 -2.0 -2.0 0.0 -2.0 0.0 -1.0 -4.0 -1.0 -4.0 -2.0 -3.0 -2.0 -4.0 0.0 -4.0 -2.0 -2.0 0.0 -4.0 -3.0 -4.0 0.0 -4.0 -1.0 -3.0 0.0 -2.0 0.0 -2.0 -1.0 -2.0 0.0 -2.0 -3.0 0.0 -2.0 0.0 -2.0 -2.0 0.0 -1.0 -2.0 -1.0 -1.0 -1.0 -3.0 -1.0 -2.0 -3.0 -2.0 -2.0 0.0 0.0 -1.0 -3.0 -4.0 0.0 -3.0 -2.0 -4.0 -3.0 -1.0 0.0 -1.0 0.0 -2.0 -2.0 -2.0 -1.0 -3.0 -3.0 -1.0 -3.0 -1.0 -2.0 -2.0 
-2.0 -1.0 -1.0 -3.0 -2.0 -1.0 -2.0 -3.0 -3.0 -3.0 -3.0 -3.0 -2.0 0.0 -4.0 -2.0 -3.0 -3.0 226.0 -1.0 -1.0 -1.0 -1.0 -2.0 -1.0 -4.0 -2.0 -4.0 -1.0 -2.0 -4.0 -4.0 -4.0 -1.0 0.0 -4.0 -2.0 -1.0 -1.0 -1.0 -4.0 0.0 -2.0 -4.0 -1.0 -3.0 -1.0 -2.0 -3.0 0.0 -1.0 -2.0 -2.0 0.0 -3.0 -2.0 0.0 0.0 -3.0 -2.0 -2.0 -4.0 -3.0 -3.0 -1.0 -3.0 -3.0 -3.0 -4.0 -1.0 0.0 -3.0 -2.0 0.0 0.0 0.0 -3.0 -3.0 -4.0 0.0 -1.0 -3.0 -3.0 -4.0 -4.0 0.0 0.0 -1.0 0.0 0.0 -4.0 -1.0 -1.0 -2.0 -1.0 -2.0 -1.0 -4.0 0.0 -4.0 -1.0 0.0 -2.0 -2.0 0.0 -2.0 -3.0 -2.0 -2.0 -4.0 -1.0 -1.0 -4.0 -3.0 -3.0 
-1.0 -1.0 -4.0 -3.0 -2.0 -2.0 -4.0 -2.0 -4.0 -3.0 -4.0 0.0 -1.0 -1.0 0.0 -3.0 -2.0 -4.0 0.0 219.0 0.0 -4.0 -3.0 -4.0 0.0 0.0 0.0 -1.0 -1.0 -2.0 -2.0 0.0 -1.0 -3.0 0.0 -4.0 -1.0 -1.0 -1.0 -2.0 -4.0 -2.0 -4.0 0.0 0.0 0.0 -2.0 -2.0 -4.0 -4.0 -3.0 -3.0 -2.0 -1.0 -1.0 -1.0 -1.0 -2.0 0.0 -1.0 -1.0 -3.0 -4.0 -3.0 -3.0 -3.0 -1.0 0.0 0.0 -3.0 -2.0 -3.0 0.0 -2.0 -3.0 -1.0 -4.0 -4.0 -4.0 -2.0 0.0 -1.0 -2.0 0.0 -4.0 -3.0 -1.0 0.0 -1.0 -4.0 0.0 -4.0 -1.0 -3.0 0.0 -1.0 -4.0 -2.0 -1.0 -2.0 0.0 -3.0 -4.0 0.0 -4.0 0.0 -4.0 -3.0 -1.0 -1.0 -4.0 0.0 -3.0 -1.0 -3.0 
-4.0 0.0 -2.0 -3.0 -3.0 0.0 -1.0 -2.0 -4.0 -3.0 0.0 -3.0 0.0 -2.0 -2.0 -1.0 0.0 -2.0 0.0 -3.0 227.0 -4.0 -1.0 -1.0 -2.0 -2.0 -4.0 -4.0 0.0 -2.0 -4.0 -1.0 0.0 0.0 -3.0 0.0 -2.0 -3.0 -3.0 -1.0 0.0 -1.0 -3.0 -3.0 0.0 -1.0 -1.0 -3.0 -3.0 -2.0 -3.0 -3.0 -4.0 -2.0 -3.0 -1.0 -4.0 -2.0 -4.0 -1.0 -3.0 -1.0 -3.0 0.0 -3.0 -4.0 -2.0 -2.0 0.0 0.0 -1.0 -3.0 -4.0 -1.0 -2.0 -4.0 -3.0 -1.0 -2.0 -2.0 -3.0 0.0 -1.0 -4.0 -3.0 -1.0 -4.0 0.0 -1.0 -3.0 -3.0 0.0 0.0 -2.0 -1.0 -4.0 -2.0 0.0 -4.0 -1.0 -3.0 -2.0 -2.0 -4.0 -1.0 -1.0 -4.0 -1.0 -1.0 -2.0 -2.0 -4.0 -2.0 -4.0 0.0 
-2.0 0.0 -4.0 -3.0 -3.0 -3.0 -2.0 0.0 -1.0 0.0 -3.0 0.0 -1.0 -3.0 -3.0 -2.0 -4.0 -2.0 -3.0 -4.0 -3.0 217.0 -2.0 -4.0 -4.0 -1.0 -4.0 -2.0 -4.0 -3.0 -3.0 -2.0 -3.0 -4.0 -2.0 0.0 -2.0 0.0 -3.0 -4.0 -1.0 0.0 -3.0 0.0 -4.0 0.0 0.0 -2.0 0.0 -4.0 -3.0 -1.0 0.0 0.0 0.0 -3.0 -3.0 -3.0 -3.0 0.0 -1.0 -2.0 -3.0 -4.0 0.0 -4.0 0.0 -3.0 -3.0 -1.0 -2.0 -1.0 -3.0 -4.0 -3.0 -3.0 -3.0 -2.0 -2.0 0.0 0.0 0.0 -2.0 -1.0 -1.0 -3.0 -2.0 0.0 0.0 -4.0 -2.0 -1.0 -2.0 -2.0 -4.0 -2.0 0.0 0.0 -1.0 -2.0 -1.0 -1.0 -3.0 -3.0 -2.0 -1.0 0.0 -4.0 0.0 0.0 0.0 -3.0 0.0 -3.0 0.0 
-3.0 -1.0 -1.0 -2.0 -1.0 0.0 -2.0 -1.0 0.0 -2.0 -4.0 -3.0 0.0 0.0 -3.0 -2.0 -1.0 -3.0 -2.0 -2.0 -1.0 -2.0 241.0 -3.0 -4.0 0.0 -4.0 0.0 -1.0 -1.0 -4.0 0.0 -1.0 -2.0 -1.0 -4.0 -2.0 -2.0 -1.0 -4.0 -3.0 -4.0 -1.0 -2.0 -2.0 0.0 -4.0 -1.0 -4.0 -2.0 -2.0 -4.0 -4.0 -4.0 0.0 -3.0 -1.0 -4.0 -4.0 -1.0 -4.0 -2.0 -4.0 -4.0 0.0 0.0 -1.0 -3.0 -2.0 0.0 -4.0 0.0 -2.0 -3.0 -1.0 0.0 -2.0 -1.0 -3.0 -4.0 -2.0 0.0 -3.0 -3.0 -4.0 -1.0 -3.0 -1.0 -3.0 -1.0 -3.0 -3.0 -3.0 -3.0 -3.0 -3.0 -3.0 -2.0 0.0 -3.0 -3.0 -2.0 -3.0 -2.0 0.0 -4.0 -2.0 -3.0 -4.0 -3.0 -3.0 -1.0 -3.0 -1.0 0.0 
-1.0 -4.0 -3.0 -2.0 -3.0 -3.0 0.0 0.0 -1.0 -4.0 -4.0 -2.0 -1.0 -4.0 0.0 -1.0 -2.0 -2.0 -1.0 -3.0 -3.0 -1.0 -2.0 217.0 -4.0 -3.0 -3.0 0.0 0.0 0.0 -1.0 -3.0 -1.0 -1.0 0.0 0.0 -4.0 -3.0 -2.0 -4.0 -4.0 -1.0 -1.0 0.0 0.0 -4.0 -2.0 -1.0 -4.0 -3.0 -1.0 -1.0 -3.0 -1.0 0.0 -3.0 -2.0 -2.0 -1.0 -3.0 -2.0 0.0 -3.0 -2.0 0.0 0.0 -2.0 -3.0 0.0 -3.0 -4.0 0.0 -1.0 -1.0 -3.0 -2.0 0.0 -3.0 -1.0 -4.0 -3.0 -1.0 -3.0 -4.0 -4.0 -4.0 -4.0 -4.0 0.0 -1.0 -1.0 0.0 -3.0 -2.0 -1.0 -2.0 0.0 -1.0 -3.0 -1.0 -4.0 -1.0 -1.0 -4.0 -1.0 -1.0 -1.0 -2.0 -1.0 0.0 -2.0 0.0 -3.0 -4.0 -3.0 
-2.0 -1.0 -1.0 -1.0 -1.0 0.0 -2.0 0.0 -1.0 0.0 -4.0 -3.0 -1.0 -3.0 0.0 0.0 -3.0 -2.0 -1.0 0.0 0.0 -2.0 -4.0 -2.0 211.0 -3.0 -1.0 0.0 -2.0 0.0 -3.0 -2.0 -1.0 -1.0 -4.0 -3.0 -1.0 -1.0 -4.0 0.0 -2.0 -1.0 -4.0 -3.0 -1.0 -2.0 -1.0 -3.0 0.0 -2.0 0.0 -4.0 -3.0 -3.0 -1.0 -1.0 -4.0 -2.0 -3.0 -3.0 0.0 -1.0 0.0 -1.0 0.0 0.0 -3.0 -1.0 0.0 -3.0 -3.0 0.0 -3.0 -4.0 -2.0 -4.0 -3.0 -2.0 -4.0 0.0 -3.0 -2.0 -2.0 -4.0 -3.0 -1.0 0.0 -1.0 -4.0 -3.0 -2.0 0.0 -1.0 -3.0 -4.0 -4.0 -2.0 -1.0 0.0 0.0 -1.0 -3.0 -2.0 -2.0 0.0 -1.0 -2.0 -4.0 -3.0 -4.0 -1.0 -4.0 -3.0 -2.0 -2.0 
-4.0 0.0 -3.0 -4.0 -3.0 0.0 -3.0 0.0 -2.0 -3.0 -1.0 -3.0 0.0 -1.0 -4.0 -2.0 -4.0 0.0 -2.0 -4.0 -4.0 0.0 -2.0 -2.0 -2.0 233.0 -1.0 -4.0 -3.0 -3.0 -3.0 -4.0 -3.0 0.0 -2.0 -4.0 -3.0 -3.0 -4.0 0.0 -1.0 -3.0 0.0 -3.0 -2.0 -4.0 -2.0 -3.0 -1.0 0.0 -2.0 -4.0 -2.0 -3.0 -1.0 -2.0 -1.0 0.0 -1.0 -3.0 0.0 -4.0 -3.0 -3.0 0.0 0.0 -4.0 -4.0 0.0 0.0 -2.0 -3.0 -1.0 -3.0 0.0 0.0 -4.0 0.0 -3.0 -1.0 -1.0 -4.0 -2.0 -2.0 -2.0 -4.0 0.0 -2.0 -4.0 -4.0 -2.0 -3.0 0.0 -1.0 -2.0 -2.0 -3.0 -1.0 0.0 -3.0 -2.0 0.0 -1.0 -3.0 -1.0 0.0 -2.0 -3.0 -4.0 0.0 -2.0 -3.0 0.0 -4.0 -3.0 
0.0 -4.0 -3.0 -3.0 -1.0 -4.0 -1.0 -3.0 -2.0 -1.0 -2.0 -1.0 -3.0 -2.0 -3.0 -1.0 -3.0 0.0 0.0 -2.0 -4.0 0.0 -2.0 -1.0 -2.0 -2.0 220.0 -1.0 0.0 -2.0 -2.0 -2.0 -4.0 -4.0 -3.0 -4.0 -4.0 -1.0 -1.0 0.0 -3.0 -1.0 -4.0 -1.0 -2.0 -1.0 -1.0 -4.0 0.0 -1.0 -2.0 0.0 0.0 0.0 -3.0 -4.0 -4.0 -1.0 0.0 0.0 -4.0 -4.0 0.0 0.0 -2.0 -2.0 -4.0 0.0 -2.0 0.0 -2.0 -3.0 -1.0 -4.0 -3.0 -1.0 -3.0 -1.0 -3.0 -2.0 0.0 -4.0 -4.0 -3.0 -2.0 -3.0 -3.0 -4.0 0.0 -1.0 -1.0 -4.0 -1.0 -1.0 0.0 -2.0 -2.0 -2.0 0.0 0.0 -4.0 -2.0 -1.0 -4.0 -2.0 -1.0 0.0 -1.0 -3.0 -3.0 -4.0 -4.0 -1.0 -2.0 0.0 
0.0 -2.0 0.0 0.0 -2.0 -4.0 -4.0 -1.0 0.0 -1.0 -4.0 0.0 -4.0 0.0 -4.0 -1.0 -2.0 -4.0 -2.0 -3.0 -1.0 -3.0 -1.0 0.0 -1.0 0.0 -2.0 236.0 -4.0 -4.0 -2.0 -2.0 -4.0 -1.0 -2.0 -3.0 -1.0 -4.0 -4.0 -4.0 -4.0 -4.0 -2.0 -3.0 0.0 -4.0 -3.0 0.0 -4.0 0.0 -2.0 -4.0 -4.0 -4.0 -4.0 -3.0 -3.0 -3.0 -3.0 -2.0 -1.0 0.0 -4.0 -1.0 0.0 -4.0 -2.0 -1.0 -3.0 -4.0 -3.0 -1.0 -3.0 -4.0 -4.0 -4.0 -4.0 -2.0 -2.0 0.0 -1.0 -3.0 -2.0 -1.0 0.0 0.0 0.0 -4.0 0.0 0.0 -4.0 -4.0 -2.0 0.0 0.0 -1.0 0.0 -4.0 0.0 -2.0 -2.0 -1.0 -2.0 -1.0 -3.0 0.0 -2.0 -2.0 -1.0 -1.0 -2.0 -3.0 0.0 -3.0 -1.0 
-4.0 -1.0 -1.0 -4.0 0.0 0.0 0.0 -4.0 0.0 0.0 -3.0 -2.0 -4.0 -1.0 -3.0 -4.0 -1.0 -1.0 0.0 -4.0 -3.0 0.0 -3.0 -2.0 -2.0 -2.0 -2.0 -3.0 222.0 -2.0 -3.0 -2.0 0.0 -1.0 -2.0 -1.0 0.0 -3.0 -4.0 0.0 -1.0 -4.0 0.0 -2.0 -1.0 -2.0 -1.0 0.0 -3.0 -1.0 -3.0 -4.0 -4.0 -4.0 -1.0 -2.0 -2.0 -1.0 -2.0 -3.0 -4.0 -1.0 0.0 -4.0 -1.0 -4.0 -3.0 0.0 -4.0 -4.0 0.0 0.0 -2.0 -1.0 -1.0 -3.0 -1.0 0.0 -3.0 -3.0 -2.0 -2.0 -2.0 -2.0 -1.0 -4.0 -2.0 0.0 -3.0 -4.0 -2.0 -3.0 0.0 -4.0 0.0 -2.0 -2.0 -2.0 0.0 -1.0 -4.0 -3.0 -1.0 -1.0 -3.0 -3.0 0.0 -4.0 0.0 -3.0 -2.0 -4.0 -1.0 -2.0 -1.0 
-2.0 -1.0 -4.0 -4.0 -4.0 -2.0 -4.0 0.0 0.0 -3.0 -2.0 -3.0 -1.0 -3.0 -1.0 -2.0 -4.0 0.0 -3.0 -4.0 -1.0 -4.0 -1.0 -2.0 -1.0 -4.0 -4.0 -2.0 -3.0 235.0 0.0 -3.0 -4.0 -1.0 -1.0 -3.0 0.0 -2.0 0.0 -2.0 -2.0 -1.0 -1.0 -4.0 -2.0 -3.0 -3.0 -1.0 -3.0 -3.0 -2.0 -4.0 -4.0 -1.0 -1.0 -4.0 0.0 -3.0 -3.0 0.0 -1.0 -4.0 -2.0 -2.0 0.0 0.0 0.0 -1.0 -4.0 -1.0 -1.0 -4.0 -1.0 -2.0 -4.0 -2.0 -1.0 -2.0 -4.0 -4.0 -1.0 -4.0 -1.0 0.0 -3.0 0.0 -4.0 0.0 0.0 -2.0 -4.0 -4.0 -4.0 -1.0 0.0 -2.0 -1.0 -2.0 -1.0 -3.0 -2.0 0.0 -1.0 -1.0 -2.0 -3.0 -1.0 -1.0 -3.0 -1.0 -4.0 0.0 -3.0 -2.0 -4.0 
-1.0 -2.0 -3.0 0.0 0.0 -2.0 -1.0 -3.0 -4.0 0.0 -1.0 -4.0 -2.0 -2.0 0.0 0.0 -4.0 -2.0 -2.0 -2.0 -3.0 0.0 -4.0 -4.0 -2.0 -2.0 -3.0 -1.0 -2.0 -2.0 233.0 -3.0 0.0 0.0 -4.0 0.0 -1.0 -3.0 -2.0 -3.0 -3.0 -1.0 -3.0 -2.0 -1.0 -2.0 0.0 0.0 -3.0 -1.0 0.0 0.0 0.0 -4.0 -3.0 0.0 0.0 -4.0 -4.0 -2.0 -4.0 -4.0 -3.0 0.0 -2.0 -2.0 -3.0 0.0 -3.0 -2.0 -2.0 -4.0 -2.0 -2.0 -4.0 0.0 -1.0 0.0 -3.0 0.0 -3.0 -4.0 -1.0 -2.0 0.0 -1.0 -4.0 -3.0 -4.0 -2.0 -2.0 -4.0 -1.0 -4.0 -2.0 -1.0 -3.0 -1.0 -1.0 -4.0 -3.0 -2.0 -1.0 -4.0 -3.0 -4.0 -4.0 -2.0 -3.0 0.0 -3.0 -3.0 -4.0 -2.0 0.0 
-1.0 -1.0 -1.0 0.0 -2.0 0.0 0.0 -3.0 -2.0 -4.0 -2.0 -1.0 0.0 -2.0 -4.0 0.0 -4.0 0.0 -2.0 -1.0 -4.0 0.0 -4.0 0.0 -3.0 -1.0 -1.0 -4.0 -2.0 -4.0 -2.0 229.0 -3.0 -4.0 -2.0 0.0 -3.0 -2.0 -3.0 -4.0 -2.0 -4.0 -2.0 -2.0 -3.0 -2.0 -3.0 0.0 -1.0 -4.0 -3.0 0.0 -4.0 0.0 -1.0 0.0 -3.0 -4.0 -2.0 -3.0 0.0 -3.0 -4.0 -4.0 0.0 -3.0 -1.0 0.0 -4.0 -3.0 -1.0 0.0 -2.0 -3.0 -2.0 -3.0 -3.0 0.0 -4.0 0.0 -2.0 -2.0 -1.0 -4.0 -3.0 -2.0 -1.0 -1.0 0.0 -3.0 0.0 -4.0 0.0 -4.0 -4.0 -3.0 -2.0 -1.0 -4.0 -2.0 0.0 -3.0 -4.0 -3.0 0.0 -2.0 0.0 -2.0 -4.0 -1.0 -2.0 -1.0 -3.0 0.0 -2.0 
-4.0 -3.0 -4.0 -2.0 -2.0 -2.0 0.0 -4.0 -2.0 -3.0 -3.0 -1.0 -4.0 -2.0 -2.0 0.0 -4.0 -4.0 0.0 -3.0 0.0 -1.0 -1.0 -2.0 0.0 0.0 -2.0 -4.0 -2.0 -3.0 -3.0 -2.0 215.0 -3.0 -3.0 -3.0 0.0 0.0 -4.0 -3.0 0.0 -2.0 -4.0 -3.0 -2.0 -4.0 -4.0 -3.0 -1.0 -4.0 -1.0 -2.0 -2.0 -2.0 0.0 -4.0 -4.0 0.0 -1.0 0.0 -4.0 -2.0 0.0 -3.0 -3.0 -3.0 0.0 -1.0 -1.0 -3.0 0.0 -3.0 0.0 -4.0 -2.0 -1.0 -1.0 0.0 -3.0 -3.0 -4.0 -2.0 0.0 -1.0 -4.0 0.0 -1.0 -4.0 -2.0 0.0 -3.0 0.0 -3.0 0.0 -1.0 0.0 0.0 -3.0 0.0 -1.0 -1.0 -3.0 0.0 -2.0 -3.0 0.0 -2.0 -2.0 0.0 -2.0 -2.0 -3.0 0.0 0.0 -1.0 
-4.0 0.0 -2.0 -2.0 -3.0 -3.0 -1.0 -3.0 -4.0 -1.0 -2.0 0.0 0.0 -2.0 0.0 0.0 -1.0 0.0 -4.0 0.0 -4.0 -4.0 -1.0 -4.0 -3.0 -2.0 -1.0 0.0 -4.0 -4.0 -2.0 -3.0 -2.0 238.0 -4.0 0.0 -2.0 -1.0 -3.0 -2.0 -2.0 -1.0 -1.0 -2.0 -4.0 -1.0 -4.0 -2.0 0.0 -2.0 -3.0 -2.0 -4.0 0.0 -4.0 -2.0 0.0 -3.0 -1.0 -4.0 -3.0 -4.0 -1.0 -4.0 -1.0 -2.0 -3.0 -4.0 -3.0 -2.0 -1.0 -1.0 0.0 -3.0 -4.0 0.0 -4.0 0.0 0.0 -4.0 -1.0 -2.0 -4.0 -1.0 -2.0 -2.0 -3.0 -3.0 -4.0 -2.0 -3.0 -1.0 -4.0 -3.0 -2.0 -1.0 -3.0 -4.0 -1.0 -2.0 0.0 0.0 -2.0 -1.0 -1.0 -3.0 -2.0 -1.0 -3.0 -2.0 -3.0 -4.0 -1.0 -3.0 0.0 
0.0 -4.0 -1.0 -4.0 -1.0 -3.0 0.0 -1.0 -1.0 -3.0 -4.0 -4.0 -1.0 -1.0 0.0 0.0 -4.0 -1.0 0.0 -2.0 0.0 -2.0 -2.0 -4.0 -4.0 -4.0 -1.0 -1.0 -1.0 -3.0 -3.0 -4.0 -2.0 -4.0 228.0 -4.0 0.0 0.0 -4.0 -4.0 0.0 -2.0 -3.0 -2.0 0.0 -1.0 -4.0 -2.0 -1.0 -3.0 -1.0 -4.0 0.0 -1.0 -4.0 -2.0 -2.0 -1.0 0.0 -1.0 -4.0 -3.0 -2.0 0.0 -3.0 -3.0 -3.0 -4.0 0.0 -3.0 -2.0 -2.0 -3.0 0.0 0.0 0.0 -1.0 0.0 -2.0 -4.0 -2.0 -1.0 -3.0 -1.0 -4.0 -4.0 -2.0 -2.0 -2.0 -4.0 -4.0 0.0 -1.0 -1.0 0.0 -1.0 -1.0 -3.0 -1.0 0.0 -4.0 -3.0 -2.0 -2.0 -3.0 -3.0 -2.0 -3.0 -3.0 -4.0 -3.0 -4.0 0.0 0.0 0.0 
-2.0 0.0 -3.0 -2.0 -4.0 -4.0 -2.0 -3.0 -2.0 0.0 -2.0 0.0 0.0 -1.0 -3.0 -2.0 -3.0 0.0 -3.0 0.0 0.0 -2.0 0.0 -4.0 0.0 -2.0 -2.0 -3.0 -2.0 0.0 -3.0 -1.0 0.0 0.0 -3.0 194.0 -1.0 -3.0 -2.0 -1.0 -2.0 -3.0 -2.0 -1.0 -2.0 -4.0 -4.0 0.0 -1.0 -3.0 -1.0 0.0 0.0 -4.0 -1.0 -1.0 -4.0 -1.0 -4.0 -1.0 -3.0 -1.0 -2.0 0.0 0.0 -1.0 0.0 -1.0 -1.0 0.0 0.0 -1.0 -2.0 0.0 0.0 -1.0 -1.0 -3.0 -2.0 0.0 -2.0 0.0 -2.0 -1.0 0.0 -3.0 -2.0 -2.0 -4.0 -2.0 -3.0 0.0 -1.0 -4.0 -2.0 0.0 -4.0 -4.0 0.0 -2.0 -1.0 -2.0 -3.0 -3.0 -1.0 0.0 -3.0 -2.0 -1.0 -4.0 -4.0 -4.0 -1.0 -1.0 -3.0 
-1.0 -1.0 -3.0 -2.0 -3.0 -1.0 -3.0 -4.0 -4.0 -4.0 -3.0 -4.0 -2.0 -2.0 -2.0 -2.0 -1.0 -4.0 -3.0 -3.0 -2.0 -1.0 0.0 -2.0 -4.0 0.0 -4.0 0.0 0.0 -2.0 -3.0 -1.0 0.0 -4.0 -4.0 -3.0 231.0 -3.0 -3.0 -2.0 0.0 -2.0 0.0 -3.0 0.0 -4.0 0.0 -2.0 -2.0 0.0 -3.0 -3.0 0.0 -3.0 -4.0 0.0 -4.0 0.0 -1.0 0.0 0.0 0.0 -3.0 -3.0 -2.0 -2.0 0.0 0.0 0.0 -3.0 -3.0 -4.0 -1.0 -4.0 0.0 -4.0 -2.0 -4.0 0.0 -4.0 -2.0 -4.0 -1.0 -2.0 -1.0 0.0 -4.0 -3.0 -4.0 -2.0 -4.0 -3.0 -2.0 -3.0 0.0 -3.0 0.0 0.0 -4.0 -2.0 -4.0 -1.0 -4.0 -1.0 -2.0 0.0 0.0 -4.0 -1.0 -4.0 -1.0 0.0 0.0 -2.0 -3.0 
-1.0 0.0 0.0 -3.0 -4.0 -1.0 -3.0 -2.0 -1.0 -2.0 -2.0 -3.0 -4.0 -2.0 -2.0 -3.0 -4.0 0.0 -3.0 -1.0 -2.0 -4.0 -4.0 -2.0 -4.0 -4.0 -4.0 -2.0 0.0 -3.0 -3.0 -2.0 -1.0 -2.0 -1.0 -3.0 -4.0 246.0 -4.0 0.0 -4.0 0.0 -1.0 0.0 0.0 -1.0 -3.0 -2.0 -4.0 -1.0 -2.0 -2.0 -1.0 -1.0 0.0 -3.0 -1.0 -4.0 -2.0 -2.0 -3.0 -3.0 -3.0 -2.0 -3.0 -2.0 -1.0 -3.0 -4.0 -2.0 -3.0 -4.0 -1.0 0.0 -1.0 -3.0 -4.0 -3.0 -4.0 -3.0 -4.0 -3.0 -2.0 -4.0 -1.0 -2.0 -2.0 0.0 -3.0 -2.0 -3.0 0.0 -2.0 -2.0 -4.0 0.0 -1.0 -1.0 -2.0 -1.0 -1.0 -4.0 -1.0 -2.0 -4.0 -3.0 0.0 0.0 -1.0 -2.0 -1.0 -4.0 -3.0 -2.0 -3.0 
-4.0 -2.0 -3.0 -4.0 -1.0 -4.0 -4.0 -4.0 -2.0 -1.0 -1.0 0.0 0.0 -4.0 -1.0 -3.0 -1.0 -3.0 0.0 -4.0 -4.0 0.0 -3.0 -1.0 -2.0 -4.0 0.0 -2.0 -1.0 -3.0 -3.0 -4.0 -3.0 0.0 -1.0 -3.0 -4.0 -4.0 248.0 -1.0 -4.0 -1.0 -4.0 -1.0 -4.0 -1.0 -4.0 -2.0 -3.0 0.0 -4.0 -2.0 -4.0 -4.0 -4.0 -4.0 -2.0 -1.0 -2.0 -2.0 -4.0 -3.0 -1.0 0.0 -2.0 -2.0 0.0 -3.0 -2.0 -2.0 0.0 -2.0 -1.0 -3.0 -4.0 -3.0 -2.0 0.0 -2.0 -3.0 -2.0 -4.0 -3.0 -1.0 -4.0 -3.0 -1.0 -3.0 -3.0 -2.0 -2.0 -3.0 -3.0 -2.0 -2.0 0.0 -1.0 -1.0 0.0 -1.0 -1.0 -1.0 -2.0 -2.0 -1.0 -1.0 0.0 0.0 -2.0 -4.0 -2.0 -4.0 -3.0 -2.0 -1.0 
0.0 -4.0 -3.0 -1.0 -3.0 0.0 -2.0 -4.0 -2.0 -2.0 -3.0 0.0 -3.0 -3.0 -4.0 -2.0 -3.0 0.0 -2.0 0.0 -3.0 -4.0 -1.0 -1.0 -3.0 -1.0 0.0 -3.0 0.0 0.0 -4.0 -2.0 -1.0 -3.0 -2.0 -4.0 -3.0 -4.0 -2.0 274.0 -1.0 -3.0 0.0 -1.0 -2.0 -3.0 -1.0 -4.0 -3.0 -3.0 -3.0 -3.0 -1.0 -2.0 -3.0 0.0 -2.0 -4.0 -3.0 -2.0 -4.0 -2.0 -2.0 -4.0 -4.0 -1.0 -1.0 -2.0 -2.0 -4.0 -4.0 -3.0 -1.0 -4.0 -4.0 -1.0 -1.0 -4.0 -3.0 -4.0 -3.0 -4.0 -4.0 -4.0 -1.0 -4.0 -4.0 -3.0 0.0 -3.0 -4.0 -3.0 -4.0 -4.0 -3.0 -1.0 -4.0 -2.0 -3.0 -1.0 -1.0 -2.0 -3.0 -2.0 -1.0 -4.0 -3.0 -2.0 0.0 -1.0 -4.0 -4.0 -1.0 -2.0 -4.0 
-2.0 -1.0 -2.0 0.0 -4.0 -4.0 0.0 -1.0 -3.0 -1.0 -3.0 0.0 -4.0 -4.0 -4.0 -3.0 -2.0 -2.0 -4.0 -1.0 0.0 0.0 -1.0 0.0 -4.0 0.0 -3.0 0.0 -1.0 -1.0 0.0 0.0 0.0 -2.0 -2.0 -3.0 -2.0 -4.0 -3.0 -2.0 249.0 -3.0 -2.0 -1.0 -1.0 -4.0 -3.0 -1.0 -3.0 0.0 -1.0 -2.0 -3.0 -4.0 0.0 -2.0 -2.0 -4.0 -4.0 -4.0 -4.0 -3.0 -4.0 -1.0 -2.0 -4.0 -2.0 -3.0 -4.0 -3.0 -2.0 -2.0 -4.0 -3.0 -2.0 -1.0 0.0 -4.0 -3.0 -2.0 0.0 -4.0 -4.0 -2.0 -1.0 -3.0 -3.0 -3.0 -3.0 -2.0 -1.0 -1.0 -2.0 -4.0 0.0 -3.0 -2.0 -4.0 -3.0 -3.0 -4.0 0.0 -2.0 0.0 -3.0 -3.0 0.0 -3.0 -3.0 -2.0 -4.0 -3.0 -1.0 -2.0 -1.0 
-4.0 0.0 -3.0 -1.0 -2.0 -1.0 0.0 -2.0 -1.0 0.0 -2.0 -4.0 -2.0 -2.0 -3.0 -3.0 -4.0 -3.0 -1.0 -2.0 -1.0 -4.0 -4.0 -1.0 0.0 0.0 -4.0 -3.0 -1.0 -1.0 -2.0 -3.0 -3.0 -4.0 -1.0 -1.0 -4.0 -4.0 -3.0 -2.0 -3.0 237.0 -1.0 -3.0 -4.0 -2.0 0.0 -3.0 -3.0 -3.0 -4.0 0.0 -3.0 -3.0 -3.0 0.0 0.0 -1.0 -4.0 0.0 0.0 -3.0 -1.0 -4.0 0.0 -1.0 -4.0 0.0 -1.0 -3.0 -1.0 0.0 -2.0 -3.0 -2.0 -4.0 -3.0 -1.0 -4.0 -3.0 -4.0 -3.0 -4.0 -2.0 -1.0 -1.0 -4.0 -4.0 -2.0 0.0 -3.0 -1.0 -1.0 -2.0 -1.0 -2.0 -2.0 -3.0 0.0 -2.0 0.0 -1.0 -1.0 -3.0 0.0 -1.0 -4.0 -4.0 -2.0 -3.0 -2.0 -3.0 0.0 -1.0 -4.0 
-1.0 -1.0 -1.0 -1.0 -1.0 -3.0 -2.0 -1.0 -4.0 -1.0 -3.0 -2.0 -4.0 -1.0 -4.0 -1.0 -2.0 -1.0 -2.0 -3.0 -3.0 -2.0 0.0 -2.0 -3.0 -1.0 -3.0 -4.0 -1.0 0.0 0.0 -2.0 0.0 -3.0 -2.0 -3.0 0.0 -2.0 -3.0 0.0 -3.0 -1.0 219.0 -3.0 -4.0 -2.0 -2.0 -3.0 -1.0 -1.0 -4.0 -2.0 -2.0 -3.0 -4.0 -4.0 -1.0 -3.0 -1.0 -2.0 -2.0 0.0 -3.0 -4.0 -3.0 0.0 0.0 -3.0 -3.0 -4.0 -1.0 0.0 -2.0 -1.0 0.0 -3.0 -4.0 0.0 -2.0 -4.0 -2.0 -1.0 0.0 -2.0 -4.0 -1.0 -1.0 -2.0 0.0 -4.0 -3.0 0.0 -4.0 -1.0 -2.0 0.0 -1.0 -3.0 -1.0 -4.0 0.0 -1.0 -3.0 0.0 -2.0 -4.0 -1.0 -2.0 -3.0 -2.0 0.0 -3.0 -3.0 -1.0 0.0 
-2.0 0.0 0.0 0.0 -2.0 -3.0 -4.0 -4.0 -1.0 -2.0 0.0 -2.0 -2.0 -1.0 -3.0 -1.0 -2.0 -2.0 0.0 -4.0 -4.0 -4.0 0.0 -3.0 0.0 -4.0 -3.0 -4.0 -4.0 -2.0 0.0 -3.0 0.0 -4.0 0.0 -4.0 -3.0 -3.0 -1.0 -3.0 -3.0 -4.0 -2.0 232.0 -3.0 -1.0 -2.0 -3.0 0.0 -3.0 -1.0 -3.0 -1.0 0.0 -3.0 -1.0 -2.0 -4.0 -4.0 -1.0 0.0 -4.0 -2.0 -1.0 -4.0 -3.0 -4.0 -3.0 0.0 -4.0 -2.0 -3.0 0.0 -1.0 -2.0 -1.0 0.0 -4.0 -4.0 -2.0 -1.0 -2.0 0.0 -1.0 -4.0 -2.0 -1.0 -2.0 -1.0 -1.0 -1.0 -2.0 -2.0 -2.0 0.0 -4.0 -4.0 -3.0 -2.0 -4.0 -3.0 0.0 -2.0 -2.0 0.0 -4.0 -1.0 -3.0 -3.0 0.0 0.0 -3.0 -1.0 -1.0 -1.0 
0.0 -1.0 -3.0 -2.0 -3.0 -3.0 -2.0 -1.0 -3.0 -3.0 0.0 -4.0 -4.0 -1.0 -1.0 -3.0 -2.0 0.0 0.0 -4.0 -2.0 -1.0 -2.0 -3.0 -3.0 -4.0 -3.0 -2.0 -1.0 -2.0 -3.0 -3.0 -4.0 0.0 0.0 -4.0 -4.0 -4.0 -2.0 -1.0 -3.0 -2.0 -4.0 -1.0 217.0 -4.0 -3.0 -3.0 -2.0 -3.0 0.0 -2.0 -1.0 0.0 -2.0 0.0 -2.0 0.0 -1.0 -1.0 -2.0 -3.0 -1.0 -4.0 -1.0 -2.0 -3.0 -4.0 -2.0 0.0 0.0 -3.0 -1.0 -3.0 -1.0 -3.0 -1.0 -1.0 0.0 0.0 0.0 -3.0 -3.0 -4.0 -1.0 -2.0 -3.0 -1.0 -1.0 -2.0 -2.0 -4.0 0.0 0.0 -1.0 -2.0 0.0 -2.0 -1.0 -1.0 -3.0 -3.0 -4.0 -3.0 0.0 -1.0 -4.0 0.0 -1.0 0.0 0.0 -3.0 -4.0 -1.0 0.0 
-1.0 -4.0 -4.0 -1.0 -3.0 -1.0 -3.0 0.0 -1.0 -2.0 -4.0 -3.0 -2.0 -3.0 -2.0 -2.0 -2.0 -3.0 -2.0 -2.0 0.0 -3.0 -3.0 -2.0 -3.0 -1.0 0.0 -2.0 0.0 0.0 0.0 -1.0 -2.0 -2.0 0.0 -1.0 -4.0 -2.0 -2.0 0.0 -2.0 -2.0 -4.0 0.0 0.0 223.0 0.0 -2.0 -1.0 -3.0 -3.0 -2.0 -2.0 -3.0 -3.0 -2.0 -3.0 -1.0 -3.0 0.0 -1.0 -3.0 -4.0 -3.0 -1.0 -1.0 -3.0 -1.0 -2.0 -3.0 -2.0 -2.0 -4.0 -2.0 -4.0 -2.0 0.0 -2.0 -1.0 -4.0 -3.0 -3.0 0.0 0.0 0.0 -1.0 -2.0 0.0 -3.0 -1.0 -3.0 -4.0 -2.0 -3.0 0.0 -3.0 -1.0 -3.0 -4.0 -2.0 0.0 -2.0 -1.0 -2.0 -1.0 -4.0 -1.0 -3.0 -4.0 -1.0 -2.0 -4.0 -4.0 0.0 -2.0 
-1.0 0.0 -2.0 -1.0 -4.0 0.0 -4.0 -1.0 -2.0 0.0 -2.0 -4.0 -3.0 0.0 -3.0 0.0 -4.0 -2.0 -4.0 0.0 -1.0 -1.0 -1.0 -4.0 -4.0 -1.0 -4.0 -4.0 -3.0 -3.0 -2.0 -1.0 0.0 0.0 -3.0 -2.0 0.0 0.0 0.0 0.0 -3.0 -3.0 -2.0 -1.0 0.0 -2.0 225.0 -4.0 -4.0 0.0 -1.0 0.0 -1.0 0.0 -4.0 -1.0 -4.0 0.0 -3.0 -2.0 -1.0 -2.0 -2.0 -4.0 0.0 -3.0 0.0 -1.0 0.0 -4.0 -1.0 -4.0 -2.0 -4.0 -2.0 -4.0 -4.0 -2.0 -2.0 -3.0 -3.0 -3.0 -1.0 -1.0 0.0 -3.0 0.0 -4.0 -3.0 -4.0 -1.0 -4.0 -3.0 0.0 -2.0 -4.0 -3.0 -3.0 -3.0 -1.0 -3.0 -2.0 -1.0 -3.0 -1.0 -4.0 -1.0 -1.0 0.0 -4.0 -3.0 -2.0 0.0 -2.0 -1.0 
-4.0 -2.0 -4.0 -3.0 -2.0 -1.0 -1.0 -3.0 -3.0 0.0 -2.0 -2.0 -3.0 -4.0 -2.0 -4.0 -1.0 -4.0 -1.0 -1.0 -3.0 -3.0 -1.0 -3.0 -2.0 -2.0 -2.0 -2.0 -1.0 -1.0 -2.0 -1.0 -2.0 -3.0 -3.0 -3.0 -3.0 -2.0 -4.0 -3.0 -2.0 -3.0 -1.0 -4.0 -2.0 -2.0 0.0 236.0 -2.0 -2.0 0.0 -3.0 0.0 -3.0 0.0 -2.0 -2.0 0.0 -4.0 0.0 0.0 -4.0 -3.0 -4.0 -2.0 -3.0 -3.0 -2.0 -3.0 -1.0 -2.0 -2.0 0.0 -4.0 -1.0 -1.0 -3.0 -3.0 -3.0 0.0 -3.0 -4.0 -3.0 0.0 -1.0 -1.0 -2.0 -4.0 -1.0 -1.0 -3.0 -4.0 -1.0 -4.0 -3.0 -4.0 0.0 0.0 -3.0 -4.0 -4.0 -3.0 0.0 -1.0 0.0 -4.0 -1.0 0.0 0.0 -2.0 0.0 0.0 -4.0 0.0 -2.0 
0.0 0.0 -2.0 -1.0 -2.0 -1.0 -1.0 -3.0 0.0 -2.0 -3.0 -1.0 0.0 0.0 0.0 -1.0 -3.0 -1.0 -3.0 -3.0 -2.0 -2.0 -2.0 -2.0 -2.0 0.0 -2.0 -3.0 -1.0 -1.0 -1.0 0.0 -3.0 -3.0 -4.0 -3.0 -1.0 -2.0 -4.0 -3.0 -4.0 -3.0 -1.0 -4.0 -2.0 -4.0 -1.0 -4.0 224.0 0.0 -3.0 -3.0 -3.0 -2.0 0.0 -2.0 -2.0 -1.0 -3.0 -4.0 -4.0 -1.0 -1.0 0.0 0.0 -3.0 -1.0 -1.0 0.0 0.0 0.0 -2.0 0.0 -2.0 -2.0 -1.0 -2.0 -1.0 -3.0 -4.0 -4.0 -4.0 -2.0 -1.0 -3.0 -4.0 -4.0 -4.0 -1.0 0.0 -2.0 -3.0 -4.0 -2.0 -4.0 -4.0 0.0 -2.0 -4.0 -2.0 -1.0 -1.0 -3.0 -4.0 0.0 0.0 -3.0 -3.0 -1.0 -1.0 -4.0 -4.0 -1.0 0.0 -2.0 
-2.0 -2.0 -1.0 0.0 0.0 -2.0 -2.0 -3.0 -1.0 -3.0 0.0 0.0 -3.0 -4.0 -2.0 -4.0 -1.0 0.0 -1.0 -4.0 -3.0 0.0 -2.0 -4.0 -3.0 0.0 -1.0 -2.0 -4.0 -1.0 0.0 -2.0 -4.0 0.0 -4.0 -4.0 -1.0 -2.0 -2.0 0.0 -1.0 -1.0 -2.0 -4.0 0.0 0.0 -3.0 0.0 -2.0 212.0 -4.0 -4.0 -1.0 -4.0 0.0 -3.0 -4.0 0.0 -1.0 -4.0 -3.0 -1.0 0.0 -4.0 -3.0 0.0 0.0 -2.0 -3.0 -1.0 -1.0 -4.0 -4.0 0.0 0.0 -2.0 -4.0 -2.0 -2.0 0.0 0.0 0.0 0.0 -2.0 0.0 -4.0 -1.0 -3.0 0.0 -3.0 -3.0 -2.0 -3.0 0.0 -1.0 0.0 -1.0 -3.0 -3.0 -1.0 -1.0 -3.0 -1.0 0.0 -3.0 -4.0 -3.0 -4.0 -2.0 -4.0 -2.0 -1.0 -1.0 -3.0 -2.0 
-4.0 -1.0 -2.0 -3.0 -3.0 -1.0 -4.0 0.0 -1.0 0.0 0.0 -1.0 -1.0 -4.0 0.0 -1.0 -4.0 -2.0 -2.0 -4.0 -3.0 -2.0 -3.0 0.0 0.0 0.0 -4.0 0.0 0.0 0.0 -2.0 -4.0 -2.0 -1.0 -2.0 -4.0 -1.0 -4.0 0.0 -2.0 -3.0 0.0 -3.0 -1.0 -4.0 -3.0 -2.0 -2.0 -1.0 -2.0 215.0 -3.0 -3.0 0.0 -4.0 0.0 -2.0 -2.0 -4.0 -1.0 -3.0 0.0 0.0 -1.0 -4.0 0.0 -4.0 -4.0 0.0 -2.0 -2.0 -1.0 -4.0 -2.0 -4.0 -2.0 -2.0 -4.0 0.0 0.0 -4.0 -4.0 -1.0 -4.0 -2.0 -4.0 -4.0 -3.0 -2.0 0.0 0.0 -3.0 -4.0 0.0 0.0 -2.0 0.0 -1.0 -2.0 0.0 -2.0 -1.0 -2.0 -1.0 -1.0 -2.0 -2.0 0.0 -2.0 -2.0 -4.0 0.0 -2.0 -3.0 0.0 
-1.0 -3.0 -4.0 0.0 0.0 -1.0 -3.0 0.0 -2.0 0.0 -2.0 -4.0 -1.0 -2.0 0.0 0.0 -1.0 0.0 0.0 -2.0 -4.0 -2.0 -3.0 0.0 -4.0 -3.0 -4.0 -3.0 -1.0 -2.0 -1.0 0.0 -2.0 0.0 -4.0 -2.0 -2.0 -1.0 0.0 0.0 -2.0 -4.0 -3.0 -3.0 0.0 -3.0 0.0 0.0 -2.0 -1.0 -2.0 210.0 -3.0 -4.0 0.0 0.0 -1.0 -3.0 0.0 -2.0 -2.0 -4.0 -1.0 -4.0 -4.0 0.0 -1.0 -3.0 0.0 -4.0 -3.0 0.0 0.0 -4.0 0.0 -3.0 -3.0 -4.0 0.0 -1.0 0.0 -2.0 0.0 -2.0 -1.0 0.0 -1.0 -4.0 -1.0 -1.0 -4.0 0.0 -4.0 0.0 -3.0 -3.0 -4.0 -1.0 -4.0 -2.0 -1.0 -2.0 -4.0 -3.0 -3.0 -4.0 -3.0 0.0 -2.0 -3.0 -4.0 -1.0 0.0 -1.0 -4.0 
-4.0 -3.0 -1.0 -4.0 -3.0 -3.0 -4.0 0.0 -1.0 0.0 -1.0 -4.0 0.0 -4.0 -3.0 -2.0 -1.0 -4.0 -3.0 -2.0 -3.0 -3.0 0.0 0.0 0.0 -2.0 -3.0 -3.0 -3.0 -4.0 -4.0 -1.0 -2.0 0.0 -3.0 -4.0 -1.0 -3.0 -3.0 -1.0 -4.0 0.0 -4.0 -4.0 -2.0 -3.0 -4.0 -2.0 -4.0 -4.0 -3.0 0.0 255.0 -1.0 -1.0 -1.0 -2.0 0.0 0.0 -3.0 -4.0 -3.0 -4.0 -2.0 -2.0 -4.0 -4.0 0.0 -3.0 -4.0 0.0 -2.0 -4.0 0.0 -1.0 -3.0 -4.0 -1.0 0.0 -3.0 -3.0 -1.0 -2.0 -3.0 -3.0 -2.0 -2.0 -1.0 -1.0 -4.0 -3.0 0.0 -1.0 -4.0 -4.0 -4.0 -1.0 -2.0 -2.0 0.0 -2.0 0.0 -3.0 -3.0 -3.0 -4.0 -1.0 -3.0 -4.0 -1.0 -2.0 0.0 -1.0 -4.0 -1.0 
-3.0 -1.0 -4.0 -2.0 -3.0 -1.0 -4.0 -3.0 -1.0 -1.0 -4.0 -1.0 -3.0 -2.0 -2.0 0.0 -4.0 -2.0 -4.0 -4.0 -1.0 -1.0 -3.0 -2.0 -4.0 -2.0 0.0 -4.0 -4.0 0.0 -3.0 -3.0 -2.0 -1.0 -4.0 -3.0 -1.0 -3.0 -2.0 -3.0 -2.0 -3.0 0.0 0.0 -3.0 -4.0 -1.0 0.0 -2.0 -4.0 -4.0 -1.0 -3.0 243.0 -1.0 0.0 -3.0 -2.0 -3.0 -4.0 -3.0 -3.0 -2.0 -4.0 -1.0 -4.0 -2.0 0.0 0.0 -3.0 -1.0 0.0 0.0 -3.0 -4.0 -2.0 -3.0 -3.0 -3.0 -2.0 -3.0 -1.0 -1.0 -1.0 -3.0 -3.0 0.0 -3.0 -4.0 -1.0 0.0 -1.0 -1.0 0.0 -2.0 -4.0 -3.0 -4.0 0.0 -4.0 0.0 0.0 0.0 -3.0 -3.0 0.0 -3.0 -4.0 -1.0 -2.0 -3.0 -2.0 -4.0 -1.0 0.0 
-3.0 -4.0 -3.0 -3.0 -4.0 -4.0 0.0 -3.0 0.0 -2.0 0.0 0.0 -4.0 -3.0 0.0 -2.0 -3.0 -3.0 -4.0 -2.0 -1.0 -3.0 -4.0 -3.0 -1.0 -2.0 -4.0 -4.0 0.0 -1.0 -3.0 -3.0 -4.0 -3.0 -3.0 -4.0 0.0 -4.0 -3.0 -2.0 -3.0 -4.0 -3.0 0.0 -1.0 -1.0 -1.0 0.0 0.0 -2.0 -2.0 -4.0 -4.0 -2.0 236.0 -3.0 -1.0 -4.0 -2.0 -4.0 -1.0 -2.0 -2.0 -3.0 -4.0 -2.0 -1.0 -4.0 -3.0 -4.0 -1.0 0.0 -2.0 -3.0 -1.0 0.0 0.0 -3.0 0.0 0.0 0.0 0.0 -3.0 -1.0 0.0 -3.0 0.0 -4.0 -2.0 -2.0 -3.0 -1.0 -1.0 -1.0 -3.0 0.0 -4.0 -4.0 -1.0 -2.0 0.0 0.0 -3.0 0.0 -1.0 -4.0 -1.0 -1.0 -2.0 -2.0 -2.0 -3.0 -3.0 -1.0 -2.0 
-2.0 -2.0 -4.0 -4.0 0.0 -4.0 -4.0 -3.0 0.0 0.0 -3.0 -2.0 -4.0 -1.0 -1.0 -4.0 -4.0 -3.0 0.0 -1.0 -1.0 -4.0 0.0 -3.0 -3.0 -4.0 -2.0 -2.0 -2.0 -4.0 -2.0 -2.0 -1.0 -4.0 -3.0 -3.0 -3.0 -2.0 -3.0 -1.0 -4.0 -1.0 0.0 -1.0 -2.0 -4.0 -4.0 -3.0 -3.0 -1.0 -1.0 -4.0 -2.0 -2.0 -1.0 237.0 -4.0 -1.0 -4.0 0.0 -2.0 0.0 -3.0 -3.0 -3.0 0.0 -1.0 -2.0 -4.0 0.0 0.0 -4.0 -1.0 -2.0 -4.0 -2.0 -3.0 -2.0 -2.0 -3.0 -4.0 -3.0 -3.0 -1.0 -4.0 0.0 0.0 -1.0 -4.0 0.0 -2.0 0.0 0.0 -1.0 -2.0 -2.0 -1.0 -2.0 -3.0 0.0 -3.0 -4.0 0.0 -3.0 0.0 0.0 -4.0 -1.0 -1.0 0.0 -1.0 -2.0 -4.0 -2.0 -1.0 
-4.0 -2.0 -1.0 -4.0 -1.0 -2.0 -1.0 -4.0 -1.0 0.0 -3.0 -1.0 -1.0 0.0 -4.0 -3.0 -4.0 -4.0 -1.0 -4.0 -3.0 0.0 -4.0 -3.0 -3.0 -2.0 -4.0 -2.0 -2.0 -1.0 -4.0 -2.0 0.0 -3.0 0.0 -4.0 -4.0 -4.0 -3.0 -4.0 -1.0 -2.0 -2.0 -1.0 -4.0 0.0 -1.0 0.0 -3.0 -2.0 -4.0 0.0 0.0 0.0 -4.0 -1.0 216.0 -4.0 -1.0 -1.0 -3.0 -3.0 0.0 -2.0 0.0 -1.0 0.0 -1.0 -1.0 0.0 -3.0 -3.0 -1.0 -1.0 0.0 -3.0 -1.0 -4.0 0.0 -3.0 -3.0 -2.0 0.0 0.0 0.0 -2.0 -2.0 -2.0 -1.0 -4.0 -3.0 -2.0 0.0 -1.0 -1.0 0.0 -4.0 -1.0 -3.0 0.0 -3.0 -4.0 -3.0 -2.0 0.0 -2.0 -1.0 0.0 -3.0 -1.0 0.0 -3.0 0.0 -2.0 -3.0 
-3.0 -1.0 0.0 -1.0 0.0 -1.0 -1.0 -4.0 -2.0 -4.0 0.0 -4.0 -1.0 0.0 -4.0 -3.0 -4.0 -3.0 0.0 -3.0 -1.0 0.0 0.0 0.0 -2.0 -2.0 -3.0 -2.0 -1.0 0.0 0.0 0.0 -3.0 0.0 -2.0 -1.0 -3.0 -4.0 0.0 -4.0 -1.0 -4.0 -4.0 -2.0 -3.0 -1.0 -2.0 -2.0 -1.0 0.0 0.0 -3.0 -4.0 0.0 -4.0 -2.0 -2.0 201.0 -1.0 -1.0 0.0 0.0 -3.0 0.0 0.0 0.0 0.0 -3.0 -1.0 -2.0 -1.0 0.0 -3.0 -4.0 -3.0 -1.0 -2.0 -1.0 -3.0 0.0 -4.0 -3.0 -3.0 -4.0 -3.0 0.0 -3.0 0.0 -4.0 0.0 0.0 -2.0 -4.0 -1.0 0.0 -2.0 -2.0 0.0 0.0 -4.0 -4.0 -2.0 -2.0 0.0 0.0 0.0 -4.0 -4.0 -3.0 -4.0 -1.0 -3.0 -1.0 -3.0 0.0 
-3.0 -3.0 -3.0 -4.0 -4.0 -4.0 -2.0 -3.0 -3.0 -2.0 -3.0 -4.0 -1.0 -4.0 -3.0 -3.0 -4.0 -1.0 -2.0 -4.0 -2.0 -1.0 -1.0 0.0 0.0 -4.0 -1.0 0.0 -2.0 -2.0 0.0 -3.0 -1.0 -4.0 -1.0 -1.0 -4.0 0.0 -2.0 0.0 -4.0 -4.0 0.0 0.0 0.0 -3.0 -2.0 -2.0 -1.0 -1.0 0.0 0.0 -2.0 -4.0 -3.0 -4.0 0.0 -3.0 215.0 -3.0 -1.0 -4.0 0.0 0.0 -2.0 0.0 0.0 -2.0 -2.0 -4.0 -2.0 -4.0 0.0 -1.0 -3.0 -2.0 0.0 0.0 0.0 -1.0 -2.0 -2.0 -4.0 -2.0 -4.0 -1.0 -2.0 0.0 -3.0 0.0 -3.0 -1.0 -4.0 -2.0 -2.0 0.0 -1.0 0.0 0.0 -2.0 -4.0 0.0 0.0 -2.0 -1.0 -3.0 -2.0 -3.0 -3.0 -2.0 -3.0 -1.0 -1.0 0.0 -2.0 
-2.0 -1.0 -2.0 -4.0 -4.0 -1.0 -2.0 0.0 0.0 -4.0 0.0 -3.0 -3.0 -4.0 0.0 -3.0 -3.0 0.0 -4.0 0.0 -4.0 -1.0 -4.0 -3.0 -4.0 0.0 -4.0 0.0 -2.0 0.0 0.0 -3.0 -3.0 -4.0 -1.0 -2.0 -2.0 -2.0 -2.0 0.0 -4.0 -2.0 0.0 -4.0 -3.0 -1.0 -3.0 -1.0 0.0 -4.0 -3.0 -4.0 -3.0 0.0 -2.0 -2.0 -3.0 -2.0 -4.0 232.0 -2.0 -4.0 0.0 -2.0 -1.0 -4.0 0.0 -2.0 -2.0 -1.0 -3.0 -3.0 -1.0 0.0 0.0 -1.0 -2.0 -4.0 -4.0 -1.0 0.0 -3.0 -2.0 -3.0 0.0 -3.0 -1.0 -3.0 -4.0 -1.0 -2.0 -4.0 -3.0 -1.0 -2.0 -4.0 0.0 -3.0 0.0 0.0 -4.0 -4.0 0.0 -1.0 0.0 -4.0 0.0 -4.0 -1.0 0.0 -2.0 -2.0 0.0 -4.0 -4.0 
-3.0 -4.0 -4.0 0.0 0.0 -1.0 -4.0 -4.0 -2.0 -1.0 -4.0 -2.0 -2.0 0.0 0.0 -4.0 -1.0 -2.0 -3.0 0.0 0.0 -1.0 -3.0 0.0 0.0 -4.0 0.0 0.0 -3.0 0.0 -1.0 -4.0 -3.0 -1.0 -3.0 0.0 -2.0 -3.0 0.0 0.0 0.0 -1.0 0.0 -2.0 0.0 -3.0 0.0 -1.0 -4.0 -1.0 -2.0 -4.0 -2.0 0.0 -1.0 -4.0 -1.0 -2.0 -1.0 0.0 200.0 0.0 -4.0 -1.0 -2.0 0.0 -1.0 -1.0 -1.0 -2.0 -2.0 -4.0 -3.0 -2.0 -2.0 0.0 -4.0 0.0 -1.0 -2.0 -4.0 0.0 -2.0 -1.0 -2.0 0.0 -3.0 -3.0 -3.0 -4.0 -4.0 0.0 0.0 -3.0 -3.0 0.0 0.0 -2.0 0.0 -2.0 -3.0 0.0 -1.0 -3.0 0.0 -2.0 -4.0 -2.0 0.0 -3.0 -3.0 -3.0 -2.0 -4.0 -4.0 
0.0 -1.0 -3.0 -3.0 0.0 0.0 -2.0 -4.0 0.0 -1.0 -4.0 -2.0 -1.0 -2.0 -4.0 -1.0 -3.0 -4.0 -4.0 -3.0 -1.0 -4.0 -1.0 -2.0 -2.0 -3.0 -2.0 0.0 -1.0 -4.0 -1.0 -2.0 -4.0 0.0 -4.0 0.0 0.0 -2.0 -4.0 -3.0 -4.0 -2.0 -2.0 -3.0 -2.0 -2.0 0.0 -3.0 0.0 -1.0 -3.0 0.0 0.0 -3.0 -2.0 -2.0 -1.0 -1.0 -2.0 -1.0 -1.0 231.0 0.0 0.0 0.0 0.0 -4.0 -1.0 -4.0 -1.0 -4.0 0.0 -1.0 -3.0 -1.0 -4.0 0.0 -4.0 -3.0 0.0 -1.0 -3.0 -1.0 0.0 -2.0 -1.0 -3.0 -3.0 -2.0 -1.0 0.0 -2.0 -3.0 -4.0 -3.0 0.0 -3.0 -2.0 -2.0 -2.0 -1.0 -4.0 -1.0 -4.0 -3.0 -4.0 -4.0 -3.0 -3.0 -4.0 -2.0 -2.0 -4.0 -3.0 -4.0 
-2.0 -1.0 -4.0 0.0 -4.0 -2.0 -3.0 -4.0 0.0 0.0 -1.0 0.0 -4.0 -4.0 -1.0 -3.0 -3.0 -3.0 -2.0 -1.0 0.0 -1.0 0.0 0.0 -1.0 -2.0 0.0 -3.0 -3.0 -4.0 -3.0 -2.0 0.0 0.0 -2.0 -2.0 -2.0 -3.0 0.0 0.0 -1.0 -3.0 -3.0 -4.0 -4.0 -2.0 -2.0 0.0 0.0 -4.0 -1.0 -1.0 -2.0 -2.0 -2.0 -3.0 -1.0 -4.0 -4.0 -4.0 -4.0 -2.0 234.0 -3.0 -1.0 -1.0 -3.0 -3.0 -4.0 -4.0 -2.0 -2.0 -2.0 -4.0 0.0 -4.0 -3.0 -2.0 0.0 -2.0 -2.0 -3.0 -2.0 0.0 0.0 -3.0 -4.0 -1.0 -4.0 -1.0 -4.0 0.0 0.0 -4.0 -2.0 -2.0 -1.0 -3.0 -3.0 0.0 -2.0 -3.0 -2.0 -3.0 -4.0 -2.0 -1.0 -3.0 -2.0 -1.0 -4.0 0.0 0.0 -3.0 -2.0 
-2.0 -1.0 -1.0 -3.0 0.0 -3.0 -3.0 -3.0 -1.0 -3.0 -4.0 0.0 0.0 -3.0 -4.0 -1.0 -3.0 -1.0 -4.0 -3.0 -2.0 0.0 -4.0 -1.0 0.0 0.0 -3.0 -3.0 -2.0 -1.0 -4.0 -2.0 -2.0 -3.0 -2.0 -2.0 0.0 -1.0 -2.0 0.0 -1.0 -2.0 -3.0 0.0 0.0 -2.0 -4.0 -2.0 -1.0 -1.0 -4.0 -3.0 -1.0 -4.0 -4.0 -4.0 -3.0 -2.0 -3.0 -1.0 -2.0 -1.0 -1.0 223.0 -4.0 0.0 0.0 -3.0 -2.0 -4.0 -2.0 0.0 0.0 -3.0 -3.0 -2.0 0.0 -3.0 -2.0 -3.0 -3.0 -3.0 -2.0 -1.0 0.0 -2.0 -4.0 -1.0 -3.0 -3.0 -1.0 -2.0 -1.0 -4.0 -1.0 0.0 -2.0 0.0 -3.0 -2.0 -2.0 -3.0 -2.0 -1.0 0.0 -4.0 -1.0 -3.0 -2.0 0.0 -1.0 -1.0 -3.0 -4.0 -1.0 
-3.0 -1.0 -1.0 -2.0 0.0 0.0 -4.0 -2.0 -2.0 -1.0 -3.0 -2.0 -4.0 -2.0 -2.0 0.0 -1.0 -4.0 -3.0 -1.0 -4.0 -2.0 -2.0 -4.0 -3.0 -1.0 -3.0 0.0 -1.0 -4.0 -2.0 -3.0 -3.0 -1.0 -1.0 -4.0 -2.0 -3.0 -2.0 -4.0 -4.0 -1.0 -1.0 -1.0 -4.0 -3.0 0.0 -2.0 -1.0 -2.0 -2.0 -3.0 0.0 -4.0 -1.0 0.0 -2.0 -1.0 -3.0 -1.0 -1.0 -4.0 -2.0 0.0 240.0 -4.0 -2.0 0.0 -1.0 -1.0 -4.0 -3.0 0.0 -2.0 -2.0 -2.0 0.0 -4.0 -1.0 -3.0 0.0 -4.0 -3.0 -4.0 -1.0 -3.0 -3.0 -1.0 -3.0 -3.0 -2.0 -4.0 -3.0 -4.0 -4.0 0.0 0.0 -4.0 -4.0 0.0 0.0 -2.0 0.0 -3.0 -2.0 -4.0 -4.0 -1.0 -1.0 -4.0 -1.0 -4.0 -1.0 -1.0 -3.0 
-4.0 0.0 -2.0 -1.0 -1.0 -1.0 -2.0 -1.0 -1.0 -3.0 -2.0 -4.0 -1.0 -2.0 -2.0 -3.0 -3.0 -1.0 -4.0 0.0 -1.0 -4.0 -1.0 0.0 -2.0 -4.0 -1.0 -3.0 -3.0 0.0 0.0 -3.0 -1.0 -3.0 -3.0 -3.0 -2.0 0.0 0.0 -4.0 -2.0 0.0 -4.0 -1.0 -3.0 -4.0 -3.0 0.0 0.0 -4.0 -2.0 0.0 0.0 -2.0 -4.0 -3.0 -2.0 -4.0 0.0 0.0 -3.0 -4.0 -1.0 -1.0 -3.0 224.0 -2.0 0.0 0.0 -4.0 -4.0 0.0 -1.0 -1.0 0.0 -3.0 0.0 -3.0 0.0 -3.0 -3.0 -1.0 0.0 -1.0 -2.0 -1.0 -4.0 -3.0 -4.0 -4.0 -2.0 -2.0 -1.0 -4.0 -1.0 -4.0 0.0 -4.0 -3.0 -2.0 -3.0 0.0 -4.0 -4.0 -1.0 0.0 -3.0 -1.0 -4.0 0.0 -1.0 -3.0 -2.0 -1.0 -4.0 
-2.0 -4.0 0.0 -1.0 -1.0 0.0 -2.0 -3.0 0.0 0.0 -4.0 -3.0 -3.0 -2.0 -1.0 -3.0 -2.0 0.0 -4.0 -4.0 -1.0 0.0 -4.0 -1.0 -2.0 -3.0 -1.0 -2.0 0.0 -2.0 -4.0 -4.0 -4.0 -3.0 -4.0 0.0 0.0 -2.0 -4.0 -1.0 -1.0 -3.0 0.0 -1.0 -4.0 -3.0 0.0 0.0 -1.0 -1.0 -3.0 -4.0 -3.0 -3.0 -1.0 0.0 -3.0 0.0 -2.0 -3.0 -1.0 -1.0 -4.0 -1.0 -1.0 -1.0 212.0 -3.0 -3.0 -4.0 0.0 0.0 -4.0 0.0 -4.0 0.0 0.0 -2.0 0.0 -4.0 0.0 -4.0 -3.0 0.0 0.0 -4.0 -2.0 -4.0 -1.0 -4.0 0.0 -2.0 -1.0 -3.0 -3.0 -4.0 -1.0 -3.0 -3.0 -1.0 0.0 -2.0 -3.0 -1.0 -1.0 0.0 -2.0 0.0 0.0 -3.0 0.0 -3.0 -4.0 0.0 0.0 
-2.0 -4.0 0.0 -3.0 -2.0 -1.0 -1.0 -4.0 -1.0 -2.0 0.0 -1.0 -3.0 -3.0 -4.0 -2.0 -3.0 -3.0 0.0 -4.0 -1.0 -2.0 0.0 -4.0 -3.0 -2.0 0.0 -3.0 -4.0 -3.0 -3.0 -3.0 -4.0 -1.0 -2.0 -1.0 -3.0 -2.0 -2.0 -3.0 -4.0 -4.0 -1.0 0.0 -1.0 0.0 -1.0 -1.0 -1.0 -4.0 -3.0 -3.0 -1.0 -4.0 -4.0 -3.0 -3.0 0.0 -2.0 -2.0 -1.0 -4.0 -2.0 -4.0 0.0 -3.0 -3.0 239.0 -1.0 -1.0 -1.0 -1.0 -3.0 0.0 -2.0 -4.0 0.0 -2.0 -1.0 -3.0 -3.0 -2.0 -3.0 -4.0 0.0 -3.0 -4.0 -4.0 -4.0 -1.0 0.0 -2.0 -3.0 0.0 -1.0 -4.0 -2.0 -3.0 -4.0 -3.0 0.0 -1.0 -1.0 -2.0 -1.0 0.0 0.0 -4.0 -2.0 -2.0 -2.0 0.0 -2.0 -3.0 -2.0 
-2.0 -2.0 -2.0 -1.0 -2.0 -3.0 -3.0 -2.0 -1.0 -1.0 -1.0 -4.0 -4.0 0.0 -4.0 -2.0 -3.0 0.0 -3.0 -1.0 -1.0 -2.0 -1.0 0.0 -3.0 -3.0 -3.0 -1.0 -4.0 -1.0 -1.0 0.0 -1.0 -1.0 -3.0 -3.0 -2.0 -4.0 0.0 -4.0 -4.0 -4.0 -3.0 0.0 0.0 -1.0 -2.0 -1.0 -4.0 -3.0 -4.0 -1.0 -2.0 -4.0 0.0 -1.0 -4.0 -2.0 -4.0 -4.0 0.0 0.0 -4.0 0.0 -1.0 0.0 -2.0 0.0 233.0 -3.0 -4.0 0.0 -2.0 -1.0 -3.0 0.0 0.0 -1.0 -4.0 -3.0 0.0 -2.0 -1.0 -1.0 0.0 -4.0 -3.0 -2.0 -4.0 -4.0 -1.0 -4.0 -2.0 -2.0 -1.0 -3.0 -3.0 -4.0 -4.0 -4.0 0.0 -2.0 0.0 -4.0 -3.0 0.0 -3.0 -2.0 -4.0 -4.0 -1.0 -2.0 0.0 -1.0 -3.0 
-4.0 -3.0 0.0 -1.0 -2.0 -3.0 0.0 0.0 0.0 0.0 -1.0 -1.0 -3.0 0.0 -4.0 0.0 -4.0 0.0 -3.0 -2.0 -4.0 -2.0 -3.0 -3.0 -2.0 -4.0 -2.0 -3.0 -1.0 -4.0 0.0 -2.0 -2.0 0.0 -4.0 -1.0 -1.0 -1.0 -4.0 0.0 -1.0 -1.0 -1.0 -4.0 -4.0 -1.0 -1.0 -1.0 -2.0 -3.0 0.0 0.0 0.0 -4.0 -2.0 -1.0 -1.0 -4.0 -3.0 -1.0 -3.0 0.0 -1.0 -2.0 -3.0 -1.0 -2.0 -2.0 0.0 206.0 -3.0 -4.0 0.0 0.0 -4.0 -1.0 -4.0 -3.0 -4.0 -1.0 0.0 -3.0 -3.0 -3.0 -4.0 -2.0 -1.0 -1.0 -1.0 0.0 0.0 -1.0 -3.0 -3.0 0.0 -3.0 0.0 -2.0 0.0 0.0 0.0 -2.0 -4.0 -2.0 -3.0 -3.0 -1.0 -3.0 -1.0 0.0 -1.0 -4.0 0.0 -2.0 -3.0 
0.0 -4.0 -1.0 -2.0 -4.0 -4.0 -4.0 -3.0 0.0 0.0 0.0 0.0 0.0 -1.0 -3.0 -2.0 -1.0 -2.0 -4.0 0.0 0.0 -3.0 -3.0 -4.0 -1.0 -1.0 -2.0 -3.0 -4.0 0.0 -2.0 -4.0 0.0 -4.0 -1.0 0.0 -4.0 -1.0 -2.0 0.0 -2.0 -4.0 -2.0 -2.0 -2.0 -4.0 0.0 -3.0 -3.0 -4.0 0.0 -1.0 0.0 -2.0 -4.0 0.0 -2.0 -4.0 0.0 -2.0 -3.0 0.0 -2.0 -3.0 -1.0 -1.0 -3.0 0.0 0.0 -2.0 205.0 -3.0 0.0 -3.0 -1.0 -3.0 -4.0 0.0 -2.0 -4.0 -1.0 0.0 -1.0 -3.0 -4.0 -1.0 -2.0 0.0 -1.0 -1.0 0.0 -1.0 -1.0 -4.0 -4.0 0.0 0.0 0.0 0.0 -1.0 0.0 -2.0 -1.0 -3.0 0.0 0.0 0.0 -3.0 -3.0 -3.0 -3.0 -4.0 -3.0 -1.0 -4.0 
-1.0 0.0 0.0 -1.0 -2.0 -3.0 -2.0 -2.0 -3.0 -1.0 -1.0 -3.0 -1.0 -1.0 -3.0 0.0 0.0 0.0 0.0 -2.0 -4.0 -3.0 0.0 -2.0 -1.0 -1.0 -2.0 0.0 0.0 -3.0 -1.0 0.0 -3.0 -1.0 -3.0 0.0 0.0 -1.0 0.0 -4.0 -1.0 -3.0 -2.0 -4.0 -1.0 -3.0 0.0 0.0 -4.0 0.0 -4.0 0.0 -3.0 -2.0 -2.0 0.0 -3.0 -1.0 -1.0 -4.0 -1.0 -2.0 -2.0 -1.0 -1.0 -1.0 -3.0 0.0 -3.0 -3.0 -2.0 188.0 -2.0 -3.0 -3.0 -2.0 -1.0 -2.0 -4.0 -3.0 -2.0 -1.0 -4.0 -2.0 -1.0 0.0 -4.0 0.0 0.0 -1.0 0.0 -4.0 -1.0 -3.0 0.0 -4.0 0.0 0.0 -2.0 -2.0 -3.0 -1.0 -1.0 0.0 -3.0 -2.0 0.0 -2.0 -1.0 -1.0 -1.0 -3.0 -3.0 -4.0 0.0 
-1.0 -3.0 -3.0 -2.0 0.0 -3.0 -1.0 -3.0 0.0 -2.0 -3.0 -4.0 -1.0 -4.0 0.0 -1.0 0.0 -2.0 0.0 -1.0 -2.0 -3.0 -4.0 -4.0 -3.0 -2.0 -4.0 -3.0 -2.0 -1.0 -1.0 -3.0 -1.0 -4.0 -2.0 -1.0 0.0 -1.0 -1.0 -3.0 -4.0 -2.0 -4.0 -1.0 -4.0 -1.0 -1.0 -4.0 -2.0 -2.0 -4.0 -1.0 -2.0 -3.0 -1.0 -3.0 -4.0 0.0 -4.0 0.0 -2.0 -3.0 -3.0 -2.0 -2.0 0.0 -1.0 -3.0 0.0 -3.0 -4.0 0.0 222.0 -1.0 -1.0 0.0 -3.0 -1.0 -2.0 -1.0 -4.0 0.0 -3.0 0.0 -4.0 -2.0 -2.0 -2.0 -2.0 0.0 0.0 -2.0 -4.0 -2.0 -1.0 -3.0 -1.0 -1.0 -1.0 -2.0 -3.0 -2.0 -2.0 -1.0 -3.0 -3.0 0.0 -3.0 -2.0 -1.0 -3.0 0.0 -2.0 -2.0 -1.0 
-3.0 0.0 -1.0 -3.0 -4.0 -4.0 -4.0 -2.0 -4.0 -1.0 -4.0 -1.0 -1.0 0.0 -2.0 -2.0 0.0 -3.0 -3.0 -4.0 -4.0 0.0 -3.0 -1.0 -3.0 -2.0 -4.0 -2.0 -3.0 -3.0 0.0 -1.0 -4.0 -2.0 -3.0 0.0 -4.0 -2.0 -1.0 0.0 0.0 -3.0 -3.0 0.0 0.0 -3.0 -3.0 -1.0 0.0 -2.0 -2.0 -3.0 -4.0 0.0 -3.0 -2.0 -1.0 0.0 -2.0 -4.0 -2.0 -2.0 -3.0 -3.0 -3.0 -3.0 -3.0 -1.0 -4.0 0.0 -4.0 -4.0 -3.0 241.0 0.0 -3.0 -3.0 0.0 -4.0 -3.0 0.0 0.0 -3.0 0.0 -4.0 0.0 -2.0 -4.0 -3.0 -2.0 -1.0 -3.0 -3.0 -2.0 -4.0 -2.0 -3.0 -3.0 -3.0 -2.0 -2.0 -1.0 -1.0 -1.0 -1.0 -4.0 -1.0 -3.0 -1.0 0.0 -3.0 0.0 -4.0 -3.0 0.0 
0.0 0.0 -1.0 -3.0 -3.0 -3.0 0.0 0.0 -1.0 -3.0 -3.0 -1.0 -2.0 -1.0 -4.0 -1.0 -1.0 -3.0 -4.0 -2.0 -4.0 -1.0 0.0 -1.0 -2.0 0.0 -4.0 -2.0 -1.0 -3.0 -3.0 -2.0 -3.0 -4.0 -2.0 0.0 0.0 -4.0 -2.0 0.0 -4.0 -4.0 -4.0 -4.0 -4.0 -3.0 -1.0 -2.0 -4.0 -4.0 -4.0 0.0 -2.0 -2.0 -2.0 -3.0 -1.0 -2.0 -2.0 -1.0 -2.0 0.0 0.0 -4.0 0.0 -1.0 0.0 -1.0 0.0 -2.0 0.0 -4.0 -1.0 0.0 222.0 0.0 -1.0 -3.0 -4.0 -3.0 -1.0 -4.0 -1.0 -1.0 -4.0 -3.0 0.0 -1.0 -3.0 0.0 -1.0 -3.0 0.0 -2.0 -4.0 -3.0 -1.0 -4.0 0.0 -1.0 -2.0 -2.0 -4.0 -3.0 -2.0 -4.0 0.0 -1.0 -1.0 -4.0 -1.0 -1.0 -1.0 -3.0 -3.0 
-1.0 -3.0 -4.0 -3.0 0.0 -1.0 -4.0 -1.0 -4.0 -3.0 -3.0 0.0 -2.0 -2.0 -3.0 -3.0 -1.0 -1.0 -1.0 0.0 -2.0 -1.0 -1.0 -1.0 -3.0 -2.0 -4.0 0.0 0.0 -2.0 -2.0 -4.0 -3.0 -1.0 -3.0 -1.0 -3.0 -2.0 -2.0 -2.0 -4.0 -3.0 -3.0 -3.0 -3.0 -4.0 -1.0 -1.0 0.0 -4.0 0.0 -2.0 0.0 -1.0 0.0 -3.0 -3.0 -4.0 -1.0 -1.0 -4.0 -4.0 0.0 -4.0 -4.0 -2.0 -4.0 -1.0 -3.0 0.0 0.0 -3.0 -1.0 -4.0 -2.0 237.0 -2.0 -2.0 0.0 -3.0 -2.0 -1.0 -4.0 -1.0 -4.0 -1.0 0.0 -2.0 -2.0 -4.0 -3.0 -2.0 -4.0 -1.0 -1.0 -1.0 0.0 0.0 -1.0 -4.0 0.0 -1.0 -2.0 0.0 -4.0 -4.0 -1.0 -4.0 -2.0 -3.0 -2.0 -3.0 -4.0 -2.0 -4.0 
0.0 -3.0 -2.0 -1.0 -3.0 0.0 -2.0 -2.0 -4.0 -3.0 -2.0 -2.0 -4.0 0.0 -2.0 -1.0 -3.0 0.0 -1.0 -4.0 -2.0 -3.0 0.0 -2.0 0.0 -1.0 -2.0 -4.0 -3.0 -1.0 -4.0 0.0 -1.0 -2.0 -3.0 -2.0 -4.0 0.0 -1.0 0.0 -4.0 -4.0 -2.0 0.0 0.0 -3.0 -2.0 -1.0 -3.0 0.0 -4.0 -2.0 -4.0 -4.0 -4.0 -4.0 -3.0 0.0 -2.0 -4.0 -3.0 -4.0 -1.0 0.0 -2.0 -1.0 -3.0 0.0 -2.0 -2.0 -2.0 -1.0 -4.0 -2.0 -3.0 -1.0 240.0 -4.0 -1.0 -1.0 -4.0 -4.0 0.0 -2.0 -2.0 0.0 -4.0 -4.0 -3.0 -2.0 -3.0 -1.0 -2.0 -4.0 -2.0 -3.0 -2.0 0.0 -2.0 -3.0 -4.0 0.0 -3.0 0.0 -4.0 0.0 -4.0 0.0 -4.0 0.0 -4.0 -2.0 -2.0 -1.0 -4.0 
-2.0 -1.0 -1.0 -3.0 -2.0 -3.0 -3.0 -2.0 -1.0 -4.0 -3.0 -3.0 -3.0 0.0 -1.0 -2.0 -2.0 -1.0 -3.0 -1.0 -1.0 0.0 -2.0 0.0 -3.0 -2.0 -1.0 -1.0 -1.0 0.0 0.0 -2.0 -2.0 -2.0 -1.0 -3.0 -3.0 -1.0 -4.0 -2.0 0.0 0.0 -1.0 0.0 -1.0 -4.0 0.0 0.0 -2.0 -3.0 0.0 -1.0 -4.0 -2.0 -2.0 -1.0 -2.0 -1.0 -2.0 -1.0 -3.0 0.0 -3.0 -2.0 -4.0 -4.0 -3.0 -3.0 -1.0 -1.0 -2.0 -4.0 0.0 -3.0 -3.0 -4.0 -4.0 226.0 -1.0 -4.0 -4.0 -2.0 -2.0 -1.0 -3.0 -4.0 -3.0 -2.0 -1.0 -4.0 -1.0 -2.0 -1.0 -4.0 -1.0 -4.0 -4.0 -1.0 0.0 -2.0 -4.0 0.0 0.0 -2.0 -2.0 -3.0 -1.0 -3.0 -4.0 -1.0 -4.0 -1.0 -4.0 0.0 -3.0 
-2.0 -1.0 -4.0 -2.0 -3.0 -3.0 -2.0 -1.0 -3.0 0.0 -4.0 0.0 -4.0 -3.0 -3.0 -3.0 -2.0 -4.0 -4.0 0.0 -4.0 -1.0 -2.0 0.0 -4.0 -1.0 -4.0 -1.0 -3.0 -2.0 -1.0 -3.0 -4.0 0.0 -3.0 -2.0 -2.0 -3.0 -1.0 0.0 0.0 -2.0 -4.0 -3.0 -1.0 -2.0 -3.0 0.0 -3.0 -4.0 -2.0 -1.0 -1.0 -2.0 -4.0 -3.0 -3.0 -4.0 -4.0 -2.0 0.0 0.0 -1.0 0.0 0.0 -4.0 -4.0 0.0 -4.0 -4.0 -2.0 -1.0 -3.0 -4.0 -3.0 -2.0 -1.0 -1.0 241.0 -3.0 -1.0 -2.0 -1.0 0.0 -4.0 -1.0 0.0 -1.0 -2.0 -3.0 0.0 -4.0 -2.0 -3.0 -4.0 -4.0 -1.0 -3.0 -2.0 -1.0 -2.0 -2.0 0.0 0.0 0.0 0.0 -2.0 -3.0 -4.0 -1.0 -4.0 -4.0 -4.0 0.0 -2.0 
0.0 -3.0 -4.0 -4.0 0.0 -2.0 -3.0 0.0 -4.0 0.0 -4.0 -3.0 0.0 -2.0 -3.0 -3.0 -4.0 -2.0 -3.0 0.0 -4.0 -2.0 -1.0 0.0 0.0 -2.0 0.0 0.0 -3.0 -1.0 -4.0 -3.0 -1.0 -2.0 -2.0 0.0 -1.0 -2.0 -4.0 -2.0 -1.0 -1.0 -1.0 -1.0 -1.0 -2.0 -3.0 -2.0 -2.0 -3.0 -1.0 0.0 -1.0 -3.0 -4.0 0.0 -1.0 -3.0 -3.0 -4.0 -1.0 -1.0 -1.0 -2.0 -4.0 -4.0 -2.0 -4.0 -4.0 -3.0 -3.0 -2.0 -2.0 -2.0 -3.0 -1.0 -3.0 -2.0 -2.0 245.0 -3.0 -3.0 -4.0 -2.0 -2.0 -3.0 -1.0 -2.0 -1.0 -4.0 -2.0 -2.0 -1.0 -3.0 -3.0 -2.0 -4.0 -2.0 -1.0 -3.0 -2.0 -3.0 -2.0 -4.0 -3.0 -4.0 -1.0 -3.0 -4.0 0.0 -4.0 -4.0 -2.0 0.0 0.0 
-4.0 -3.0 0.0 -4.0 0.0 -3.0 -4.0 -2.0 0.0 -4.0 0.0 -1.0 -1.0 -4.0 -4.0 -3.0 -1.0 -3.0 -1.0 -3.0 0.0 0.0 -4.0 -3.0 -4.0 -4.0 -3.0 0.0 -4.0 0.0 0.0 -1.0 -3.0 -1.0 -3.0 -1.0 -4.0 -3.0 0.0 -4.0 -2.0 -4.0 -2.0 -2.0 -4.0 -3.0 -1.0 -4.0 -1.0 -4.0 -2.0 -4.0 -4.0 -2.0 -2.0 -3.0 -4.0 -2.0 -4.0 -4.0 -2.0 -1.0 0.0 0.0 -4.0 -2.0 -1.0 -4.0 -4.0 -1.0 -3.0 -4.0 -2.0 -1.0 0.0 -1.0 -1.0 -1.0 -3.0 -4.0 247.0 -1.0 -3.0 -3.0 -3.0 -3.0 -2.0 -3.0 0.0 -1.0 -4.0 -2.0 -3.0 -3.0 -3.0 0.0 0.0 0.0 -1.0 -2.0 -2.0 -4.0 -4.0 -2.0 -4.0 -4.0 -1.0 -1.0 -2.0 0.0 -1.0 0.0 0.0 0.0 -1.0 
0.0 -3.0 -2.0 -4.0 -3.0 0.0 -3.0 0.0 -3.0 -3.0 -1.0 0.0 0.0 -2.0 -2.0 -4.0 -2.0 -3.0 -4.0 -4.0 -1.0 -2.0 0.0 -2.0 0.0 -4.0 -1.0 -4.0 -4.0 -2.0 -2.0 0.0 0.0 -2.0 -4.0 -2.0 -3.0 -4.0 -3.0 -1.0 -1.0 -4.0 -3.0 -2.0 -2.0 -1.0 -2.0 -2.0 -2.0 0.0 -2.0 -2.0 0.0 -1.0 -2.0 -4.0 0.0 -2.0 0.0 -3.0 -2.0 -4.0 -1.0 -3.0 0.0 -3.0 -2.0 -3.0 -4.0 0.0 -3.0 0.0 -4.0 -1.0 0.0 -2.0 -3.0 -2.0 -3.0 -1.0 -4.0 216.0 -1.0 -1.0 -4.0 0.0 -3.0 0.0 -2.0 0.0 -4.0 -3.0 0.0 -1.0 -2.0 -1.0 -4.0 -4.0 0.0 -1.0 -1.0 -1.0 0.0 0.0 -3.0 -4.0 0.0 -2.0 -2.0 0.0 -1.0 -2.0 -1.0 -1.0 -3.0 
-4.0 -1.0 -1.0 -1.0 0.0 -3.0 -3.0 -1.0 -1.0 -1.0 0.0 -1.0 -1.0 -1.0 -1.0 -3.0 -1.0 -4.0 -2.0 -1.0 0.0 -3.0 -3.0 -3.0 0.0 -1.0 0.0 -1.0 0.0 -4.0 0.0 -2.0 -1.0 -4.0 -3.0 -1.0 -1.0 0.0 -2.0 -3.0 -1.0 -2.0 -4.0 -3.0 -2.0 -4.0 -4.0 0.0 0.0 -3.0 -1.0 0.0 -3.0 -1.0 -2.0 -3.0 -3.0 -1.0 0.0 0.0 0.0 -4.0 -3.0 -1.0 -3.0 0.0 -2.0 -4.0 -3.0 -2.0 -1.0 -1.0 -3.0 -1.0 -1.0 -1.0 -1.0 -3.0 0.0 -4.0 -2.0 -3.0 204.0 -2.0 -2.0 -1.0 -4.0 -4.0 0.0 -2.0 0.0 -1.0 -1.0 0.0 -2.0 -2.0 0.0 -2.0 -3.0 -2.0 -3.0 -3.0 0.0 -2.0 -4.0 -3.0 -1.0 -2.0 0.0 -3.0 0.0 -3.0 -3.0 -2.0 -4.0 
-4.0 -3.0 -4.0 -1.0 -2.0 -2.0 -4.0 -4.0 -2.0 0.0 -4.0 -3.0 -1.0 -4.0 -4.0 -3.0 -2.0 -1.0 -2.0 -3.0 -2.0 0.0 -2.0 -4.0 0.0 0.0 -2.0 0.0 -3.0 -4.0 0.0 -4.0 -1.0 0.0 0.0 -4.0 -3.0 -3.0 0.0 -1.0 -2.0 0.0 -2.0 0.0 0.0 -2.0 -1.0 -1.0 0.0 -1.0 -1.0 -1.0 -1.0 -4.0 -1.0 0.0 -3.0 -2.0 -2.0 -1.0 -2.0 0.0 -2.0 -3.0 0.0 -3.0 0.0 -2.0 -3.0 -4.0 -2.0 -4.0 -3.0 -3.0 0.0 0.0 -4.0 -4.0 -4.0 -3.0 -3.0 -2.0 -2.0 236.0 -4.0 -3.0 -3.0 -4.0 -3.0 -2.0 -3.0 -1.0 -2.0 -4.0 0.0 -3.0 -2.0 -3.0 -3.0 -4.0 -2.0 0.0 -2.0 0.0 -3.0 -2.0 -4.0 0.0 -1.0 -3.0 -1.0 -4.0 -3.0 -2.0 -1.0 
-3.0 -3.0 -1.0 -4.0 -1.0 -4.0 -4.0 -3.0 -2.0 -1.0 -3.0 -2.0 -1.0 -1.0 -2.0 -4.0 -2.0 -2.0 -2.0 0.0 -3.0 0.0 -4.0 -4.0 -1.0 -4.0 0.0 -3.0 -2.0 -4.0 -3.0 -2.0 -3.0 0.0 -1.0 -4.0 -4.0 -4.0 0.0 -4.0 -3.0 -4.0 0.0 -2.0 -4.0 -1.0 -2.0 -1.0 -2.0 -2.0 0.0 -2.0 -4.0 0.0 -1.0 -4.0 -1.0 -2.0 0.0 0.0 -1.0 -2.0 -1.0 -3.0 0.0 -3.0 -4.0 -3.0 0.0 -2.0 -2.0 -3.0 -1.0 -1.0 -4.0 -4.0 -1.0 -4.0 0.0 -2.0 0.0 -2.0 -3.0 0.0 220.0 -1.0 -2.0 0.0 -3.0 0.0 -3.0 -2.0 0.0 0.0 -1.0 -2.0 -2.0 0.0 -4.0 -1.0 -1.0 -1.0 -4.0 -1.0 -3.0 0.0 0.0 -3.0 0.0 -1.0 -4.0 -1.0 0.0 -3.0 -1.0 
-3.0 -2.0 0.0 -2.0 -3.0 -1.0 -3.0 -3.0 -3.0 -2.0 -1.0 0.0 -3.0 0.0 -2.0 -4.0 -1.0 -3.0 0.0 -4.0 -4.0 0.0 -3.0 -3.0 -4.0 -2.0 -1.0 -1.0 -2.0 -1.0 -1.0 0.0 -1.0 0.0 -1.0 -2.0 -4.0 -4.0 -2.0 -4.0 -4.0 -2.0 -2.0 -2.0 -3.0 -3.0 -4.0 -4.0 -2.0 -3.0 -3.0 0.0 -2.0 -2.0 -4.0 -1.0 -4.0 -4.0 -4.0 -2.0 -3.0 -4.0 -4.0 0.0 -2.0 -1.0 -1.0 -3.0 -2.0 -2.0 -1.0 -2.0 -2.0 -3.0 -4.0 0.0 -3.0 -4.0 -4.0 -2.0 -2.0 -2.0 -2.0 -2.0 -2.0 246.0 -1.0 -2.0 -1.0 -3.0 -3.0 -4.0 -3.0 -1.0 0.0 0.0 -2.0 -2.0 0.0 -4.0 -3.0 -4.0 -2.0 -1.0 -2.0 0.0 -1.0 0.0 -3.0 -4.0 0.0 -3.0 0.0 -2.0 -3.0 
-4.0 -2.0 0.0 -2.0 -2.0 -2.0 -1.0 -4.0 -4.0 -1.0 -4.0 -4.0 -4.0 -2.0 -1.0 -3.0 -3.0 -4.0 -4.0 -4.0 -2.0 -3.0 -4.0 -2.0 -2.0 0.0 0.0 0.0 -2.0 -1.0 -4.0 -3.0 0.0 0.0 -2.0 0.0 -3.0 -1.0 -2.0 0.0 -4.0 -3.0 0.0 -4.0 -4.0 -2.0 -1.0 -2.0 -2.0 -1.0 -2.0 -4.0 -4.0 0.0 0.0 -1.0 -4.0 -1.0 -4.0 -1.0 -2.0 -4.0 -1.0 -2.0 -2.0 -3.0 -2.0 0.0 -4.0 -2.0 -3.0 -4.0 -3.0 -4.0 -3.0 -1.0 -2.0 0.0 -4.0 0.0 -3.0 0.0 -2.0 -3.0 -4.0 -2.0 234.0 -2.0 0.0 -1.0 -4.0 -3.0 0.0 -4.0 0.0 0.0 -2.0 -1.0 -2.0 -1.0 -1.0 -1.0 0.0 -3.0 -3.0 0.0 0.0 -1.0 0.0 0.0 0.0 -4.0 -4.0 -4.0 -3.0 
-1.0 -4.0 -3.0 -2.0 0.0 -1.0 -1.0 -3.0 -2.0 0.0 -2.0 0.0 -1.0 -1.0 0.0 -3.0 -2.0 -1.0 -3.0 -1.0 -4.0 0.0 -3.0 -2.0 -2.0 -2.0 -2.0 0.0 0.0 0.0 -3.0 -3.0 -4.0 -1.0 -3.0 -2.0 -2.0 -4.0 -1.0 -3.0 -1.0 -4.0 -3.0 -1.0 -4.0 -1.0 -1.0 -3.0 -2.0 -3.0 -4.0 -4.0 -1.0 -2.0 -3.0 -3.0 -1.0 0.0 0.0 -1.0 -2.0 -1.0 0.0 -4.0 -4.0 -1.0 -3.0 -3.0 0.0 0.0 0.0 -4.0 0.0 -3.0 0.0 -2.0 -4.0 -4.0 0.0 -1.0 -3.0 -3.0 -4.0 -3.0 0.0 -3.0 -1.0 222.0 0.0 -1.0 -4.0 -3.0 -1.0 -2.0 -2.0 -1.0 -4.0 0.0 -4.0 -3.0 -3.0 -3.0 0.0 -3.0 0.0 -1.0 -1.0 -4.0 -1.0 0.0 -2.0 -4.0 -2.0 -2.0 -4.0 
-3.0 -4.0 -1.0 -2.0 -3.0 -1.0 -2.0 -2.0 -1.0 -2.0 -3.0 -1.0 -3.0 0.0 -4.0 -2.0 -3.0 -4.0 0.0 0.0 -1.0 0.0 0.0 -1.0 -2.0 -1.0 -2.0 -4.0 -3.0 -2.0 -1.0 -3.0 0.0 -4.0 -3.0 -3.0 -3.0 -4.0 0.0 -3.0 -4.0 0.0 -2.0 -1.0 -1.0 -3.0 -2.0 0.0 -4.0 -3.0 -3.0 -3.0 -4.0 -1.0 -3.0 -4.0 0.0 -2.0 0.0 -2.0 -3.0 0.0 0.0 -3.0 -4.0 -3.0 -1.0 -2.0 -1.0 -3.0 -4.0 -2.0 0.0 0.0 -1.0 -1.0 -3.0 -3.0 -1.0 -4.0 -2.0 -2.0 -2.0 0.0 -1.0 0.0 -4.0 0.0 234.0 -1.0 0.0 -3.0 0.0 -4.0 -4.0 -2.0 -4.0 -3.0 -1.0 -3.0 -1.0 -1.0 -3.0 -1.0 -1.0 -4.0 -3.0 -2.0 -3.0 -4.0 -2.0 -3.0 -3.0 -1.0 -4.0 
-3.0 -3.0 -4.0 -4.0 -1.0 0.0 -1.0 -4.0 -3.0 0.0 -3.0 -3.0 0.0 -3.0 -3.0 0.0 0.0 0.0 -1.0 -3.0 0.0 -4.0 0.0 -2.0 -3.0 0.0 0.0 -1.0 -3.0 -4.0 -4.0 -4.0 -2.0 -2.0 0.0 -2.0 -1.0 -3.0 -4.0 0.0 -2.0 -2.0 -1.0 -2.0 0.0 -2.0 -4.0 -4.0 -2.0 -4.0 -3.0 -3.0 -3.0 -3.0 -2.0 -1.0 -4.0 -4.0 -1.0 -4.0 -4.0 -1.0 0.0 0.0 -1.0 -2.0 -3.0 -4.0 0.0 0.0 -3.0 -1.0 -4.0 0.0 -1.0 0.0 -2.0 0.0 0.0 -4.0 -1.0 -3.0 -3.0 -3.0 -1.0 -3.0 -2.0 -4.0 -2.0 236.0 -4.0 -3.0 -4.0 -4.0 -2.0 0.0 -4.0 -1.0 0.0 -3.0 -1.0 -1.0 -3.0 -2.0 -3.0 0.0 -3.0 -2.0 -1.0 0.0 -4.0 -3.0 -3.0 -1.0 -3.0 
0.0 -1.0 -1.0 -1.0 -3.0 -1.0 -1.0 0.0 -2.0 -2.0 -3.0 -2.0 -4.0 -3.0 -3.0 -1.0 -1.0 -3.0 -3.0 0.0 -4.0 -3.0 -4.0 -1.0 -2.0 -3.0 -3.0 -1.0 -2.0 -4.0 -1.0 -1.0 0.0 0.0 -4.0 -2.0 -1.0 -3.0 -3.0 -1.0 -1.0 0.0 -4.0 -1.0 -4.0 -4.0 -4.0 -2.0 0.0 -3.0 -2.0 -1.0 -2.0 -2.0 0.0 -4.0 -2.0 -4.0 -3.0 -4.0 -4.0 -4.0 -1.0 -3.0 -3.0 -1.0 -1.0 -2.0 -2.0 -2.0 0.0 -2.0 -2.0 0.0 -4.0 0.0 -3.0 -4.0 -4.0 0.0 -4.0 -3.0 -3.0 -4.0 -4.0 -2.0 -4.0 -3.0 -3.0 -1.0 238.0 -1.0 -3.0 -3.0 -2.0 -3.0 -3.0 -2.0 -1.0 -4.0 0.0 0.0 -1.0 -1.0 -3.0 -1.0 0.0 -2.0 -3.0 -3.0 -2.0 -1.0 -1.0 0.0 0.0 
-3.0 0.0 -3.0 -4.0 -1.0 -4.0 0.0 -3.0 -3.0 -1.0 -2.0 -2.0 0.0 -1.0 -4.0 -3.0 -2.0 0.0 -2.0 -1.0 -3.0 -2.0 -2.0 -1.0 -4.0 -2.0 -1.0 -3.0 -4.0 0.0 0.0 0.0 -2.0 -2.0 0.0 -3.0 -4.0 -1.0 -3.0 -3.0 -1.0 -1.0 -1.0 -2.0 0.0 0.0 -1.0 -4.0 -3.0 -1.0 -4.0 0.0 -4.0 0.0 0.0 -4.0 -3.0 -4.0 -4.0 -3.0 -4.0 -2.0 -4.0 0.0 -1.0 0.0 -1.0 0.0 -1.0 -3.0 -3.0 -3.0 -1.0 -4.0 -4.0 -4.0 -1.0 0.0 -4.0 -3.0 -4.0 0.0 -2.0 0.0 -4.0 -4.0 -2.0 -1.0 -2.0 -4.0 -3.0 234.0 -4.0 -2.0 0.0 -1.0 -1.0 -1.0 -1.0 -2.0 -3.0 -4.0 -2.0 0.0 -2.0 -1.0 -3.0 -4.0 -3.0 0.0 -2.0 -3.0 -3.0 -1.0 -3.0 
-4.0 -2.0 -3.0 0.0 -4.0 0.0 -3.0 -4.0 -4.0 -1.0 -3.0 -1.0 -1.0 -2.0 0.0 -3.0 -4.0 -1.0 -2.0 0.0 -1.0 -2.0 -3.0 -3.0 0.0 0.0 0.0 -2.0 -1.0 -2.0 -1.0 0.0 -4.0 -1.0 -2.0 -2.0 -4.0 -1.0 -1.0 -3.0 -2.0 -2.0 0.0 -3.0 -1.0 -4.0 -1.0 -2.0 -4.0 0.0 0.0 -4.0 -2.0 0.0 -1.0 0.0 -2.0 -1.0 -1.0 -4.0 -2.0 -1.0 -3.0 -2.0 -2.0 -2.0 -2.0 0.0 0.0 -2.0 -2.0 -1.0 -4.0 -4.0 -1.0 -1.0 -4.0 -1.0 -3.0 -1.0 -4.0 -2.0 -2.0 0.0 -4.0 -2.0 -3.0 -2.0 -3.0 -3.0 -4.0 -1.0 217.0 -1.0 -4.0 -3.0 -2.0 0.0 -1.0 -2.0 -1.0 -1.0 -1.0 -4.0 -1.0 0.0 -4.0 -3.0 -3.0 -1.0 -3.0 -1.0 -1.0 -3.0 0.0 
-2.0 -2.0 -2.0 -1.0 -1.0 -4.0 -2.0 -3.0 -4.0 -2.0 -4.0 -4.0 -2.0 0.0 -1.0 -1.0 -2.0 -2.0 -4.0 -4.0 -4.0 -1.0 -3.0 -2.0 0.0 -4.0 -2.0 -1.0 -3.0 -3.0 -4.0 0.0 -3.0 -2.0 -1.0 0.0 -2.0 -3.0 -2.0 -3.0 -2.0 0.0 -4.0 -4.0 -3.0 -1.0 -2.0 -4.0 0.0 0.0 0.0 0.0 -1.0 -1.0 -4.0 -1.0 0.0 -4.0 -3.0 0.0 -4.0 -4.0 -4.0 -2.0 -1.0 -2.0 -2.0 -3.0 0.0 -1.0 -2.0 -1.0 -1.0 -4.0 -3.0 -1.0 -1.0 0.0 -2.0 -3.0 -3.0 -2.0 -3.0 -2.0 -1.0 -3.0 0.0 -2.0 0.0 -2.0 -3.0 -3.0 -3.0 220.0 0.0 -1.0 -3.0 0.0 -3.0 -4.0 -1.0 -1.0 -1.0 -1.0 -1.0 -2.0 -1.0 -1.0 -4.0 0.0 0.0 -2.0 0.0 -2.0 0.0 
-4.0 0.0 -2.0 -1.0 -1.0 -3.0 0.0 0.0 0.0 0.0 -4.0 -1.0 -3.0 -2.0 -4.0 -1.0 -4.0 -4.0 0.0 0.0 -4.0 -4.0 -1.0 0.0 -3.0 -1.0 0.0 -1.0 0.0 0.0 -4.0 -3.0 -3.0 -1.0 -3.0 -2.0 -2.0 -4.0 -4.0 -1.0 -4.0 -3.0 -4.0 -4.0 -3.0 -4.0 0.0 -3.0 -2.0 -4.0 -3.0 0.0 -4.0 -4.0 -4.0 -3.0 -3.0 -1.0 0.0 -4.0 -1.0 -2.0 -1.0 0.0 -2.0 -4.0 -3.0 -1.0 -3.0 -3.0 -4.0 -3.0 -4.0 -4.0 -1.0 -2.0 -1.0 -4.0 -3.0 -2.0 -3.0 -1.0 -1.0 -3.0 0.0 -2.0 -3.0 -2.0 0.0 -3.0 0.0 -3.0 0.0 0.0 241.0 0.0 -2.0 -2.0 -2.0 -1.0 0.0 -1.0 -2.0 -1.0 -2.0 -1.0 -3.0 -3.0 -4.0 -4.0 -2.0 -1.0 -4.0 -3.0 -2.0 
-1.0 -2.0 -1.0 -1.0 -2.0 -2.0 -2.0 -2.0 -3.0 -2.0 -3.0 0.0 -3.0 0.0 -1.0 -1.0 -1.0 -3.0 -2.0 0.0 0.0 -2.0 -1.0 -4.0 -2.0 -4.0 -1.0 -3.0 -2.0 -2.0 -2.0 0.0 -1.0 -3.0 -3.0 -1.0 -2.0 -1.0 -3.0 -1.0 0.0 0.0 -2.0 0.0 -1.0 -3.0 -1.0 -1.0 -3.0 0.0 0.0 -2.0 -2.0 -4.0 -1.0 -3.0 -4.0 -4.0 0.0 -2.0 -4.0 -3.0 -1.0 0.0 -1.0 -1.0 -4.0 -3.0 -3.0 -3.0 -3.0 -1.0 -4.0 0.0 -3.0 -3.0 -4.0 -2.0 -2.0 -3.0 0.0 -2.0 -1.0 -3.0 0.0 -4.0 -1.0 -2.0 -4.0 -1.0 -1.0 -1.0 -3.0 -1.0 0.0 216.0 0.0 -3.0 -4.0 0.0 -4.0 -1.0 -2.0 -3.0 -1.0 -4.0 -1.0 -2.0 -3.0 -4.0 0.0 -1.0 -2.0 -2.0 -4.0 
-2.0 0.0 -2.0 -3.0 -4.0 -1.0 -1.0 -3.0 -3.0 -1.0 -3.0 0.0 -2.0 -1.0 0.0 -3.0 -3.0 -1.0 -4.0 -1.0 -1.0 -1.0 -1.0 0.0 0.0 -2.0 -2.0 0.0 -4.0 -2.0 -3.0 0.0 -4.0 -2.0 -2.0 -3.0 -2.0 -3.0 -2.0 -2.0 0.0 -2.0 -4.0 -1.0 -3.0 0.0 -1.0 -1.0 -4.0 -1.0 -2.0 -2.0 -2.0 -2.0 -1.0 -3.0 -2.0 -3.0 -4.0 -1.0 -3.0 0.0 -1.0 -4.0 -1.0 -1.0 -2.0 -1.0 -1.0 -3.0 -2.0 -3.0 -2.0 -4.0 -2.0 0.0 -4.0 -2.0 -4.0 -2.0 -2.0 -1.0 -2.0 -2.0 -1.0 -2.0 0.0 -1.0 -3.0 -1.0 -2.0 -3.0 -3.0 -1.0 -2.0 -1.0 216.0 -2.0 -2.0 -4.0 0.0 -2.0 -4.0 -2.0 -1.0 -3.0 0.0 0.0 -1.0 -3.0 -3.0 -2.0 -1.0 -4.0 0.0 
-2.0 -2.0 -3.0 -1.0 -1.0 -3.0 -3.0 -3.0 -4.0 0.0 -1.0 -2.0 -1.0 -3.0 0.0 -4.0 0.0 -3.0 -3.0 -2.0 -4.0 -2.0 -4.0 -4.0 -1.0 -4.0 -2.0 0.0 0.0 -2.0 0.0 0.0 -1.0 -3.0 -4.0 -1.0 -2.0 -3.0 -1.0 -2.0 -1.0 -2.0 -2.0 -3.0 -1.0 0.0 0.0 -1.0 0.0 -1.0 -3.0 -2.0 -1.0 -3.0 -1.0 -1.0 0.0 -2.0 0.0 -1.0 -2.0 0.0 0.0 0.0 -1.0 -4.0 -1.0 -4.0 0.0 -4.0 -4.0 0.0 -1.0 0.0 -4.0 -2.0 -4.0 -3.0 -2.0 -4.0 0.0 -3.0 0.0 -3.0 0.0 -2.0 -3.0 -2.0 -1.0 -3.0 -2.0 -1.0 -1.0 -2.0 -3.0 -1.0 -1.0 215.0 -2.0 0.0 -4.0 -1.0 -4.0 0.0 -2.0 -4.0 -4.0 -3.0 -3.0 -3.0 -3.0 -4.0 -1.0 -2.0 -1.0 
-1.0 -1.0 -3.0 -4.0 -3.0 -1.0 -4.0 -2.0 0.0 -2.0 -1.0 0.0 -4.0 -1.0 0.0 -1.0 -4.0 0.0 -4.0 -1.0 -4.0 -2.0 -4.0 0.0 -1.0 -4.0 -2.0 0.0 -3.0 -1.0 -3.0 -1.0 -2.0 -3.0 -2.0 -2.0 -4.0 -4.0 -2.0 -1.0 0.0 -1.0 -4.0 -3.0 -2.0 -1.0 -4.0 -1.0 -2.0 -3.0 -4.0 -2.0 -2.0 -2.0 -2.0 -4.0 -3.0 -2.0 0.0 -4.0 -3.0 -4.0 0.0 0.0 -2.0 -3.0 -2.0 -2.0 -3.0 -2.0 -4.0 -4.0 -3.0 -2.0 -4.0 -1.0 0.0 -2.0 -3.0 -2.0 0.0 -4.0 0.0 -2.0 -3.0 0.0 -4.0 -4.0 -1.0 -2.0 0.0 -3.0 -4.0 -2.0 0.0 -4.0 -4.0 -3.0 244.0 -1.0 -4.0 -1.0 0.0 -4.0 -1.0 -1.0 -4.0 -3.0 0.0 -2.0 -2.0 -3.0 -2.0 -2.0 0.0 
-3.0 0.0 -4.0 -1.0 0.0 -1.0 -2.0 -3.0 -2.0 -4.0 -1.0 -3.0 0.0 -2.0 -2.0 -4.0 0.0 -4.0 -2.0 -4.0 -3.0 0.0 0.0 -2.0 0.0 -1.0 -2.0 -1.0 0.0 -4.0 -1.0 -4.0 -4.0 -2.0 -4.0 -3.0 -3.0 -4.0 0.0 -3.0 -1.0 -3.0 -2.0 -3.0 0.0 -4.0 0.0 -3.0 -2.0 -3.0 -1.0 -1.0 0.0 -4.0 -3.0 -3.0 -1.0 -3.0 -3.0 0.0 -4.0 -2.0 -1.0 -3.0 0.0 -1.0 -1.0 -3.0 0.0 -4.0 -3.0 -1.0 -4.0 0.0 -2.0 -2.0 -3.0 -1.0 -2.0 0.0 0.0 -3.0 -3.0 0.0 -2.0 -4.0 -1.0 -1.0 -3.0 -3.0 0.0 -2.0 -1.0 -1.0 -2.0 -4.0 0.0 0.0 0.0 216.0 -1.0 -3.0 -3.0 -1.0 -2.0 -1.0 -4.0 -1.0 0.0 -3.0 -1.0 0.0 -3.0 -3.0 0.0 
-3.0 -3.0 -3.0 -3.0 -2.0 -2.0 0.0 -2.0 -3.0 -3.0 0.0 -3.0 0.0 0.0 0.0 -1.0 0.0 0.0 -2.0 -2.0 -2.0 -4.0 -4.0 -3.0 -2.0 -4.0 -4.0 -1.0 -1.0 -3.0 0.0 -1.0 -3.0 0.0 -4.0 0.0 0.0 0.0 0.0 0.0 -1.0 -2.0 0.0 -2.0 -3.0 -2.0 0.0 0.0 0.0 -3.0 0.0 -3.0 -4.0 0.0 -3.0 -2.0 -4.0 -3.0 -3.0 -3.0 -2.0 -4.0 0.0 0.0 -2.0 0.0 -2.0 0.0 -2.0 -4.0 -4.0 -3.0 -2.0 -2.0 0.0 -3.0 -2.0 0.0 -4.0 -2.0 -2.0 -2.0 0.0 -4.0 -2.0 -4.0 -1.0 -3.0 -1.0 -2.0 -3.0 -4.0 -1.0 -2.0 -2.0 -1.0 -3.0 -1.0 0.0 -3.0 206.0 -2.0 -1.0 -1.0 -2.0 -3.0 -2.0 -3.0 -3.0 0.0 0.0 0.0 -1.0 -2.0 -1.0 
0.0 -4.0 -1.0 -3.0 -4.0 -4.0 -2.0 -1.0 -3.0 0.0 -2.0 -3.0 0.0 -1.0 -1.0 -4.0 -1.0 -3.0 -4.0 -3.0 -3.0 -2.0 -1.0 -1.0 -1.0 -4.0 -3.0 0.0 -2.0 -4.0 -3.0 -2.0 -3.0 0.0 0.0 -2.0 -1.0 -4.0 -3.0 -2.0 -2.0 -3.0 -4.0 -1.0 -1.0 -1.0 -3.0 -4.0 -4.0 0.0 -4.0 -2.0 0.0 -4.0 -4.0 -2.0 0.0 0.0 -4.0 -3.0 -2.0 0.0 0.0 -1.0 -2.0 0.0 -2.0 0.0 -3.0 -2.0 0.0 -2.0 -1.0 -2.0 0.0 -4.0 -3.0 0.0 -2.0 0.0 -4.0 0.0 -3.0 -1.0 -4.0 -4.0 -2.0 -3.0 -1.0 -2.0 -2.0 -4.0 -3.0 -4.0 -1.0 -4.0 -2.0 0.0 0.0 -4.0 -2.0 233.0 -4.0 -1.0 -4.0 0.0 -3.0 0.0 -4.0 -1.0 -2.0 -2.0 -1.0 0.0 -4.0 
-1.0 -2.0 -4.0 -4.0 -2.0 -1.0 -1.0 -1.0 -1.0 -1.0 -1.0 -3.0 0.0 -4.0 -2.0 -3.0 -2.0 0.0 0.0 -4.0 -1.0 0.0 -2.0 -3.0 -1.0 -2.0 -4.0 -1.0 -2.0 -1.0 -3.0 -3.0 -4.0 -4.0 -4.0 -3.0 0.0 0.0 0.0 -3.0 -4.0 -3.0 -3.0 -4.0 -2.0 -4.0 0.0 0.0 -4.0 -4.0 -1.0 -4.0 -4.0 -4.0 0.0 -3.0 -2.0 -4.0 -1.0 -4.0 -4.0 -1.0 -3.0 -2.0 -1.0 -2.0 -4.0 -3.0 0.0 -4.0 0.0 -1.0 -4.0 -3.0 -2.0 0.0 -1.0 0.0 -4.0 -4.0 -3.0 -1.0 0.0 -4.0 -3.0 -4.0 -1.0 -2.0 -3.0 -1.0 -1.0 0.0 -3.0 -3.0 -3.0 -1.0 -2.0 -4.0 -4.0 -4.0 -2.0 -4.0 258.0 -4.0 -1.0 -2.0 -4.0 -2.0 -1.0 -1.0 -4.0 -3.0 -4.0 -2.0 -1.0 
-3.0 -3.0 -1.0 -3.0 -4.0 -4.0 -3.0 -2.0 -1.0 -2.0 -3.0 0.0 0.0 -2.0 -4.0 -1.0 -4.0 -4.0 -2.0 0.0 -2.0 -1.0 0.0 -3.0 -2.0 -3.0 -3.0 -1.0 -2.0 -4.0 -4.0 0.0 -1.0 -4.0 -4.0 -3.0 -1.0 -2.0 -1.0 0.0 0.0 -1.0 -3.0 -3.0 -1.0 -2.0 -1.0 -3.0 0.0 -4.0 -1.0 -4.0 -3.0 -4.0 -2.0 0.0 0.0 -4.0 -1.0 -2.0 -2.0 -4.0 -1.0 -3.0 -2.0 -4.0 -3.0 -1.0 -2.0 -3.0 -2.0 -1.0 -4.0 -2.0 -4.0 0.0 -2.0 -1.0 -3.0 -4.0 0.0 -4.0 -1.0 -1.0 -4.0 -4.0 -4.0 -1.0 0.0 -4.0 0.0 0.0 -1.0 -1.0 -2.0 -2.0 -1.0 -4.0 0.0 -4.0 -4.0 -1.0 -1.0 237.0 -1.0 -3.0 -4.0 0.0 -3.0 -1.0 -1.0 -4.0 0.0 -2.0 0.0 
-2.0 -4.0 -3.0 -4.0 -3.0 -1.0 -3.0 0.0 -4.0 -2.0 -2.0 -3.0 -1.0 0.0 -2.0 -4.0 -2.0 -3.0 -2.0 -2.0 -1.0 -3.0 -2.0 -3.0 -2.0 -4.0 0.0 -1.0 -3.0 -3.0 -3.0 -2.0 -3.0 -2.0 -3.0 -3.0 -1.0 -3.0 0.0 -3.0 0.0 0.0 -2.0 -2.0 0.0 -4.0 0.0 -1.0 0.0 -1.0 0.0 0.0 -2.0 -3.0 0.0 -3.0 -4.0 -2.0 0.0 0.0 -1.0 0.0 -4.0 -3.0 -1.0 -4.0 -3.0 0.0 -4.0 -4.0 -3.0 -1.0 -3.0 -2.0 -1.0 -2.0 -1.0 -4.0 -3.0 -2.0 0.0 -2.0 -2.0 0.0 -4.0 -1.0 -1.0 -1.0 0.0 -2.0 -4.0 -1.0 -1.0 0.0 0.0 -3.0 -4.0 -1.0 -2.0 -4.0 -3.0 -1.0 -1.0 -4.0 220.0 -1.0 0.0 -4.0 0.0 0.0 -4.0 -4.0 -1.0 -2.0 0.0 
0.0 -4.0 -4.0 -2.0 -4.0 0.0 -4.0 -1.0 -1.0 -4.0 0.0 0.0 -1.0 0.0 0.0 -3.0 0.0 0.0 -3.0 -1.0 -3.0 0.0 0.0 -3.0 -1.0 -2.0 -2.0 -3.0 -2.0 -2.0 -2.0 -4.0 -3.0 0.0 -1.0 -1.0 -4.0 -4.0 -4.0 -3.0 -2.0 -4.0 -1.0 -2.0 -1.0 0.0 -4.0 0.0 -3.0 -1.0 -3.0 -3.0 -2.0 -2.0 -4.0 -4.0 -3.0 -4.0 -4.0 -4.0 -2.0 -1.0 -4.0 -2.0 -1.0 -4.0 0.0 -2.0 0.0 -1.0 -1.0 -3.0 0.0 -3.0 -3.0 -3.0 -3.0 -3.0 -1.0 -3.0 -4.0 -2.0 0.0 -2.0 -2.0 -4.0 -2.0 -3.0 -1.0 -1.0 0.0 -4.0 -3.0 -4.0 -4.0 -2.0 -3.0 -3.0 -2.0 0.0 0.0 0.0 -3.0 -1.0 -1.0 231.0 -1.0 -3.0 -1.0 0.0 -1.0 -1.0 -4.0 -1.0 -1.0 
-1.0 0.0 0.0 -3.0 -3.0 0.0 -2.0 0.0 -4.0 -2.0 0.0 0.0 -3.0 0.0 -4.0 -4.0 0.0 -3.0 -3.0 -1.0 -3.0 -4.0 -1.0 -3.0 0.0 -1.0 0.0 -4.0 0.0 -2.0 -2.0 0.0 -2.0 -1.0 -3.0 0.0 0.0 -3.0 -2.0 -2.0 -3.0 -4.0 -4.0 -4.0 -2.0 -4.0 -2.0 -1.0 -1.0 -3.0 -2.0 -1.0 -2.0 -1.0 -3.0 -4.0 -3.0 -4.0 0.0 -3.0 -1.0 -1.0 -2.0 -4.0 -3.0 -4.0 0.0 -4.0 -1.0 -1.0 -2.0 -4.0 -4.0 -4.0 -4.0 -2.0 -3.0 -3.0 0.0 0.0 -4.0 -4.0 -3.0 -3.0 -4.0 0.0 0.0 -1.0 -1.0 -4.0 -1.0 -1.0 0.0 -3.0 0.0 -2.0 -4.0 -3.0 -3.0 -1.0 -2.0 -4.0 -1.0 0.0 -1.0 0.0 234.0 -1.0 -3.0 -3.0 -1.0 0.0 -4.0 -4.0 -4.0 
-3.0 -1.0 -3.0 0.0 -1.0 -1.0 -3.0 -2.0 -3.0 0.0 -3.0 -2.0 0.0 -2.0 -2.0 -4.0 -3.0 -4.0 -4.0 -1.0 -4.0 -4.0 -1.0 0.0 -1.0 -3.0 0.0 -4.0 -4.0 -4.0 -2.0 -2.0 -1.0 -1.0 -4.0 -4.0 -3.0 -3.0 -4.0 -4.0 -4.0 -1.0 0.0 -3.0 -2.0 0.0 -4.0 0.0 -4.0 -3.0 -4.0 0.0 -4.0 0.0 -2.0 -3.0 -1.0 -4.0 -1.0 0.0 0.0 -4.0 0.0 0.0 0.0 -3.0 -2.0 0.0 -3.0 -4.0 -3.0 -3.0 0.0 -2.0 0.0 0.0 0.0 -3.0 0.0 -3.0 -4.0 -3.0 -2.0 -1.0 -1.0 -3.0 0.0 -2.0 -3.0 -3.0 0.0 -3.0 -2.0 0.0 -2.0 -2.0 0.0 0.0 -4.0 0.0 -1.0 -1.0 -1.0 0.0 -4.0 -4.0 -3.0 223.0 -2.0 -2.0 -1.0 -3.0 0.0 -1.0 0.0 
-1.0 -3.0 -3.0 -1.0 0.0 -1.0 -2.0 -1.0 0.0 0.0 -2.0 -1.0 -2.0 -4.0 -3.0 0.0 -1.0 0.0 -1.0 -2.0 -2.0 0.0 -2.0 -3.0 0.0 0.0 -1.0 -3.0 0.0 -3.0 -1.0 -2.0 -3.0 -4.0 0.0 0.0 -1.0 -4.0 -4.0 -2.0 0.0 0.0 -3.0 -2.0 -3.0 -3.0 -2.0 0.0 -4.0 -4.0 -2.0 -3.0 -3.0 0.0 -3.0 -3.0 0.0 0.0 -3.0 -4.0 0.0 -1.0 -4.0 -2.0 0.0 -3.0 0.0 -3.0 -2.0 -4.0 -3.0 -3.0 -2.0 -2.0 -4.0 -3.0 0.0 -3.0 -1.0 -2.0 0.0 -3.0 -4.0 0.0 -3.0 -3.0 -4.0 -3.0 -1.0 -4.0 -1.0 0.0 -1.0 -2.0 0.0 -3.0 -1.0 -3.0 0.0 -3.0 0.0 -3.0 -4.0 -2.0 -2.0 -2.0 -4.0 -2.0 213.0 0.0 -3.0 -3.0 -2.0 0.0 0.0 
-4.0 -3.0 -1.0 -3.0 -4.0 -4.0 -3.0 -3.0 -4.0 -3.0 -3.0 -2.0 -2.0 0.0 -1.0 -2.0 -2.0 -1.0 0.0 0.0 -1.0 -3.0 0.0 -4.0 -4.0 -2.0 -1.0 0.0 0.0 -3.0 0.0 0.0 0.0 -3.0 0.0 -4.0 -2.0 -4.0 -4.0 -1.0 -1.0 -2.0 -2.0 -3.0 0.0 -4.0 -3.0 -1.0 -4.0 -2.0 -1.0 -1.0 -2.0 -4.0 -4.0 0.0 -1.0 0.0 -1.0 -3.0 -3.0 -4.0 -3.0 0.0 0.0 -1.0 0.0 -2.0 -2.0 -2.0 -3.0 -4.0 -1.0 0.0 -2.0 0.0 -3.0 -1.0 -4.0 -4.0 -1.0 -4.0 0.0 0.0 -2.0 -3.0 -4.0 0.0 -2.0 0.0 -2.0 -4.0 -1.0 0.0 -4.0 0.0 -4.0 -3.0 0.0 -2.0 -1.0 -2.0 -1.0 -1.0 -3.0 -4.0 -4.0 -2.0 -3.0 228.0 0.0 -3.0 -1.0 -4.0 -4.0 
-2.0 -1.0 -3.0 0.0 0.0 0.0 -4.0 0.0 0.0 -4.0 -1.0 -3.0 -1.0 -4.0 -3.0 -3.0 0.0 0.0 -2.0 -3.0 -1.0 -2.0 -3.0 -4.0 -2.0 -2.0 -1.0 -3.0 -1.0 -2.0 -2.0 -3.0 -4.0 -1.0 -2.0 -4.0 -3.0 -4.0 -3.0 0.0 -4.0 0.0 -3.0 -3.0 -2.0 -2.0 -2.0 -2.0 0.0 -4.0 -1.0 -1.0 -4.0 0.0 -4.0 -2.0 0.0 -2.0 -1.0 -1.0 -1.0 -4.0 0.0 -4.0 -4.0 -4.0 0.0 -3.0 -1.0 -4.0 0.0 -1.0 -2.0 -1.0 -3.0 -4.0 0.0 -2.0 -4.0 0.0 -1.0 0.0 -2.0 0.0 -3.0 -2.0 -2.0 -3.0 -3.0 -2.0 -3.0 -2.0 -3.0 -4.0 -3.0 -1.0 -2.0 0.0 -2.0 -1.0 -1.0 -3.0 0.0 -4.0 0.0 -4.0 -3.0 -4.0 0.0 -1.0 227.0 -1.0 0.0 -2.0 -4.0 
-3.0 -1.0 -4.0 0.0 -4.0 -1.0 -1.0 -3.0 -3.0 -3.0 0.0 -1.0 0.0 -2.0 0.0 -1.0 -2.0 -3.0 -4.0 -3.0 -4.0 -2.0 -3.0 -2.0 -4.0 0.0 -1.0 -1.0 -2.0 -4.0 -3.0 -3.0 0.0 -2.0 -4.0 -3.0 -1.0 -2.0 0.0 0.0 -4.0 -2.0 -1.0 0.0 0.0 -4.0 -1.0 -3.0 -2.0 -2.0 -4.0 -4.0 0.0 -2.0 -4.0 0.0 -4.0 -1.0 -2.0 -2.0 -2.0 0.0 0.0 0.0 -3.0 0.0 -4.0 0.0 -3.0 -2.0 -3.0 -2.0 -3.0 -2.0 -1.0 0.0 0.0 -4.0 -3.0 -2.0 -1.0 -2.0 -2.0 -1.0 -3.0 -2.0 -2.0 -4.0 -4.0 0.0 -2.0 -3.0 -1.0 -1.0 -4.0 0.0 -1.0 -1.0 -3.0 -2.0 -1.0 -3.0 0.0 -1.0 -2.0 -4.0 -4.0 -1.0 0.0 -3.0 -1.0 223.0 -3.0 -4.0 -1.0 
-3.0 0.0 -3.0 -1.0 -3.0 -3.0 -3.0 -1.0 -3.0 -4.0 -3.0 0.0 -4.0 0.0 -2.0 0.0 -4.0 -1.0 -4.0 -2.0 -4.0 -4.0 -4.0 -3.0 0.0 0.0 -3.0 0.0 -4.0 -1.0 -2.0 -1.0 0.0 -4.0 -3.0 -3.0 -3.0 0.0 -1.0 -2.0 0.0 -1.0 -1.0 -1.0 -1.0 0.0 -3.0 0.0 -4.0 0.0 -2.0 0.0 -1.0 -1.0 0.0 -1.0 0.0 -4.0 -3.0 -2.0 -4.0 -4.0 0.0 -1.0 -1.0 -4.0 -1.0 -2.0 -4.0 -4.0 -4.0 -1.0 -4.0 -2.0 -2.0 -1.0 -4.0 0.0 -4.0 0.0 -4.0 -2.0 -1.0 -1.0 0.0 -1.0 -3.0 -3.0 -1.0 -2.0 -3.0 -3.0 -3.0 -3.0 0.0 -2.0 -1.0 -3.0 -1.0 -2.0 -2.0 -3.0 -1.0 -4.0 -3.0 0.0 -3.0 -4.0 0.0 0.0 0.0 -3.0 225.0 -2.0 -3.0 
0.0 0.0 -1.0 -2.0 -3.0 -1.0 -4.0 -3.0 -2.0 0.0 -3.0 -1.0 -4.0 0.0 -3.0 -3.0 0.0 0.0 -1.0 0.0 -4.0 -1.0 -3.0 0.0 -2.0 -4.0 -2.0 -3.0 0.0 0.0 -1.0 -1.0 -2.0 -1.0 -2.0 -3.0 -1.0 -2.0 -1.0 -3.0 -1.0 -2.0 -1.0 -2.0 -3.0 -1.0 -2.0 -4.0 -4.0 -1.0 -1.0 -2.0 0.0 0.0 -4.0 -2.0 -2.0 0.0 0.0 -1.0 -3.0 0.0 -3.0 -2.0 -2.0 -3.0 0.0 -4.0 -1.0 -2.0 -2.0 -1.0 0.0 -3.0 -3.0 -3.0 0.0 -4.0 -2.0 -2.0 -2.0 -3.0 -3.0 -1.0 -1.0 0.0 0.0 -1.0 -3.0 -4.0 -3.0 -2.0 -1.0 0.0 -1.0 0.0 -4.0 -4.0 0.0 -4.0 -3.0 -3.0 -3.0 -4.0 -1.0 -3.0 0.0 -2.0 -4.0 -2.0 0.0 -4.0 0.0 210.0 -4.0 
-2.0 0.0 -1.0 -3.0 -4.0 -2.0 0.0 -1.0 0.0 -1.0 -2.0 -3.0 -3.0 -2.0 -4.0 -3.0 -3.0 -3.0 0.0 0.0 -2.0 -1.0 0.0 -2.0 -1.0 -3.0 0.0 -2.0 0.0 -2.0 -3.0 -3.0 -2.0 -2.0 0.0 -1.0 0.0 -2.0 -2.0 -1.0 -1.0 0.0 -2.0 -4.0 -2.0 0.0 -3.0 -2.0 -1.0 -2.0 -1.0 -1.0 -1.0 -2.0 0.0 -1.0 -3.0 0.0 -1.0 -1.0 -3.0 -4.0 -4.0 -2.0 -1.0 -4.0 -4.0 -4.0 -3.0 -2.0 -3.0 -4.0 -3.0 0.0 -2.0 0.0 -2.0 -1.0 -2.0 -1.0 0.0 0.0 -2.0 -2.0 0.0 -1.0 -3.0 -1.0 -3.0 -3.0 -1.0 -4.0 -3.0 -2.0 -4.0 -2.0 -1.0 -3.0 -2.0 -4.0 -1.0 -3.0 -1.0 -2.0 -3.0 -1.0 0.0 0.0 -3.0 -3.0 -3.0 -3.0 -3.0 0.0 210.0 

-13644.0 -13047.0 -14244.0 -13424.0 -12777.0 -11060.0 -11954.0 -10797.0 -10872.0 -10407.0 -10718.0 -10249.0 -10328.0 -8436.0 -10617.0 -9477.0 -10425.0 -8224.0 -8578.0 -8447.0 -8759.0 -6767.0 -9234.0 -7342.0 -8015.0 -7028.0 -6831.0 -6575.0 -6686.0 -6116.0 -7178.0 -6238.0 -4085.0 -5921.0 -5337.0 -4588.0 -4474.0 -4798.0 -3960.0 -5848.0 -4930.0 -3713.0 -3126.0 -2999.0 -1987.0 -2934.0 -2987.0 -1650.0 -2843.0 -1908.0 -1372.0 -2067.0 -973.0 -300.0 393.0 559.0 805.0 -308.0 1386.0 683.0 237.0 193.0 833.0 1493.0 1454.0 1456.0 2312.0 2763.0 2315.0 2556.0 2994.0 2196.0 3797.0 4143.0 3811.0 4093.0 4157.0 3741.0 5526.0 4738.0 6469.0 5855.0 4592.0 5997.0 7264.0 7122.0 7719.0 6294.0 7017.0 7464.0 7930.0 7688.0 7586.0 9078.0 8867.0 7648.0 8377.0 8426.0 9981.0 9724.0 8926.0 10515.0 11069.0 11473.0 11045.0 11182.0 10985.0 12225.0 10293.0 12021.0 12091.0 12248.0 12601.0 11188.0 11508.0 