7.0 -2.0 -3.0 -3.0 -1.0 -2.0 -1.0 -3.0 0.0 0.0 -1.0 0.0 -3.0 -1.0 -1.0 
-2.0 18.0 -3.0 -1.0 -1.0 -1.0 -2.0 0.0 -2.0 -2.0 0.0 -2.0 0.0 0.0 -2.0 
0.0 -1.0 13.0 0.0 -2.0 -3.0 -3.0 0.0 -1.0 0.0 -1.0 -1.0 0.0 -1.0 0.0 
0.0 -2.0 -1.0 19.0 -3.0 -1.0 -1.0 -3.0 0.0 -1.0 0.0 -2.0 -2.0 0.0 -3.0 
-2.0 -1.0 -2.0 -2.0 23.0 -3.0 -1.0 0.0 -3.0 0.0 -1.0 -2.0 -2.0 -1.0 -3.0 
-3.0 -3.0 -2.0 -2.0 0.0 26.0 -3.0 0.0 -2.0 -2.0 0.0 -3.0 -1.0 -3.0 -2.0 
-3.0 -1.0 -3.0 0.0 0.0 -1.0 21.0 -2.0 -3.0 -2.0 0.0 -2.0 -2.0 0.0 -2.0 
-1.0 -3.0 -2.0 -3.0 -3.0 0.0 -2.0 25.0 -3.0 -3.0 -3.0 0.0 0.0 0.0 -2.0 
-1.0 -1.0 -2.0 0.0 0.0 -1.0 0.0 -3.0 17.0 -2.0 0.0 -1.0 -3.0 -1.0 -2.0 
-2.0 -1.0 0.0 -1.0 -2.0 -1.0 -1.0 -3.0 -1.0 20.0 -3.0 -2.0 -2.0 -1.0 0.0 
-2.0 -2.0 0.0 0.0 -2.0 -1.0 -3.0 -1.0 -2.0 -1.0 19.0 -1.0 -2.0 0.0 -2.0 
0.0 -2.0 -2.0 -1.0 -1.0 -1.0 -2.0 0.0 0.0 -1.0 -2.0 17.0 -1.0 -2.0 -2.0 
-3.0 -1.0 -2.0 -2.0 -2.0 -1.0 -3.0 -3.0 -1.0 0.0 -2.0 -1.0 21.0 0.0 0.0 
0.0 0.0 -1.0 -2.0 -3.0 -1.0 -2.0 -1.0 -1.0 -3.0 -2.0 -2.0 -3.0 24.0 -3.0 
-3.0 -1.0 -1.0 -3.0 -3.0 -3.0 -3.0 -3.0 -1.0 0.0 -1.0 -1.0 0.0 0.0 23.0 

-145.0 -96.0 -58.0 -88.0 -75.0 -47.0 -16.0 26.0 -1.0 39.0 62.0 62.0 150.0 113.0 215.0 