37.0 -2.0 -3.0 -1.0 -1.0 0.0 -3.0 -1.0 0.0 -2.0 -2.0 0.0 -3.0 -2.0 -3.0 -3.0 -2.0 -3.0 -1.0 0.0 -3.0 -3.0 -3.0 -1.0 0.0 -1.0 -3.0 0.0 -2.0 -2.0 -2.0 -3.0 0.0 0.0 -1.0 -2.0 0.0 0.0 -3.0 -3.0 -1.0 -1.0 0.0 -2.0 0.0 -1.0 -3.0 -1.0 -1.0 -3.0 -3.0 -3.0 -2.0 -2.0 -1.0 0.0 0.0 -3.0 -2.0 -1.0 -3.0 -1.0 -1.0 -2.0 0.0 
-1.0 100.0 -3.0 0.0 -2.0 -3.0 0.0 -3.0 -3.0 -2.0 0.0 -1.0 -2.0 -3.0 -3.0 0.0 -1.0 0.0 -2.0 0.0 -2.0 -3.0 -1.0 -1.0 -2.0 -2.0 0.0 0.0 -1.0 -1.0 0.0 -2.0 -2.0 -2.0 0.0 -2.0 -2.0 -1.0 -2.0 -3.0 -1.0 -2.0 0.0 -1.0 -2.0 -2.0 0.0 -2.0 0.0 -2.0 -2.0 -1.0 -3.0 -2.0 -3.0 -3.0 -2.0 0.0 -1.0 -3.0 -3.0 -1.0 -3.0 -2.0 -1.0 
-2.0 -2.0 89.0 -1.0 0.0 0.0 -2.0 -3.0 0.0 -3.0 -3.0 -1.0 0.0 -2.0 -2.0 -2.0 -2.0 0.0 -3.0 -2.0 -2.0 -2.0 0.0 -2.0 -2.0 -3.0 -2.0 -1.0 0.0 -3.0 -1.0 -1.0 -1.0 0.0 -2.0 0.0 0.0 0.0 -2.0 -1.0 -2.0 -3.0 -1.0 0.0 -3.0 0.0 -1.0 -1.0 -1.0 -2.0 -2.0 -1.0 -1.0 -1.0 -2.0 0.0 -1.0 -2.0 -3.0 -1.0 -2.0 -1.0 0.0 -1.0 -2.0 
0.0 0.0 -2.0 88.0 0.0 -3.0 -2.0 0.0 -1.0 -3.0 -2.0 -1.0 0.0 -3.0 -3.0 0.0 -2.0 0.0 0.0 -2.0 -1.0 -3.0 -3.0 0.0 -1.0 -1.0 -3.0 -2.0 -3.0 -1.0 -1.0 0.0 -1.0 0.0 -1.0 -2.0 -1.0 -1.0 -2.0 -1.0 -1.0 -3.0 0.0 -1.0 -1.0 0.0 0.0 -3.0 -2.0 -2.0 0.0 -1.0 -3.0 -2.0 -2.0 -2.0 -1.0 -3.0 -2.0 0.0 -3.0 -1.0 -1.0 -2.0 0.0 
-2.0 -2.0 -2.0 -2.0 88.0 -1.0 -3.0 -2.0 -3.0 -3.0 -2.0 -3.0 0.0 0.0 -2.0 -2.0 -3.0 -1.0 -3.0 -2.0 0.0 -1.0 -1.0 -1.0 -3.0 -1.0 -1.0 0.0 -1.0 -1.0 0.0 -3.0 -2.0 0.0 0.0 0.0 -2.0 -1.0 -3.0 -2.0 0.0 0.0 0.0 -2.0 0.0 -1.0 -3.0 0.0 -1.0 -2.0 0.0 -2.0 -3.0 -1.0 -1.0 -1.0 0.0 0.0 -3.0 0.0 -2.0 -2.0 0.0 -1.0 -2.0 
-1.0 -3.0 0.0 -1.0 -3.0 88.0 -2.0 -3.0 -3.0 -1.0 -2.0 0.0 -3.0 -1.0 -3.0 -1.0 -1.0 -2.0 -2.0 0.0 -2.0 -1.0 -2.0 -2.0 0.0 0.0 -2.0 -1.0 -2.0 0.0 -2.0 -1.0 -2.0 -2.0 -3.0 -1.0 -1.0 -3.0 -3.0 0.0 -1.0 -2.0 -2.0 0.0 -1.0 -3.0 -1.0 -3.0 -1.0 0.0 -1.0 -1.0 0.0 -1.0 -1.0 0.0 -1.0 0.0 0.0 0.0 -1.0 -3.0 0.0 -1.0 -2.0 
-3.0 -2.0 -2.0 -1.0 -3.0 -2.0 96.0 -2.0 -1.0 -3.0 -3.0 -2.0 -1.0 -2.0 -1.0 0.0 -2.0 -2.0 -2.0 -2.0 -3.0 -2.0 -3.0 0.0 -1.0 0.0 0.0 -1.0 0.0 -3.0 -3.0 -3.0 -3.0 0.0 -1.0 -1.0 -3.0 -1.0 0.0 0.0 -1.0 0.0 -1.0 0.0 -1.0 -3.0 -1.0 -2.0 -3.0 -3.0 -3.0 0.0 -2.0 0.0 -1.0 -2.0 -1.0 0.0 0.0 -1.0 -3.0 0.0 -2.0 -1.0 -1.0 
-2.0 0.0 -1.0 -2.0 -1.0 -1.0 -2.0 110.0 -1.0 -2.0 -1.0 0.0 -3.0 -2.0 -2.0 -2.0 -3.0 -2.0 0.0 -3.0 -2.0 0.0 -3.0 -2.0 0.0 -1.0 -2.0 -3.0 -1.0 -1.0 0.0 -1.0 -3.0 -1.0 -1.0 -3.0 -3.0 -1.0 -2.0 -3.0 -1.0 -3.0 -3.0 -3.0 -3.0 -1.0 -1.0 -3.0 -2.0 0.0 -3.0 -3.0 -2.0 -2.0 -2.0 -1.0 0.0 -2.0 -2.0 -2.0 -1.0 -2.0 -3.0 0.0 -2.0 
-2.0 -1.0 0.0 0.0 -3.0 -2.0 0.0 -2.0 101.0 -2.0 0.0 0.0 -3.0 -3.0 -3.0 -3.0 0.0 -3.0 -2.0 -1.0 0.0 -2.0 0.0 -2.0 -2.0 -2.0 -3.0 -1.0 -3.0 -2.0 -1.0 -3.0 0.0 0.0 -1.0 -1.0 0.0 -3.0 -3.0 -3.0 0.0 -1.0 -2.0 0.0 -2.0 -1.0 -1.0 -3.0 -2.0 -1.0 -2.0 -3.0 -2.0 -2.0 -3.0 -2.0 -3.0 0.0 0.0 -3.0 -3.0 0.0 0.0 -2.0 -1.0 
0.0 -1.0 -1.0 0.0 -1.0 -3.0 -1.0 -2.0 -1.0 72.0 -2.0 -1.0 -1.0 0.0 0.0 -3.0 0.0 0.0 0.0 0.0 0.0 -2.0 -2.0 -1.0 -1.0 -2.0 -2.0 -1.0 -1.0 0.0 0.0 -1.0 -2.0 -3.0 0.0 -2.0 -3.0 -1.0 -3.0 -1.0 -2.0 -1.0 0.0 -1.0 0.0 -1.0 -1.0 -3.0 -3.0 0.0 0.0 -1.0 -1.0 0.0 0.0 -3.0 0.0 -2.0 -2.0 0.0 -2.0 -2.0 -1.0 0.0 -1.0 
-3.0 -2.0 0.0 -3.0 -3.0 -2.0 0.0 -3.0 -2.0 0.0 93.0 0.0 -1.0 -1.0 -3.0 -3.0 -3.0 0.0 0.0 -1.0 -1.0 0.0 -2.0 -2.0 -2.0 -2.0 0.0 -3.0 -1.0 -1.0 0.0 -2.0 -2.0 -2.0 -2.0 -3.0 -1.0 -2.0 -3.0 -1.0 0.0 0.0 -1.0 0.0 -2.0 -2.0 -2.0 -3.0 0.0 -1.0 -1.0 -1.0 0.0 -2.0 0.0 -3.0 -2.0 -3.0 -2.0 -3.0 0.0 0.0 -1.0 -2.0 0.0 
-3.0 -2.0 -2.0 -3.0 -1.0 -3.0 -3.0 -3.0 -3.0 -3.0 -1.0 112.0 -2.0 -1.0 -1.0 -3.0 -1.0 0.0 -3.0 -3.0 -3.0 0.0 -1.0 -1.0 -1.0 0.0 -2.0 -2.0 -1.0 -1.0 -3.0 -3.0 -2.0 -2.0 0.0 -2.0 -3.0 -1.0 -3.0 -2.0 -3.0 -3.0 -2.0 -3.0 -3.0 -2.0 -2.0 -3.0 -1.0 0.0 -2.0 -3.0 -1.0 -1.0 -1.0 0.0 0.0 -2.0 -1.0 -2.0 0.0 0.0 -2.0 -1.0 0.0 
-3.0 -3.0 0.0 -3.0 -3.0 -2.0 0.0 -3.0 -1.0 0.0 -1.0 0.0 103.0 -3.0 -2.0 -1.0 -2.0 -3.0 -3.0 -1.0 -2.0 -3.0 -2.0 -1.0 0.0 -1.0 -2.0 -2.0 0.0 -1.0 -2.0 -2.0 -3.0 0.0 -1.0 -1.0 -1.0 -2.0 -1.0 -2.0 0.0 -3.0 0.0 0.0 -3.0 -1.0 0.0 -1.0 -1.0 -3.0 -1.0 -3.0 -3.0 -1.0 -1.0 -3.0 -1.0 -2.0 -1.0 0.0 -3.0 -2.0 -3.0 -3.0 -1.0 
-3.0 -3.0 0.0 -2.0 -2.0 -2.0 0.0 -1.0 -3.0 -1.0 -2.0 -1.0 -3.0 115.0 -1.0 -3.0 -2.0 0.0 -2.0 -1.0 -2.0 -3.0 -1.0 -1.0 -2.0 -2.0 0.0 -2.0 -2.0 -2.0 -2.0 0.0 -1.0 -1.0 -1.0 -3.0 -1.0 -1.0 -3.0 -1.0 -3.0 -3.0 -2.0 -3.0 -3.0 -1.0 -2.0 -2.0 -2.0 -3.0 0.0 -3.0 -2.0 -3.0 -1.0 -3.0 -3.0 0.0 -2.0 -2.0 -1.0 -1.0 -3.0 -2.0 -2.0 
-2.0 -1.0 -3.0 -3.0 -3.0 -3.0 -1.0 -2.0 -3.0 0.0 -1.0 -1.0 -1.0 0.0 96.0 -2.0 -1.0 -3.0 -3.0 -1.0 0.0 -2.0 -2.0 0.0 0.0 -3.0 0.0 -3.0 -3.0 -3.0 -3.0 0.0 0.0 0.0 -1.0 -3.0 0.0 -1.0 -2.0 0.0 -2.0 -2.0 -1.0 0.0 -3.0 -1.0 -2.0 0.0 -3.0 -1.0 0.0 -2.0 -1.0 -1.0 -3.0 0.0 -1.0 -2.0 -2.0 -1.0 -1.0 -3.0 -3.0 0.0 -1.0 
-3.0 0.0 -1.0 -1.0 -1.0 -3.0 -1.0 -1.0 -1.0 -1.0 -1.0 -2.0 -1.0 -3.0 -1.0 100.0 -1.0 0.0 -3.0 -2.0 0.0 -2.0 -1.0 -1.0 -2.0 -2.0 0.0 -2.0 -2.0 -2.0 -1.0 -2.0 -1.0 -2.0 -3.0 -1.0 -1.0 0.0 -2.0 -1.0 -3.0 0.0 -3.0 -3.0 -1.0 -1.0 -1.0 -2.0 -2.0 -2.0 -1.0 -3.0 -1.0 0.0 0.0 -2.0 -2.0 -3.0 -3.0 0.0 -3.0 -1.0 -2.0 -3.0 -3.0 
-1.0 -3.0 0.0 -1.0 -1.0 0.0 -1.0 -3.0 -3.0 -3.0 -1.0 -2.0 -3.0 -1.0 0.0 -3.0 98.0 0.0 -1.0 0.0 0.0 -2.0 -1.0 -3.0 -3.0 -2.0 -3.0 -1.0 -3.0 -1.0 -1.0 -3.0 0.0 0.0 -1.0 -1.0 -2.0 -1.0 0.0 -2.0 -3.0 -2.0 -2.0 -2.0 -1.0 -3.0 -3.0 -1.0 0.0 -2.0 -1.0 -3.0 -3.0 0.0 -2.0 0.0 -1.0 -2.0 -1.0 0.0 -3.0 -1.0 -2.0 -1.0 -2.0 
-2.0 0.0 -1.0 -3.0 0.0 -2.0 -1.0 -3.0 0.0 -3.0 0.0 -3.0 -2.0 -2.0 -1.0 -1.0 0.0 93.0 -3.0 -2.0 -2.0 0.0 0.0 -3.0 -1.0 -2.0 0.0 0.0 -3.0 -3.0 -1.0 -3.0 -2.0 0.0 -2.0 -2.0 0.0 -1.0 -3.0 -2.0 -2.0 -3.0 -2.0 0.0 -2.0 -1.0 -2.0 -3.0 0.0 0.0 0.0 0.0 -1.0 0.0 -2.0 -2.0 -3.0 -2.0 -1.0 -1.0 -1.0 -2.0 0.0 -2.0 -2.0 
-1.0 -1.0 -2.0 -2.0 0.0 -2.0 -2.0 0.0 0.0 0.0 -3.0 -2.0 -3.0 -2.0 -3.0 -3.0 0.0 0.0 90.0 -2.0 0.0 -1.0 -3.0 0.0 -1.0 -2.0 -1.0 0.0 -2.0 0.0 -2.0 -2.0 -1.0 0.0 0.0 -2.0 -3.0 0.0 0.0 -3.0 -1.0 0.0 -1.0 -1.0 -2.0 -3.0 -1.0 -3.0 -3.0 -2.0 0.0 0.0 -1.0 0.0 -3.0 0.0 -3.0 -2.0 -1.0 -2.0 -3.0 -2.0 -1.0 -3.0 -1.0 
-2.0 -2.0 -2.0 -2.0 -2.0 -1.0 -2.0 -3.0 -2.0 -3.0 -1.0 -1.0 -3.0 -2.0 -3.0 -2.0 -3.0 0.0 -3.0 96.0 -3.0 0.0 -2.0 -3.0 -1.0 -2.0 0.0 0.0 0.0 -1.0 -1.0 0.0 0.0 0.0 0.0 -1.0 -2.0 0.0 -1.0 0.0 -1.0 -2.0 -1.0 0.0 -1.0 0.0 -3.0 -3.0 -3.0 -2.0 -1.0 -2.0 -1.0 -3.0 -3.0 -1.0 -2.0 0.0 0.0 -2.0 -3.0 -3.0 -1.0 -1.0 -1.0 
-3.0 -2.0 -1.0 -1.0 -1.0 -3.0 -3.0 0.0 -1.0 -1.0 -2.0 0.0 -3.0 0.0 0.0 -2.0 -2.0 0.0 -1.0 0.0 92.0 -1.0 -2.0 0.0 -3.0 -1.0 0.0 -3.0 -2.0 -1.0 -1.0 0.0 0.0 -2.0 -3.0 -1.0 -2.0 0.0 -3.0 -3.0 -2.0 -1.0 -1.0 -2.0 -1.0 -3.0 0.0 -3.0 0.0 -2.0 -2.0 -3.0 0.0 -1.0 -2.0 -3.0 0.0 -2.0 -1.0 -2.0 0.0 -1.0 -1.0 -2.0 -3.0 
-2.0 -1.0 -1.0 -1.0 -2.0 0.0 0.0 -1.0 0.0 -1.0 -1.0 -1.0 -1.0 -2.0 0.0 -2.0 0.0 -3.0 -2.0 0.0 -3.0 91.0 0.0 -1.0 -1.0 0.0 -3.0 0.0 -1.0 0.0 -2.0 -1.0 -3.0 -2.0 -2.0 -3.0 -2.0 -2.0 -2.0 0.0 0.0 0.0 0.0 -1.0 -2.0 -2.0 -1.0 -3.0 -1.0 -1.0 -2.0 -2.0 -3.0 -1.0 -3.0 -1.0 -3.0 -2.0 -3.0 -2.0 0.0 -3.0 0.0 -3.0 -3.0 
-1.0 0.0 -2.0 -2.0 -1.0 -1.0 -2.0 0.0 0.0 -2.0 -3.0 -3.0 0.0 -2.0 -3.0 -3.0 -1.0 -2.0 -3.0 -3.0 0.0 -1.0 103.0 -2.0 -1.0 0.0 -3.0 -2.0 0.0 0.0 -3.0 0.0 -2.0 -3.0 -1.0 0.0 -2.0 0.0 -1.0 -3.0 0.0 -1.0 -1.0 0.0 -3.0 -3.0 -2.0 -2.0 -2.0 -3.0 -2.0 -3.0 -1.0 0.0 -3.0 0.0 -2.0 -2.0 0.0 -3.0 -2.0 -1.0 -3.0 -3.0 -3.0 
0.0 -2.0 -2.0 -3.0 -3.0 0.0 -3.0 -3.0 -1.0 -2.0 -2.0 -2.0 -2.0 -2.0 -1.0 -2.0 0.0 -2.0 -1.0 -1.0 -1.0 -1.0 -3.0 94.0 -3.0 -2.0 -3.0 0.0 -1.0 -2.0 -2.0 -1.0 -3.0 -1.0 0.0 0.0 -3.0 -1.0 -1.0 -1.0 -3.0 -2.0 0.0 -1.0 0.0 0.0 -3.0 -3.0 -1.0 -1.0 0.0 -2.0 0.0 -1.0 -1.0 -2.0 -1.0 -1.0 -2.0 -2.0 -1.0 0.0 -2.0 0.0 -2.0 
-3.0 -3.0 -2.0 -3.0 -3.0 -3.0 -3.0 -3.0 -2.0 0.0 0.0 -1.0 -3.0 0.0 -1.0 -1.0 0.0 -1.0 -3.0 -1.0 -1.0 -1.0 -3.0 -1.0 105.0 -2.0 -3.0 -1.0 -2.0 0.0 -1.0 0.0 -2.0 -1.0 -1.0 0.0 0.0 -3.0 0.0 -2.0 -2.0 -3.0 -1.0 -2.0 -1.0 -1.0 -1.0 -3.0 -3.0 0.0 -3.0 -3.0 0.0 -3.0 -2.0 -1.0 -1.0 -1.0 0.0 -3.0 -3.0 -3.0 -1.0 -1.0 -3.0 
0.0 -2.0 -3.0 -2.0 0.0 -2.0 -1.0 -2.0 -2.0 0.0 -3.0 0.0 -2.0 -3.0 -2.0 0.0 0.0 -3.0 -2.0 -3.0 -3.0 -2.0 -1.0 -1.0 -2.0 108.0 -2.0 -2.0 -2.0 -3.0 0.0 -3.0 -1.0 -2.0 0.0 -3.0 0.0 0.0 0.0 -3.0 -1.0 -3.0 -3.0 -3.0 -1.0 -2.0 -1.0 -3.0 -1.0 -2.0 -2.0 -1.0 -3.0 -1.0 0.0 -2.0 -3.0 -3.0 -1.0 -3.0 -1.0 -3.0 0.0 -3.0 0.0 
-3.0 -2.0 -1.0 0.0 0.0 -2.0 0.0 -2.0 -2.0 -1.0 -1.0 -3.0 -2.0 -1.0 -3.0 -3.0 0.0 -1.0 -3.0 0.0 -3.0 0.0 -1.0 -3.0 -3.0 -2.0 95.0 -2.0 -1.0 -2.0 0.0 -1.0 -1.0 -3.0 0.0 0.0 -3.0 0.0 -3.0 0.0 -1.0 -3.0 -3.0 -1.0 0.0 -3.0 -1.0 0.0 -2.0 -2.0 0.0 -1.0 -1.0 -1.0 -3.0 -3.0 -1.0 -3.0 -1.0 -2.0 0.0 -1.0 -1.0 -2.0 -1.0 
0.0 -3.0 -1.0 -3.0 -3.0 0.0 -3.0 -2.0 0.0 0.0 -3.0 -1.0 -3.0 -2.0 -3.0 0.0 -1.0 -3.0 0.0 -2.0 -1.0 -3.0 -2.0 -3.0 -2.0 -3.0 -2.0 110.0 -3.0 0.0 0.0 -2.0 -1.0 0.0 -1.0 0.0 0.0 -2.0 -2.0 -2.0 -2.0 -2.0 0.0 -3.0 -2.0 -2.0 -3.0 0.0 -2.0 -3.0 -2.0 -1.0 -1.0 -2.0 -3.0 -3.0 -3.0 -3.0 0.0 -3.0 -2.0 -3.0 -1.0 -1.0 -1.0 
-3.0 0.0 -1.0 -3.0 -1.0 -3.0 -3.0 -2.0 -2.0 -3.0 -2.0 -2.0 -1.0 -3.0 -2.0 -3.0 0.0 -3.0 -3.0 -3.0 -2.0 -2.0 -1.0 -3.0 -3.0 0.0 -1.0 -2.0 113.0 -2.0 0.0 0.0 -2.0 -2.0 -3.0 0.0 -3.0 -2.0 0.0 -3.0 -1.0 -1.0 0.0 -3.0 -3.0 -3.0 0.0 0.0 -3.0 0.0 -1.0 -1.0 -3.0 0.0 -1.0 -2.0 -2.0 -3.0 -2.0 -3.0 0.0 -2.0 -3.0 -2.0 0.0 
0.0 0.0 -3.0 0.0 -1.0 -2.0 -3.0 -3.0 -2.0 0.0 -1.0 -3.0 -3.0 -1.0 -1.0 -3.0 -1.0 -3.0 0.0 -2.0 -2.0 -1.0 -1.0 -2.0 -1.0 0.0 -2.0 -3.0 0.0 103.0 -1.0 0.0 -3.0 0.0 -3.0 -2.0 -3.0 -1.0 -1.0 -3.0 -3.0 -3.0 0.0 -3.0 -3.0 -2.0 -3.0 0.0 -3.0 -3.0 0.0 -3.0 -2.0 0.0 -3.0 0.0 -1.0 -3.0 -1.0 0.0 -2.0 -3.0 -1.0 0.0 0.0 
-1.0 -1.0 -3.0 -3.0 0.0 -1.0 -2.0 -1.0 -1.0 0.0 0.0 -1.0 -3.0 -1.0 -3.0 -1.0 -2.0 0.0 -2.0 -3.0 -2.0 -1.0 -3.0 -3.0 0.0 -2.0 -1.0 -3.0 0.0 -1.0 86.0 0.0 0.0 -3.0 -2.0 -3.0 -3.0 -1.0 0.0 -1.0 0.0 -1.0 -3.0 -3.0 -1.0 0.0 -1.0 -2.0 -1.0 0.0 -1.0 0.0 -2.0 -1.0 0.0 -3.0 -1.0 -1.0 0.0 -2.0 -1.0 -1.0 -1.0 -1.0 -1.0 
-2.0 -3.0 -2.0 -3.0 -1.0 0.0 -2.0 -2.0 -1.0 -3.0 0.0 -2.0 -3.0 -3.0 -1.0 0.0 0.0 -2.0 0.0 -1.0 0.0 0.0 -2.0 0.0 0.0 -1.0 -1.0 0.0 -3.0 0.0 -3.0 99.0 -3.0 0.0 -3.0 -2.0 0.0 -1.0 -2.0 -3.0 -1.0 -3.0 -2.0 -2.0 -3.0 0.0 -3.0 -1.0 -3.0 0.0 -2.0 -3.0 -1.0 -1.0 0.0 -1.0 -1.0 -3.0 -2.0 -1.0 -3.0 -1.0 -3.0 -1.0 -3.0 
-1.0 -2.0 -3.0 0.0 -2.0 -3.0 -2.0 -3.0 -1.0 -1.0 0.0 -1.0 -2.0 -2.0 -1.0 0.0 -2.0 -1.0 0.0 -3.0 -3.0 -1.0 -2.0 -2.0 -3.0 0.0 -3.0 -3.0 -1.0 -3.0 -2.0 -3.0 100.0 0.0 -1.0 0.0 0.0 -1.0 0.0 -3.0 -3.0 -1.0 -3.0 -3.0 0.0 -3.0 -3.0 -1.0 -1.0 -2.0 -1.0 -2.0 -2.0 -1.0 -3.0 -3.0 0.0 -2.0 0.0 -2.0 0.0 0.0 -2.0 0.0 -1.0 
-3.0 -1.0 -3.0 0.0 0.0 -3.0 -1.0 -3.0 0.0 0.0 -3.0 -1.0 0.0 -2.0 -3.0 -3.0 0.0 -1.0 -2.0 0.0 -1.0 -3.0 0.0 -3.0 0.0 -2.0 -1.0 -3.0 -3.0 0.0 -3.0 -1.0 -1.0 91.0 -1.0 0.0 -3.0 -1.0 0.0 -2.0 0.0 -3.0 0.0 -3.0 -3.0 0.0 -3.0 -3.0 0.0 -2.0 -1.0 -3.0 0.0 -1.0 -2.0 -1.0 -1.0 -1.0 -1.0 0.0 -2.0 -3.0 -1.0 0.0 0.0 
0.0 -1.0 -3.0 -3.0 -3.0 0.0 -1.0 -1.0 0.0 -3.0 -2.0 -3.0 -1.0 -2.0 0.0 -2.0 -1.0 -2.0 -2.0 -3.0 -2.0 -1.0 -3.0 -1.0 -1.0 -3.0 -3.0 -3.0 -1.0 0.0 -1.0 0.0 -3.0 -2.0 98.0 0.0 -2.0 -1.0 -2.0 -2.0 0.0 -1.0 -1.0 0.0 -3.0 -3.0 -3.0 -2.0 0.0 0.0 -2.0 -2.0 -1.0 -1.0 -1.0 0.0 -3.0 0.0 -3.0 -1.0 0.0 -3.0 -2.0 -1.0 -1.0 
-2.0 0.0 -1.0 -2.0 0.0 -3.0 -3.0 -2.0 -2.0 -2.0 -2.0 -1.0 0.0 -2.0 -1.0 -1.0 -2.0 -2.0 -1.0 -3.0 -1.0 0.0 0.0 0.0 -3.0 -2.0 -3.0 -1.0 -1.0 -3.0 0.0 -1.0 -2.0 0.0 -3.0 81.0 0.0 -1.0 0.0 -1.0 -1.0 -2.0 0.0 0.0 -2.0 0.0 -2.0 0.0 -1.0 -1.0 0.0 -1.0 -2.0 -2.0 0.0 -1.0 -1.0 0.0 -1.0 -3.0 0.0 -2.0 0.0 -3.0 -2.0 
-1.0 0.0 -2.0 -3.0 -3.0 0.0 -2.0 -3.0 -3.0 -2.0 -3.0 -2.0 -1.0 0.0 -2.0 -1.0 -3.0 -1.0 0.0 -3.0 -1.0 -2.0 -3.0 -3.0 0.0 -1.0 -3.0 -1.0 -3.0 -2.0 0.0 -3.0 -3.0 -2.0 -2.0 -1.0 98.0 -3.0 0.0 0.0 -2.0 -1.0 -2.0 -1.0 0.0 -3.0 0.0 -1.0 -2.0 -2.0 0.0 -3.0 0.0 -3.0 -3.0 0.0 0.0 0.0 0.0 -1.0 -1.0 -3.0 0.0 0.0 -2.0 
-2.0 0.0 -1.0 0.0 -3.0 -1.0 -2.0 -3.0 -2.0 -2.0 0.0 -3.0 -1.0 0.0 -2.0 -2.0 -3.0 -3.0 0.0 -2.0 -2.0 0.0 -1.0 -2.0 -1.0 -1.0 -1.0 -1.0 -3.0 -2.0 -3.0 0.0 0.0 -1.0 0.0 -2.0 -1.0 84.0 0.0 0.0 -2.0 -2.0 -1.0 -1.0 -2.0 -1.0 -2.0 -3.0 0.0 0.0 0.0 -2.0 -2.0 -1.0 -3.0 -3.0 0.0 0.0 -2.0 0.0 0.0 0.0 -2.0 0.0 -2.0 
0.0 -3.0 -2.0 -3.0 0.0 0.0 -3.0 -2.0 0.0 -1.0 -1.0 -3.0 0.0 -2.0 0.0 -3.0 -2.0 -3.0 -2.0 -2.0 0.0 -2.0 -2.0 -1.0 -3.0 -1.0 -3.0 0.0 0.0 -3.0 -1.0 -3.0 -2.0 -1.0 -2.0 -1.0 -3.0 -1.0 105.0 -2.0 -3.0 -2.0 -2.0 -1.0 0.0 -3.0 -2.0 -2.0 -3.0 0.0 -3.0 -1.0 -3.0 -1.0 0.0 -2.0 -1.0 -1.0 -2.0 -2.0 -3.0 -2.0 -2.0 -1.0 0.0 
-3.0 0.0 -2.0 -2.0 -2.0 -3.0 0.0 -3.0 -3.0 0.0 -3.0 -1.0 -3.0 -3.0 -2.0 -1.0 -3.0 -1.0 -2.0 -2.0 -3.0 -1.0 -3.0 -2.0 0.0 0.0 -3.0 -2.0 0.0 -3.0 0.0 0.0 0.0 0.0 -3.0 -1.0 -2.0 -3.0 -1.0 100.0 -1.0 -2.0 -2.0 -2.0 -3.0 0.0 -1.0 0.0 -1.0 -3.0 -1.0 0.0 -2.0 0.0 -2.0 0.0 0.0 -3.0 -1.0 -3.0 -3.0 0.0 -3.0 -1.0 0.0 
-3.0 -3.0 -1.0 -3.0 0.0 -3.0 -2.0 -2.0 0.0 -2.0 0.0 -3.0 -2.0 0.0 -2.0 -2.0 0.0 0.0 0.0 -1.0 -3.0 -2.0 -3.0 -1.0 -2.0 -3.0 -2.0 0.0 -1.0 0.0 -3.0 -2.0 -1.0 -3.0 -1.0 0.0 -1.0 -1.0 -1.0 -2.0 102.0 -2.0 -3.0 -3.0 -1.0 -3.0 0.0 -2.0 0.0 -2.0 -1.0 -3.0 -2.0 -3.0 -2.0 -1.0 -1.0 -1.0 0.0 -3.0 -2.0 -2.0 0.0 -2.0 -2.0 
-2.0 -2.0 0.0 -2.0 -2.0 -3.0 0.0 -3.0 -3.0 0.0 -2.0 -2.0 -2.0 -3.0 -2.0 -2.0 -1.0 -3.0 -3.0 -3.0 -3.0 -3.0 0.0 0.0 -2.0 -3.0 -3.0 -1.0 -2.0 -3.0 -1.0 -3.0 -2.0 -2.0 -3.0 -1.0 -3.0 -2.0 -1.0 -2.0 0.0 122.0 0.0 -3.0 -3.0 0.0 -2.0 -3.0 0.0 -3.0 -2.0 0.0 0.0 -2.0 -3.0 0.0 -3.0 -3.0 -2.0 -2.0 -3.0 -1.0 -3.0 -1.0 -3.0 
-1.0 0.0 -2.0 -2.0 -2.0 -1.0 -1.0 0.0 0.0 -3.0 -1.0 -2.0 0.0 -1.0 -3.0 -3.0 0.0 -1.0 -1.0 -1.0 0.0 -3.0 -3.0 -3.0 0.0 -1.0 -3.0 -2.0 -1.0 -1.0 -3.0 0.0 -2.0 -3.0 0.0 0.0 -3.0 0.0 0.0 -2.0 -3.0 0.0 83.0 -3.0 0.0 0.0 -1.0 -2.0 -3.0 0.0 -3.0 -1.0 0.0 0.0 -2.0 0.0 -2.0 0.0 -2.0 -1.0 -3.0 0.0 -2.0 0.0 0.0 
-2.0 -3.0 -2.0 -3.0 0.0 -1.0 0.0 -2.0 -1.0 -1.0 -2.0 -1.0 0.0 0.0 -2.0 -3.0 0.0 -3.0 -3.0 0.0 -1.0 -2.0 -3.0 -3.0 0.0 0.0 -2.0 -1.0 -1.0 -2.0 -3.0 -3.0 -3.0 -1.0 -2.0 -2.0 -3.0 -2.0 -1.0 -3.0 0.0 -1.0 -2.0 94.0 -2.0 0.0 -1.0 -2.0 -3.0 -1.0 -3.0 -2.0 0.0 -3.0 0.0 -1.0 0.0 -2.0 0.0 0.0 0.0 -2.0 -1.0 0.0 -1.0 
0.0 0.0 -3.0 -1.0 -3.0 -2.0 -2.0 -3.0 -3.0 -3.0 -2.0 0.0 0.0 -2.0 0.0 -1.0 -1.0 -2.0 0.0 -1.0 -2.0 0.0 -3.0 -1.0 -1.0 -3.0 -3.0 -1.0 0.0 -1.0 0.0 -3.0 0.0 -1.0 -2.0 0.0 -3.0 -3.0 -2.0 -2.0 -2.0 -1.0 -3.0 -1.0 95.0 -3.0 -2.0 -3.0 0.0 0.0 0.0 0.0 -2.0 -1.0 -2.0 -1.0 0.0 -3.0 -2.0 -3.0 -2.0 -1.0 -2.0 0.0 -1.0 
-3.0 0.0 0.0 0.0 0.0 -3.0 -3.0 -2.0 -2.0 -3.0 0.0 0.0 -2.0 0.0 -2.0 -2.0 -3.0 -1.0 -1.0 0.0 -1.0 -1.0 -3.0 -2.0 0.0 -2.0 0.0 -1.0 -2.0 -2.0 0.0 -3.0 -3.0 0.0 0.0 0.0 0.0 -3.0 -3.0 0.0 -3.0 -1.0 0.0 -1.0 -3.0 88.0 -2.0 0.0 -1.0 0.0 -2.0 -1.0 -2.0 0.0 -1.0 -2.0 -1.0 -2.0 -3.0 -2.0 0.0 -2.0 0.0 -3.0 -3.0 
-3.0 0.0 -3.0 -2.0 -2.0 -1.0 -3.0 0.0 -3.0 -3.0 -1.0 -2.0 0.0 0.0 -3.0 -2.0 0.0 0.0 -3.0 0.0 0.0 -2.0 -1.0 0.0 -1.0 0.0 0.0 -1.0 -3.0 -3.0 -2.0 -1.0 -2.0 0.0 0.0 -3.0 -2.0 -2.0 -1.0 -2.0 0.0 -1.0 0.0 -1.0 -2.0 -1.0 84.0 -2.0 -3.0 -1.0 0.0 -1.0 0.0 0.0 0.0 -3.0 0.0 -2.0 0.0 -3.0 -1.0 -1.0 -2.0 -3.0 0.0 
-3.0 -1.0 -2.0 -3.0 0.0 -3.0 0.0 -2.0 0.0 -2.0 0.0 -3.0 -2.0 -3.0 -2.0 0.0 -1.0 -1.0 0.0 0.0 -3.0 -1.0 0.0 -3.0 -3.0 -1.0 -2.0 -1.0 -2.0 -2.0 0.0 -3.0 -1.0 0.0 -1.0 -1.0 -2.0 -2.0 -3.0 -3.0 -1.0 -1.0 -3.0 0.0 -1.0 -3.0 -2.0 100.0 -2.0 -1.0 -2.0 -1.0 -2.0 -2.0 -1.0 -1.0 -3.0 0.0 0.0 -3.0 -3.0 -1.0 -1.0 -3.0 -1.0 
0.0 -1.0 0.0 0.0 0.0 0.0 0.0 -2.0 -3.0 -2.0 -2.0 0.0 -1.0 0.0 -3.0 0.0 0.0 -3.0 -3.0 0.0 -2.0 -2.0 -2.0 -2.0 -2.0 -2.0 -2.0 -2.0 -2.0 0.0 0.0 -2.0 -2.0 -3.0 -2.0 -3.0 -2.0 0.0 0.0 -2.0 0.0 -2.0 -3.0 -1.0 0.0 -1.0 -1.0 0.0 86.0 -2.0 -1.0 -1.0 0.0 -2.0 0.0 0.0 -3.0 -1.0 -2.0 -1.0 -3.0 0.0 -3.0 -2.0 -3.0 
0.0 -1.0 -1.0 -1.0 -2.0 0.0 -3.0 -2.0 -3.0 0.0 -2.0 -1.0 -2.0 -2.0 -1.0 -3.0 0.0 -1.0 0.0 -3.0 -2.0 -3.0 -2.0 -3.0 0.0 -1.0 0.0 -3.0 -1.0 -3.0 -1.0 -2.0 -3.0 -1.0 0.0 -3.0 0.0 0.0 -3.0 -1.0 0.0 0.0 0.0 0.0 -2.0 -3.0 -3.0 -3.0 -2.0 103.0 -2.0 -3.0 -2.0 -3.0 0.0 -1.0 -1.0 -2.0 -2.0 -3.0 -1.0 -3.0 -3.0 -2.0 -2.0 
0.0 -3.0 -1.0 -1.0 0.0 -1.0 0.0 -2.0 -3.0 -3.0 0.0 -2.0 -2.0 -1.0 0.0 -1.0 0.0 -3.0 -3.0 0.0 -1.0 0.0 -2.0 -1.0 -2.0 0.0 -2.0 -2.0 -2.0 -1.0 0.0 -1.0 -1.0 -2.0 -2.0 -1.0 0.0 -2.0 -2.0 0.0 -2.0 -2.0 0.0 -3.0 -2.0 -1.0 -2.0 -3.0 0.0 -2.0 94.0 0.0 -2.0 -3.0 -2.0 0.0 -2.0 -3.0 -1.0 -2.0 -2.0 -2.0 -2.0 -3.0 -3.0 
-1.0 -1.0 -2.0 -1.0 -3.0 -3.0 0.0 -1.0 -1.0 -3.0 -1.0 0.0 -1.0 -3.0 -3.0 -2.0 -3.0 -1.0 -3.0 -3.0 -2.0 -2.0 0.0 -2.0 -1.0 -1.0 -2.0 -2.0 -1.0 0.0 0.0 -2.0 -2.0 -3.0 0.0 -3.0 -3.0 -3.0 -2.0 -1.0 0.0 -1.0 -3.0 -1.0 -2.0 -1.0 -3.0 -2.0 -3.0 -2.0 0.0 109.0 -3.0 -2.0 0.0 0.0 -3.0 -1.0 -3.0 -3.0 0.0 -2.0 -2.0 -3.0 -1.0 
0.0 -1.0 0.0 -2.0 -3.0 -3.0 -2.0 -3.0 -1.0 -2.0 0.0 -2.0 -3.0 0.0 -1.0 -2.0 -1.0 -2.0 -3.0 -3.0 0.0 -2.0 -1.0 0.0 -3.0 0.0 -3.0 -2.0 -2.0 -1.0 -2.0 -2.0 0.0 -3.0 -3.0 -1.0 -1.0 0.0 -1.0 -1.0 0.0 -1.0 -1.0 -2.0 0.0 -1.0 -3.0 -1.0 -1.0 -2.0 -1.0 0.0 94.0 -2.0 -2.0 0.0 0.0 -2.0 0.0 0.0 -1.0 -3.0 -3.0 -3.0 -3.0 
-1.0 -2.0 -3.0 0.0 -1.0 -1.0 -3.0 -3.0 -3.0 0.0 0.0 0.0 -1.0 0.0 0.0 -1.0 -2.0 -2.0 -2.0 -2.0 -2.0 -3.0 -1.0 -3.0 -2.0 -3.0 0.0 -1.0 -1.0 -3.0 -1.0 -3.0 -2.0 -3.0 0.0 -3.0 -2.0 -3.0 -1.0 0.0 -2.0 -3.0 -2.0 -1.0 -1.0 -2.0 -3.0 -1.0 -1.0 -2.0 -3.0 -3.0 -2.0 106.0 -2.0 -3.0 0.0 0.0 -3.0 0.0 -1.0 -1.0 -3.0 -2.0 -1.0 
0.0 -2.0 -2.0 -1.0 -2.0 0.0 -3.0 0.0 -2.0 -1.0 -3.0 -3.0 -3.0 -1.0 -1.0 -2.0 -2.0 -3.0 0.0 0.0 -2.0 0.0 -2.0 -3.0 -2.0 -1.0 0.0 0.0 -2.0 -3.0 0.0 -3.0 -1.0 -1.0 -3.0 0.0 -1.0 0.0 0.0 0.0 -1.0 -3.0 -3.0 -1.0 -2.0 0.0 -2.0 -1.0 -2.0 -2.0 0.0 -2.0 -1.0 -1.0 86.0 -1.0 -2.0 0.0 -3.0 -1.0 0.0 -2.0 -1.0 0.0 0.0 
-1.0 0.0 -2.0 -2.0 -3.0 0.0 0.0 -2.0 -1.0 -3.0 0.0 0.0 -3.0 -2.0 0.0 -1.0 -2.0 -3.0 0.0 -3.0 -1.0 -2.0 -3.0 0.0 -1.0 -2.0 -3.0 -2.0 -3.0 -3.0 -1.0 -2.0 0.0 -1.0 -1.0 -2.0 -2.0 -3.0 -1.0 -1.0 -3.0 -3.0 -2.0 -3.0 -3.0 -3.0 -3.0 -1.0 0.0 -3.0 -1.0 -2.0 -1.0 -3.0 0.0 107.0 -2.0 -2.0 -2.0 -1.0 -2.0 -2.0 0.0 -3.0 0.0 
0.0 -2.0 0.0 -1.0 -1.0 0.0 -2.0 -1.0 0.0 0.0 -2.0 -2.0 -2.0 -2.0 -3.0 -2.0 -2.0 0.0 -3.0 -3.0 -3.0 0.0 -1.0 0.0 0.0 -2.0 0.0 0.0 0.0 0.0 -3.0 -1.0 0.0 0.0 -2.0 0.0 0.0 -1.0 -1.0 -1.0 -2.0 0.0 -1.0 -1.0 0.0 -3.0 -1.0 0.0 0.0 0.0 -1.0 -2.0 -3.0 -2.0 -1.0 0.0 68.0 -2.0 0.0 -1.0 0.0 -1.0 0.0 -2.0 -2.0 
-3.0 0.0 -3.0 -2.0 -1.0 0.0 -1.0 -1.0 -2.0 -3.0 0.0 -2.0 0.0 -3.0 0.0 -2.0 -2.0 -1.0 -2.0 -2.0 0.0 -2.0 -1.0 -3.0 -2.0 0.0 -1.0 0.0 -2.0 -3.0 -1.0 -2.0 -2.0 -3.0 -1.0 -1.0 -2.0 -2.0 -1.0 -2.0 0.0 0.0 -1.0 -3.0 -1.0 -2.0 -3.0 -2.0 0.0 0.0 -1.0 -3.0 -3.0 -1.0 -1.0 -2.0 -2.0 99.0 -1.0 -2.0 0.0 -2.0 -3.0 -2.0 -3.0 
-3.0 -2.0 -3.0 -3.0 0.0 0.0 -3.0 -2.0 0.0 -1.0 -3.0 -1.0 -2.0 0.0 -2.0 -3.0 -1.0 -1.0 0.0 -2.0 -1.0 -3.0 0.0 -2.0 -2.0 -3.0 -1.0 0.0 -3.0 -2.0 -3.0 -1.0 -3.0 -3.0 0.0 -2.0 -2.0 -2.0 -3.0 -3.0 0.0 -3.0 -3.0 -2.0 -3.0 -1.0 -1.0 0.0 -3.0 -3.0 0.0 -2.0 0.0 -1.0 -2.0 -3.0 -2.0 -1.0 109.0 -1.0 -1.0 -1.0 -2.0 0.0 -3.0 
-3.0 0.0 -3.0 0.0 0.0 -1.0 -2.0 -2.0 0.0 -3.0 0.0 -1.0 -1.0 -1.0 -2.0 -1.0 -2.0 -1.0 -2.0 0.0 -3.0 -2.0 -2.0 0.0 -1.0 -1.0 0.0 -1.0 -1.0 -1.0 -3.0 -2.0 -1.0 -3.0 -1.0 -2.0 -1.0 -3.0 -3.0 -2.0 -1.0 -1.0 -2.0 -1.0 -1.0 -2.0 -3.0 -3.0 -1.0 0.0 -1.0 -3.0 -1.0 0.0 -2.0 -2.0 -3.0 0.0 -3.0 97.0 -2.0 0.0 -3.0 -3.0 -1.0 
-1.0 0.0 0.0 0.0 0.0 -2.0 0.0 -1.0 -2.0 -2.0 -3.0 -2.0 0.0 -2.0 0.0 -3.0 -3.0 -3.0 -2.0 -2.0 -3.0 0.0 0.0 -1.0 -2.0 0.0 -1.0 -3.0 -3.0 -3.0 0.0 -1.0 -1.0 0.0 -3.0 0.0 -1.0 -1.0 -3.0 -1.0 -3.0 -2.0 -1.0 -3.0 -1.0 -2.0 -2.0 -2.0 -1.0 -2.0 -3.0 -2.0 -2.0 -2.0 -2.0 -3.0 -1.0 -3.0 -1.0 -3.0 99.0 -1.0 0.0 0.0 -2.0 
-3.0 0.0 -1.0 -1.0 -2.0 0.0 -1.0 -3.0 -1.0 0.0 -1.0 -3.0 -1.0 -1.0 -1.0 -2.0 -3.0 -1.0 0.0 -3.0 0.0 0.0 -1.0 -1.0 -2.0 -1.0 -2.0 -3.0 0.0 -2.0 -3.0 -2.0 -2.0 -3.0 -1.0 -1.0 -3.0 -2.0 -2.0 0.0 -2.0 -3.0 0.0 -3.0 0.0 0.0 -1.0 -3.0 -1.0 0.0 -2.0 -1.0 -3.0 -2.0 -3.0 -2.0 0.0 -2.0 -1.0 -3.0 -1.0 98.0 -2.0 -2.0 -2.0 
-2.0 -1.0 0.0 -3.0 0.0 -1.0 -2.0 -1.0 -3.0 -1.0 0.0 -2.0 -1.0 -1.0 -1.0 -2.0 -2.0 -2.0 -3.0 -1.0 0.0 -3.0 -1.0 -2.0 -1.0 -1.0 -2.0 -2.0 0.0 -3.0 -3.0 -2.0 -3.0 -1.0 0.0 -2.0 -2.0 -1.0 -3.0 0.0 -2.0 -3.0 -1.0 -3.0 -2.0 -1.0 -1.0 -3.0 -2.0 -3.0 -1.0 0.0 -3.0 -3.0 -1.0 -1.0 -1.0 -2.0 -1.0 -1.0 0.0 -3.0 104.0 -2.0 -3.0 
0.0 -2.0 -3.0 0.0 0.0 0.0 -3.0 -3.0 0.0 -2.0 -2.0 -3.0 -2.0 0.0 -1.0 -3.0 0.0 -3.0 -1.0 -3.0 -3.0 -1.0 -2.0 -2.0 -3.0 -2.0 0.0 0.0 -3.0 -1.0 -3.0 -3.0 -1.0 -2.0 -1.0 -3.0 0.0 -2.0 -3.0 -3.0 -1.0 -3.0 -1.0 -1.0 -2.0 0.0 0.0 -3.0 -3.0 -3.0 -2.0 0.0 0.0 -3.0 -1.0 -1.0 -3.0 -1.0 0.0 -1.0 0.0 -2.0 0.0 103.0 -3.0 
0.0 -3.0 -3.0 -3.0 0.0 -1.0 -2.0 -3.0 -1.0 -1.0 0.0 0.0 -3.0 0.0 -3.0 -3.0 -2.0 0.0 -3.0 -1.0 -3.0 0.0 0.0 -3.0 -2.0 -2.0 0.0 -2.0 0.0 -1.0 -2.0 0.0 -1.0 -2.0 -3.0 -3.0 0.0 -1.0 -2.0 -1.0 -1.0 0.0 -2.0 -2.0 -1.0 -1.0 -1.0 0.0 0.0 -3.0 -2.0 -1.0 -2.0 -3.0 -3.0 -2.0 -2.0 -2.0 0.0 -2.0 -1.0 -1.0 -1.0 -2.0 95.0 

-3243.0 -3266.0 -2584.0 -2669.0 -2162.0 -2079.0 -2203.0 -2956.0 -2522.0 -1748.0 -1931.0 -1985.0 -2060.0 -2349.0 -1574.0 -1956.0 -1601.0 -1364.0 -1410.0 -1076.0 -1198.0 -1427.0 -1254.0 -571.0 -781.0 -843.0 -524.0 -643.0 -235.0 -320.0 11.0 -234.0 142.0 228.0 331.0 439.0 733.0 634.0 595.0 992.0 850.0 1139.0 960.0 1258.0 1195.0 1087.0 1359.0 1477.0 1181.0 1532.0 1403.0 2044.0 1975.0 2154.0 2136.0 2353.0 1736.0 2394.0 2930.0 2447.0 2568.0 2706.0 3005.0 3297.0 3121.0 