15
1.0 0.5 0.3333333333333333 0.25 0.2 0.16666666666666666 0.14285714285714285 0.125 0.1111111111111111 0.1 0.09090909090909091 0.08333333333333333 0.07692307692307693 0.07142857142857142 0.06666666666666667 
0.5 0.3333333333333333 0.25 0.2 0.16666666666666666 0.14285714285714285 0.125 0.1111111111111111 0.1 0.09090909090909091 0.08333333333333333 0.07692307692307693 0.07142857142857142 0.06666666666666667 0.0625 
0.3333333333333333 0.25 0.2 0.16666666666666666 0.14285714285714285 0.125 0.1111111111111111 0.1 0.09090909090909091 0.08333333333333333 0.07692307692307693 0.07142857142857142 0.06666666666666667 0.0625 0.058823529411764705 
0.25 0.2 0.16666666666666666 0.14285714285714285 0.125 0.1111111111111111 0.1 0.09090909090909091 0.08333333333333333 0.07692307692307693 0.07142857142857142 0.06666666666666667 0.0625 0.058823529411764705 0.05555555555555555 
0.2 0.16666666666666666 0.14285714285714285 0.125 0.1111111111111111 0.1 0.09090909090909091 0.08333333333333333 0.07692307692307693 0.07142857142857142 0.06666666666666667 0.0625 0.058823529411764705 0.05555555555555555 0.05263157894736842 
0.16666666666666666 0.14285714285714285 0.125 0.1111111111111111 0.1 0.09090909090909091 0.08333333333333333 0.07692307692307693 0.07142857142857142 0.06666666666666667 0.0625 0.058823529411764705 0.05555555555555555 0.05263157894736842 0.05 
0.14285714285714285 0.125 0.1111111111111111 0.1 0.09090909090909091 0.08333333333333333 0.07692307692307693 0.07142857142857142 0.06666666666666667 0.0625 0.058823529411764705 0.05555555555555555 0.05263157894736842 0.05 0.047619047619047616 
0.125 0.1111111111111111 0.1 0.09090909090909091 0.08333333333333333 0.07692307692307693 0.07142857142857142 0.06666666666666667 0.0625 0.058823529411764705 0.05555555555555555 0.05263157894736842 0.05 0.047619047619047616 0.045454545454545456 
0.1111111111111111 0.1 0.09090909090909091 0.08333333333333333 0.07692307692307693 0.07142857142857142 0.06666666666666667 0.0625 0.058823529411764705 0.05555555555555555 0.05263157894736842 0.05 0.047619047619047616 0.045454545454545456 0.043478260869565216 
0.1 0.09090909090909091 0.08333333333333333 0.07692307692307693 0.07142857142857142 0.06666666666666667 0.0625 0.058823529411764705 0.05555555555555555 0.05263157894736842 0.05 0.047619047619047616 0.045454545454545456 0.043478260869565216 0.041666666666666664 
0.09090909090909091 0.08333333333333333 0.07692307692307693 0.07142857142857142 0.06666666666666667 0.0625 0.058823529411764705 0.05555555555555555 0.05263157894736842 0.05 0.047619047619047616 0.045454545454545456 0.043478260869565216 0.041666666666666664 0.04 
0.08333333333333333 0.07692307692307693 0.07142857142857142 0.06666666666666667 0.0625 0.058823529411764705 0.05555555555555555 0.05263157894736842 0.05 0.047619047619047616 0.045454545454545456 0.043478260869565216 0.041666666666666664 0.04 0.038461538461538464 
0.07692307692307693 0.07142857142857142 0.06666666666666667 0.0625 0.058823529411764705 0.05555555555555555 0.05263157894736842 0.05 0.047619047619047616 0.045454545454545456 0.043478260869565216 0.041666666666666664 0.04 0.038461538461538464 0.037037037037037035 
0.07142857142857142 0.06666666666666667 0.0625 0.058823529411764705 0.05555555555555555 0.05263157894736842 0.05 0.047619047619047616 0.045454545454545456 0.043478260869565216 0.041666666666666664 0.04 0.038461538461538464 0.037037037037037035 0.03571428571428571 
0.06666666666666667 0.0625 0.058823529411764705 0.05555555555555555 0.05263157894736842 0.05 0.047619047619047616 0.045454545454545456 0.043478260869565216 0.041666666666666664 0.04 0.038461538461538464 0.037037037037037035 0.03571428571428571 0.034482758620689655 

15.0 12.619271006771008 11.120894954718485 10.014675765411061 9.142374704758604 8.427968380948258 7.827847771423624 7.314307248479075 6.86852505416242 6.4770906859327235 6.13010076214747 5.820033915285295 5.5410470995031496 5.288515310176031 5.058719405653764 