115
-233.0 -3.0 -3.0 -1.0 -3.0 0.0 -4.0 -3.0 -4.0 -2.0 -1.0 -1.0 -3.0 -1.0 -2.0 -4.0 -2.0 -3.0 0.0 -1.0 0.0 -3.0 -4.0 -3.0 0.0 -1.0 -4.0 0.0 -3.0 -3.0 -1.0 -1.0 -3.0 -4.0 -1.0 -2.0 -2.0 -4.0 -1.0 -2.0 -2.0 -1.0 -2.0 -4.0 0.0 -3.0 0.0 -2.0 -2.0 -1.0 -4.0 0.0 0.0 -4.0 -4.0 0.0 -4.0 -2.0 0.0 -2.0 -4.0 0.0 -1.0 -1.0 0.0 -1.0 -3.0 -1.0 -3.0 -2.0 0.0 -3.0 -2.0 -2.0 -1.0 0.0 -1.0 -4.0 -4.0 -3.0 -2.0 -1.0 -2.0 -3.0 -4.0 -4.0 -2.0 -4.0 -2.0 -4.0 -4.0 0.0 -3.0 -2.0 -4.0 -3.0 0.0 -2.0 -3.0 -4.0 0.0 0.0 -2.0 -1.0 -4.0 -2.0 0.0 -2.0 -2.0 0.0 0.0 -3.0 -3.0 -1.0 -3.0 
-1.0 -219.0 0.0 0.0 0.0 -1.0 -4.0 -1.0 -4.0 0.0 -3.0 -1.0 0.0 -1.0 -1.0 0.0 0.0 -4.0 0.0 0.0 -4.0 -2.0 -1.0 -2.0 -1.0 -4.0 0.0 -2.0 -1.0 0.0 0.0 -1.0 -3.0 -1.0 -2.0 0.0 0.0 -4.0 -3.0 -3.0 -2.0 0.0 -4.0 -2.0 -2.0 -2.0 -1.0 -2.0 -2.0 -4.0 -2.0 -4.0 -4.0 -4.0 -2.0 -1.0 -4.0 0.0 -4.0 -3.0 -3.0 -4.0 0.0 -4.0 -2.0 -1.0 -1.0 -2.0 -4.0 0.0 -4.0 0.0 -3.0 -3.0 0.0 0.0 -2.0 -4.0 -3.0 -4.0 0.0 -3.0 -2.0 -1.0 -4.0 -1.0 -3.0 -3.0 0.0 -3.0 -4.0 -3.0 -3.0 -1.0 -4.0 -1.0 0.0 0.0 -3.0 -4.0 -1.0 -2.0 -4.0 -4.0 -1.0 -2.0 -2.0 -2.0 -2.0 -1.0 -3.0 -2.0 -1.0 -1.0 0.0 
-3.0 -1.0 -207.0 -1.0 -4.0 -4.0 -4.0 -1.0 0.0 -1.0 -4.0 -3.0 -2.0 -3.0 -4.0 -1.0 0.0 -1.0 -4.0 -4.0 0.0 -3.0 -4.0 0.0 -1.0 -1.0 -2.0 -1.0 0.0 -4.0 0.0 0.0 -1.0 -4.0 -1.0 -3.0 -4.0 -1.0 0.0 -2.0 -3.0 -4.0 -1.0 0.0 -1.0 -1.0 -1.0 -4.0 -4.0 -3.0 -4.0 -3.0 -4.0 -1.0 0.0 0.0 -1.0 -3.0 -2.0 0.0 -1.0 0.0 -3.0 0.0 -2.0 0.0 0.0 -4.0 0.0 -4.0 -3.0 -2.0 -1.0 0.0 -3.0 0.0 0.0 -3.0 -3.0 0.0 -2.0 0.0 0.0 -2.0 -2.0 -2.0 -2.0 -2.0 -3.0 -2.0 -3.0 -4.0 -4.0 -4.0 0.0 -4.0 0.0 -1.0 -3.0 -1.0 -2.0 0.0 0.0 0.0 -2.0 -3.0 0.0 -2.0 -2.0 -3.0 -1.0 0.0 -3.0 -2.0 0.0 
-4.0 -2.0 -1.0 -228.0 -4.0 -4.0 -4.0 -4.0 -1.0 0.0 -3.0 -3.0 -4.0 -1.0 -4.0 -2.0 -1.0 0.0 -4.0 -4.0 -2.0 0.0 -1.0 -1.0 -2.0 -4.0 -2.0 -1.0 -1.0 -4.0 -3.0 0.0 0.0 0.0 -1.0 -2.0 -3.0 -1.0 -1.0 0.0 -1.0 -2.0 0.0 -2.0 -1.0 -3.0 -3.0 -2.0 -3.0 -3.0 -2.0 -3.0 -1.0 -4.0 -1.0 -3.0 -2.0 -1.0 -4.0 -3.0 0.0 -3.0 -2.0 0.0 -2.0 -2.0 -1.0 -1.0 -2.0 -3.0 -2.0 -1.0 -4.0 -2.0 -2.0 -4.0 -3.0 0.0 -1.0 -3.0 -4.0 -2.0 -3.0 -2.0 0.0 -2.0 -2.0 -3.0 0.0 -2.0 0.0 -3.0 -2.0 0.0 -4.0 -2.0 -4.0 -1.0 -1.0 -3.0 -4.0 0.0 -1.0 -2.0 0.0 0.0 -2.0 -2.0 -4.0 -2.0 -4.0 -1.0 -1.0 -2.0 -2.0 
0.0 -4.0 -2.0 -3.0 -229.0 0.0 -1.0 0.0 -4.0 -3.0 -1.0 -1.0 -2.0 -1.0 -4.0 -4.0 -1.0 0.0 -4.0 -4.0 -3.0 0.0 -3.0 0.0 -3.0 -2.0 -4.0 -1.0 -3.0 -4.0 -2.0 -1.0 0.0 -4.0 -3.0 -1.0 0.0 -2.0 -2.0 0.0 -1.0 -1.0 -2.0 0.0 0.0 -2.0 -2.0 -2.0 -3.0 -3.0 -1.0 -4.0 -2.0 -1.0 0.0 -2.0 0.0 -4.0 -1.0 0.0 -3.0 0.0 -3.0 -1.0 -2.0 -3.0 -4.0 -3.0 -3.0 -4.0 -2.0 -2.0 -4.0 -4.0 0.0 -1.0 -1.0 0.0 0.0 0.0 -1.0 -3.0 0.0 0.0 -4.0 -3.0 -2.0 -4.0 -4.0 -4.0 -3.0 -1.0 0.0 0.0 -2.0 -3.0 -3.0 -2.0 -3.0 -3.0 -4.0 0.0 -1.0 0.0 -3.0 -1.0 -2.0 -3.0 -4.0 -4.0 -4.0 -1.0 -4.0 -3.0 -2.0 
0.0 -4.0 -2.0 0.0 -1.0 -194.0 -2.0 -4.0 -1.0 -1.0 0.0 -1.0 -4.0 -4.0 -1.0 -4.0 -1.0 -2.0 0.0 -3.0 -3.0 -4.0 -2.0 -3.0 -1.0 -1.0 -1.0 -1.0 -1.0 -1.0 -3.0 -2.0 -1.0 -1.0 -1.0 -4.0 0.0 0.0 -2.0 -4.0 0.0 -3.0 -2.0 -3.0 0.0 -4.0 -1.0 -3.0 -2.0 -1.0 0.0 0.0 -1.0 -1.0 -3.0 -1.0 0.0 -1.0 -2.0 0.0 -3.0 0.0 -2.0 0.0 -2.0 -1.0 -1.0 -4.0 0.0 -1.0 -4.0 0.0 0.0 0.0 -3.0 -2.0 -4.0 0.0 -1.0 -3.0 0.0 -3.0 -4.0 -3.0 -1.0 0.0 -1.0 -2.0 -1.0 0.0 -1.0 -2.0 -2.0 0.0 -2.0 -4.0 -2.0 -2.0 -1.0 -2.0 -1.0 -3.0 -1.0 -2.0 -1.0 -3.0 -1.0 -3.0 -1.0 -2.0 -3.0 -2.0 -1.0 -4.0 -3.0 
-1.0 -1.0 -3.0 0.0 -3.0 -1.0 -205.0 0.0 -1.0 0.0 -1.0 -2.0 0.0 0.0 -1.0 -4.0 0.0 -2.0 -4.0 -4.0 -4.0 -2.0 -4.0 -3.0 -1.0 -3.0 -4.0 -4.0 -3.0 0.0 -2.0 0.0 -2.0 -1.0 -1.0 -1.0 -1.0 -1.0 -1.0 0.0 -3.0 -4.0 -4.0 -1.0 -4.0 -4.0 -3.0 0.0 -1.0 -2.0 -1.0 -2.0 0.0 -2.0 -1.0 -4.0 0.0 -4.0 -4.0 -2.0 0.0 -2.0 0.0 -1.0 -3.0 -1.0 -1.0 -3.0 -1.0 -3.0 -4.0 -2.0 -1.0 0.0 -1.0 -1.0 -2.0 0.0 -1.0 0.0 -2.0 0.0 0.0 -4.0 0.0 0.0 -3.0 0.0 -2.0 -2.0 -2.0 -4.0 -2.0 0.0 0.0 -3.0 -2.0 -2.0 -3.0 -3.0 -4.0 -3.0 -4.0 -3.0 0.0 -1.0 -1.0 -4.0 -2.0 -1.0 -1.0 0.0 -4.0 -2.0 -2.0 
-2.0 -4.0 -2.0 -1.0 0.0 -4.0 -2.0 -238.0 -1.0 -3.0 -2.0 0.0 -2.0 -2.0 0.0 -1.0 -4.0 -3.0 -4.0 -2.0 -4.0 -1.0 -3.0 -2.0 -3.0 -1.0 -1.0 -2.0 -1.0 -2.0 -3.0 0.0 0.0 -4.0 -2.0 -2.0 -1.0 -3.0 -2.0 -1.0 -4.0 -1.0 -2.0 -1.0 -4.0 -4.0 -2.0 0.0 -1.0 -3.0 -3.0 -4.0 -2.0 -1.0 0.0 -2.0 -1.0 -3.0 -3.0 -1.0 -2.0 -4.0 -2.0 -3.0 -3.0 -1.0 -1.0 -2.0 0.0 -4.0 -4.0 -3.0 -3.0 -3.0 -1.0 -3.0 -3.0 -4.0 -3.0 -3.0 0.0 -4.0 -1.0 0.0 -1.0 -2.0 -4.0 -3.0 -2.0 -2.0 -3.0 -4.0 -3.0 -1.0 -3.0 -1.0 -4.0 -3.0 -4.0 0.0 -4.0 0.0 -1.0 0.0 0.0 -4.0 -4.0 -2.0 -2.0 -2.0 0.0 0.0 -1.0 0.0 -2.0 
0.0 -3.0 0.0 -2.0 -2.0 -4.0 -4.0 -3.0 -220.0 -2.0 0.0 -1.0 -4.0 -1.0 -4.0 -4.0 -2.0 -2.0 0.0 0.0 0.0 -2.0 -3.0 -4.0 -2.0 -3.0 0.0 -2.0 -4.0 -2.0 -1.0 -3.0 -4.0 -1.0 -1.0 0.0 -3.0 -2.0 0.0 0.0 -3.0 -4.0 -3.0 -3.0 -2.0 -2.0 -1.0 0.0 0.0 -3.0 -4.0 0.0 -4.0 -4.0 0.0 -3.0 -1.0 -3.0 -4.0 0.0 -2.0 0.0 0.0 0.0 -2.0 0.0 -3.0 -2.0 -4.0 0.0 -2.0 -4.0 -2.0 -3.0 -2.0 -1.0 -4.0 -3.0 -1.0 -1.0 0.0 -1.0 -1.0 -3.0 -4.0 -2.0 -3.0 -2.0 -3.0 -1.0 -3.0 -2.0 0.0 -3.0 -2.0 -3.0 0.0 -1.0 -1.0 -3.0 -4.0 -2.0 0.0 -3.0 0.0 -1.0 -4.0 -1.0 -4.0 0.0 -3.0 -1.0 -1.0 -1.0 -2.0 
-3.0 -1.0 -1.0 0.0 -4.0 -2.0 -4.0 -2.0 -2.0 -256.0 -4.0 0.0 0.0 -4.0 -4.0 -2.0 -2.0 -1.0 -4.0 -4.0 0.0 -3.0 -3.0 -4.0 -2.0 -3.0 -4.0 -1.0 -2.0 -4.0 -3.0 -1.0 -3.0 -4.0 -2.0 -3.0 -1.0 -4.0 -3.0 -1.0 -1.0 -4.0 -1.0 -3.0 -1.0 -1.0 -1.0 -4.0 -3.0 0.0 -2.0 -4.0 -2.0 0.0 0.0 0.0 -1.0 -4.0 -1.0 0.0 -1.0 -2.0 -4.0 -3.0 -3.0 -2.0 -2.0 -4.0 0.0 -3.0 -4.0 -2.0 -2.0 -1.0 0.0 -1.0 -1.0 -4.0 -4.0 -3.0 -1.0 -3.0 -4.0 -1.0 -4.0 -4.0 -1.0 -1.0 -2.0 -4.0 -1.0 -1.0 0.0 -2.0 -3.0 -4.0 -4.0 0.0 -4.0 -4.0 -4.0 -4.0 -2.0 0.0 -1.0 -3.0 -1.0 -1.0 0.0 -1.0 -4.0 -3.0 -3.0 -3.0 -4.0 
-4.0 -1.0 -1.0 0.0 -4.0 -3.0 -3.0 -1.0 -1.0 -2.0 -245.0 -2.0 -3.0 -1.0 -2.0 -3.0 -4.0 -2.0 -1.0 -3.0 0.0 -1.0 -1.0 -2.0 -4.0 -3.0 -4.0 -4.0 -1.0 0.0 -4.0 -2.0 -4.0 -2.0 -3.0 -4.0 -3.0 0.0 0.0 -3.0 0.0 -2.0 -1.0 -3.0 0.0 -2.0 -2.0 0.0 -2.0 0.0 -3.0 -3.0 -1.0 -3.0 -1.0 0.0 -4.0 -3.0 -1.0 -4.0 -3.0 0.0 -2.0 -3.0 -4.0 -1.0 -2.0 -2.0 0.0 -4.0 -4.0 0.0 0.0 -3.0 0.0 -2.0 -1.0 -4.0 -3.0 0.0 -2.0 -4.0 -1.0 -3.0 -1.0 -3.0 -3.0 0.0 -1.0 0.0 -3.0 -2.0 -4.0 0.0 -3.0 -4.0 -3.0 -4.0 -4.0 -4.0 -4.0 -4.0 -2.0 -2.0 -3.0 -3.0 -4.0 0.0 -3.0 -1.0 -3.0 -3.0 -1.0 0.0 -4.0 
-1.0 -4.0 -1.0 -1.0 0.0 -1.0 0.0 -3.0 -4.0 -2.0 -4.0 -222.0 -3.0 -2.0 -3.0 -4.0 -3.0 -3.0 -1.0 -4.0 0.0 -4.0 0.0 -1.0 -1.0 -1.0 -1.0 -2.0 -3.0 -2.0 -1.0 0.0 0.0 -2.0 -3.0 -2.0 -3.0 -1.0 -1.0 -1.0 0.0 -2.0 -3.0 -4.0 0.0 -1.0 -2.0 -4.0 -4.0 -4.0 -1.0 0.0 -1.0 -1.0 0.0 -1.0 -3.0 -4.0 -1.0 0.0 -3.0 0.0 -4.0 0.0 -3.0 -3.0 -4.0 -4.0 -1.0 -1.0 -1.0 -3.0 -1.0 -2.0 -3.0 -1.0 -2.0 -1.0 -1.0 -4.0 0.0 -4.0 -4.0 -1.0 -3.0 0.0 -3.0 -4.0 -2.0 -3.0 0.0 -2.0 -4.0 0.0 -1.0 -3.0 -3.0 -1.0 -1.0 -2.0 0.0 -2.0 -4.0 0.0 -1.0 0.0 -1.0 -1.0 -4.0 -2.0 -3.0 -2.0 -4.0 -2.0 -4.0 
-3.0 -3.0 -4.0 -1.0 -3.0 -3.0 -1.0 -3.0 -1.0 -3.0 -2.0 0.0 -226.0 -4.0 0.0 -4.0 0.0 -3.0 -1.0 -2.0 0.0 -4.0 -2.0 0.0 -1.0 -2.0 -1.0 0.0 -2.0 0.0 -2.0 -2.0 -3.0 -2.0 -4.0 -4.0 -4.0 -2.0 -1.0 -2.0 0.0 -2.0 -3.0 0.0 0.0 -1.0 -3.0 -4.0 -1.0 -4.0 0.0 0.0 -2.0 -4.0 0.0 -2.0 0.0 -3.0 -1.0 -4.0 -4.0 -2.0 -1.0 -3.0 -4.0 -2.0 -4.0 -4.0 -4.0 -1.0 -2.0 0.0 -2.0 -3.0 0.0 -1.0 -4.0 -1.0 0.0 0.0 0.0 -3.0 -3.0 -3.0 -1.0 -1.0 -3.0 -4.0 -3.0 -1.0 -1.0 -1.0 -4.0 -3.0 -3.0 0.0 -4.0 -1.0 0.0 -4.0 -4.0 -1.0 0.0 -3.0 -1.0 -2.0 -2.0 -2.0 0.0 -3.0 -2.0 -4.0 -1.0 0.0 -3.0 
0.0 -4.0 -3.0 -3.0 0.0 -4.0 -1.0 -3.0 0.0 -4.0 -2.0 -1.0 -4.0 -234.0 -4.0 -2.0 -4.0 -1.0 -1.0 -2.0 -2.0 -3.0 -3.0 -3.0 -1.0 -1.0 -4.0 -2.0 -2.0 -3.0 -1.0 0.0 0.0 -3.0 -3.0 -4.0 -4.0 -3.0 -2.0 0.0 -3.0 0.0 0.0 0.0 -1.0 -2.0 -4.0 -1.0 -3.0 -4.0 -2.0 -1.0 -1.0 0.0 0.0 0.0 -2.0 0.0 -4.0 -4.0 -3.0 -3.0 0.0 -2.0 -3.0 -4.0 0.0 -2.0 0.0 -3.0 -1.0 -1.0 -2.0 -1.0 -4.0 -2.0 -2.0 -1.0 -4.0 -2.0 -2.0 -4.0 -2.0 0.0 -4.0 -3.0 -4.0 -1.0 -3.0 -1.0 -1.0 -2.0 -3.0 -4.0 -4.0 -1.0 0.0 0.0 -1.0 -2.0 -4.0 -4.0 -2.0 -4.0 0.0 0.0 0.0 -1.0 0.0 -1.0 -3.0 -4.0 -2.0 -4.0 -4.0 
-3.0 -2.0 -3.0 -1.0 -3.0 -2.0 -1.0 -3.0 -1.0 -1.0 -4.0 -4.0 -1.0 0.0 -235.0 -3.0 -4.0 -2.0 -3.0 -2.0 -1.0 -4.0 -4.0 0.0 -4.0 -1.0 -3.0 -3.0 -1.0 0.0 0.0 -2.0 0.0 -4.0 -3.0 0.0 -3.0 -4.0 -1.0 -3.0 -2.0 0.0 -3.0 -1.0 -1.0 -4.0 0.0 0.0 -3.0 -1.0 0.0 -4.0 0.0 -4.0 -4.0 -1.0 -2.0 -4.0 0.0 -4.0 -3.0 -2.0 -4.0 -3.0 -2.0 -3.0 -3.0 -2.0 -2.0 -3.0 -4.0 -2.0 0.0 0.0 -2.0 -2.0 -3.0 -1.0 -3.0 0.0 -3.0 0.0 0.0 -3.0 -1.0 -2.0 -4.0 0.0 -4.0 -4.0 0.0 0.0 -4.0 -1.0 -2.0 -3.0 -3.0 -2.0 0.0 -4.0 -3.0 -2.0 -2.0 -2.0 0.0 -2.0 -1.0 -3.0 -4.0 -4.0 0.0 -3.0 -2.0 0.0 -1.0 
-3.0 -3.0 -3.0 -4.0 -3.0 0.0 0.0 -1.0 -1.0 0.0 -4.0 -4.0 -1.0 0.0 -1.0 -218.0 -3.0 0.0 -2.0 -1.0 -1.0 -1.0 0.0 -2.0 0.0 -1.0 -3.0 -1.0 -2.0 -3.0 -3.0 -1.0 0.0 0.0 -1.0 -3.0 -4.0 -4.0 -1.0 -1.0 -4.0 0.0 -3.0 -3.0 0.0 -4.0 -2.0 -3.0 -2.0 -3.0 0.0 -1.0 0.0 -4.0 -1.0 -3.0 -1.0 -4.0 -1.0 0.0 -4.0 0.0 0.0 -2.0 -3.0 -4.0 -2.0 -4.0 -2.0 -3.0 -2.0 -1.0 -1.0 -2.0 -2.0 -2.0 -3.0 0.0 -4.0 -3.0 -3.0 -2.0 -1.0 -4.0 -1.0 -4.0 -2.0 -1.0 -3.0 0.0 -3.0 -2.0 0.0 0.0 0.0 0.0 -3.0 0.0 -1.0 -1.0 -1.0 -4.0 -4.0 -3.0 -1.0 -2.0 -4.0 0.0 -3.0 0.0 -4.0 -3.0 -3.0 -3.0 -3.0 
-2.0 -2.0 0.0 -1.0 0.0 -4.0 -2.0 -2.0 -4.0 -2.0 -3.0 -2.0 -3.0 -1.0 -2.0 -1.0 -242.0 -4.0 0.0 -3.0 0.0 -4.0 -2.0 -4.0 0.0 0.0 -3.0 -4.0 -4.0 -2.0 -2.0 -2.0 -1.0 -4.0 -3.0 -3.0 -2.0 -1.0 -3.0 -2.0 -2.0 -3.0 -2.0 0.0 -1.0 -1.0 -4.0 -4.0 -1.0 -2.0 -2.0 -1.0 -4.0 -4.0 0.0 -1.0 -2.0 -3.0 0.0 -3.0 -1.0 -1.0 -1.0 -2.0 -1.0 -1.0 -2.0 -3.0 -2.0 -2.0 -4.0 -3.0 -1.0 -4.0 -4.0 -1.0 0.0 -2.0 -1.0 -2.0 -4.0 0.0 -4.0 -3.0 0.0 -3.0 -1.0 -2.0 0.0 0.0 -4.0 -2.0 -1.0 -4.0 -1.0 0.0 -1.0 -2.0 -4.0 -1.0 -4.0 -4.0 -4.0 -4.0 -3.0 0.0 -4.0 -3.0 -1.0 -2.0 -4.0 -3.0 -3.0 0.0 -4.0 
-4.0 0.0 -3.0 -2.0 -1.0 -3.0 -1.0 -2.0 -3.0 0.0 -3.0 -1.0 -4.0 -4.0 -4.0 0.0 -4.0 -244.0 -1.0 -2.0 0.0 -3.0 -2.0 -2.0 0.0 -2.0 -4.0 -4.0 -4.0 -4.0 -2.0 -3.0 -1.0 -1.0 -2.0 -1.0 -2.0 -1.0 -3.0 -3.0 -3.0 -2.0 -4.0 -4.0 -4.0 -2.0 -2.0 -1.0 -4.0 -4.0 0.0 0.0 -2.0 -4.0 -3.0 -4.0 -1.0 -2.0 -4.0 -1.0 -2.0 -2.0 -3.0 -3.0 0.0 -4.0 -4.0 -1.0 0.0 -2.0 -1.0 -1.0 -4.0 0.0 -4.0 -1.0 -3.0 -3.0 -2.0 -3.0 -3.0 -3.0 -2.0 0.0 -2.0 -1.0 0.0 0.0 -2.0 -3.0 -2.0 -1.0 0.0 -2.0 -4.0 0.0 -4.0 -4.0 -4.0 0.0 -1.0 -3.0 -1.0 -3.0 0.0 -3.0 -4.0 -4.0 0.0 0.0 -3.0 -1.0 0.0 -4.0 0.0 
0.0 0.0 -3.0 -4.0 -4.0 -3.0 0.0 -1.0 -2.0 -4.0 -2.0 -1.0 -1.0 0.0 -3.0 -3.0 -3.0 0.0 -217.0 -2.0 -1.0 -4.0 -2.0 0.0 -2.0 -4.0 -3.0 0.0 -1.0 -3.0 -2.0 -2.0 -2.0 0.0 -3.0 -2.0 -2.0 -1.0 0.0 0.0 -1.0 -2.0 -1.0 -4.0 -2.0 0.0 -1.0 0.0 -1.0 -4.0 0.0 -4.0 -4.0 -3.0 0.0 0.0 -1.0 -1.0 -1.0 -2.0 0.0 -3.0 0.0 -2.0 -4.0 -2.0 -3.0 -1.0 -3.0 -2.0 -4.0 0.0 -3.0 -1.0 -4.0 -4.0 0.0 -4.0 0.0 0.0 -3.0 -2.0 0.0 -3.0 -2.0 -4.0 -2.0 0.0 -3.0 -4.0 -3.0 -1.0 -1.0 -4.0 0.0 -3.0 -4.0 -2.0 -3.0 0.0 -1.0 -3.0 0.0 -2.0 -2.0 0.0 -4.0 -4.0 -2.0 -2.0 -3.0 -1.0 -4.0 -2.0 -1.0 
-1.0 -3.0 -4.0 -4.0 -3.0 0.0 -1.0 -4.0 0.0 0.0 -4.0 -3.0 -1.0 0.0 0.0 0.0 -3.0 -4.0 -3.0 -223.0 -1.0 0.0 -2.0 -2.0 -4.0 -3.0 -1.0 -4.0 0.0 -3.0 0.0 -2.0 -3.0 -2.0 0.0 -4.0 -3.0 -3.0 -4.0 -3.0 -3.0 -2.0 0.0 -4.0 -3.0 -2.0 0.0 -1.0 0.0 -4.0 -1.0 -3.0 -2.0 -1.0 -1.0 0.0 0.0 -2.0 0.0 0.0 -4.0 0.0 -3.0 -2.0 -2.0 -3.0 0.0 0.0 0.0 -3.0 0.0 -3.0 0.0 -3.0 -2.0 -1.0 -1.0 0.0 -3.0 0.0 -2.0 -4.0 0.0 -2.0 -1.0 0.0 -2.0 -3.0 -3.0 -3.0 -4.0 -1.0 -4.0 -3.0 -2.0 -4.0 -4.0 -2.0 -2.0 -1.0 -4.0 -3.0 -1.0 -3.0 -2.0 -2.0 -4.0 -2.0 -4.0 -4.0 -3.0 -1.0 0.0 -1.0 -1.0 
-1.0 -1.0 -3.0 -1.0 0.0 -4.0 -1.0 -3.0 -2.0 0.0 0.0 -2.0 -1.0 -3.0 -4.0 -1.0 -1.0 -4.0 -3.0 0.0 -215.0 -1.0 -2.0 -3.0 -1.0 -4.0 -2.0 -4.0 -3.0 -1.0 -4.0 -2.0 -1.0 -4.0 -1.0 -4.0 0.0 -2.0 -1.0 -2.0 -2.0 -2.0 -1.0 -3.0 -1.0 -4.0 -2.0 -2.0 -3.0 -1.0 0.0 0.0 -3.0 -3.0 -1.0 -2.0 0.0 -1.0 -2.0 -1.0 -1.0 -4.0 -2.0 -1.0 -4.0 -2.0 -4.0 -4.0 -4.0 0.0 -3.0 -1.0 -3.0 0.0 -1.0 -4.0 -2.0 0.0 -2.0 -4.0 -2.0 -4.0 -3.0 -4.0 0.0 -2.0 0.0 0.0 0.0 -3.0 -1.0 -2.0 -1.0 -3.0 -1.0 -4.0 -3.0 0.0 -1.0 -2.0 -1.0 -4.0 -3.0 0.0 0.0 0.0 -4.0 -2.0 0.0 -1.0 -2.0 -1.0 -4.0 0.0 0.0 
-4.0 0.0 -4.0 -1.0 -3.0 -4.0 0.0 -1.0 -2.0 -1.0 0.0 -4.0 -3.0 0.0 -3.0 -4.0 -2.0 0.0 -4.0 -1.0 -1.0 -237.0 -2.0 -2.0 -4.0 -3.0 -2.0 -4.0 -1.0 -4.0 -2.0 -3.0 -2.0 -3.0 -3.0 -1.0 -4.0 -2.0 -3.0 0.0 -4.0 -4.0 -1.0 -4.0 -2.0 -2.0 -2.0 -4.0 0.0 -4.0 -4.0 -4.0 -4.0 -1.0 -2.0 -3.0 -4.0 -1.0 0.0 -1.0 -1.0 -3.0 0.0 -2.0 -3.0 -3.0 -1.0 -4.0 -2.0 0.0 -2.0 0.0 0.0 -4.0 -4.0 -1.0 0.0 -4.0 -2.0 0.0 -1.0 0.0 -2.0 -4.0 -3.0 -3.0 0.0 -2.0 0.0 -1.0 -4.0 -3.0 -1.0 -3.0 0.0 -3.0 -2.0 -1.0 -2.0 -2.0 0.0 -3.0 0.0 -4.0 -3.0 -3.0 0.0 0.0 -4.0 0.0 -2.0 -1.0 -4.0 -1.0 -1.0 
-2.0 -2.0 -4.0 -4.0 -3.0 -2.0 0.0 -2.0 -3.0 0.0 -1.0 0.0 -1.0 -4.0 -2.0 0.0 -1.0 -1.0 -1.0 -3.0 -2.0 0.0 -232.0 -4.0 -1.0 0.0 -1.0 -2.0 -3.0 -3.0 -3.0 0.0 -4.0 -1.0 0.0 -3.0 0.0 -1.0 0.0 0.0 -2.0 -3.0 -3.0 -4.0 -3.0 -2.0 0.0 -3.0 -3.0 -3.0 -2.0 -2.0 -2.0 -3.0 -1.0 -3.0 -4.0 -4.0 0.0 -3.0 -4.0 -3.0 -4.0 -3.0 0.0 -1.0 -2.0 0.0 -3.0 -3.0 -4.0 -4.0 -2.0 -2.0 0.0 -3.0 -4.0 0.0 -3.0 -2.0 -4.0 0.0 -3.0 -4.0 -3.0 -1.0 -4.0 -3.0 -2.0 -1.0 -4.0 0.0 0.0 -2.0 -2.0 0.0 0.0 0.0 -4.0 -4.0 -3.0 -4.0 -1.0 -4.0 -4.0 -3.0 -3.0 0.0 -2.0 0.0 -2.0 -1.0 -1.0 -1.0 -1.0 
-3.0 -2.0 -1.0 -3.0 0.0 -3.0 -2.0 -1.0 -2.0 -3.0 -2.0 -1.0 -3.0 0.0 -4.0 0.0 -4.0 -3.0 -4.0 -3.0 -2.0 -3.0 0.0 -248.0 -3.0 -1.0 -2.0 -4.0 -3.0 -2.0 0.0 0.0 -1.0 0.0 -1.0 -4.0 -2.0 -3.0 -3.0 0.0 -2.0 0.0 -4.0 -3.0 -3.0 0.0 -3.0 -4.0 -2.0 -4.0 0.0 -3.0 -4.0 0.0 -4.0 -2.0 -3.0 0.0 -1.0 -4.0 0.0 0.0 0.0 -3.0 -4.0 -1.0 -3.0 0.0 0.0 -1.0 -3.0 -3.0 -4.0 -4.0 -2.0 -3.0 -3.0 -2.0 -4.0 -4.0 -3.0 -2.0 -4.0 -1.0 -2.0 -2.0 -4.0 -3.0 -3.0 -3.0 0.0 -1.0 -1.0 -4.0 -4.0 -2.0 -1.0 -2.0 -3.0 -4.0 -3.0 -1.0 -3.0 -3.0 -2.0 0.0 0.0 -3.0 0.0 -1.0 -4.0 -4.0 -2.0 -4.0 -1.0 
-4.0 -4.0 0.0 -1.0 -2.0 0.0 -1.0 -2.0 0.0 -1.0 -4.0 -2.0 -4.0 -4.0 -2.0 0.0 -4.0 -3.0 -4.0 -2.0 -4.0 -4.0 -4.0 -3.0 -249.0 -3.0 -1.0 -1.0 -3.0 -3.0 -4.0 -4.0 0.0 -2.0 -2.0 -1.0 0.0 0.0 -1.0 0.0 -2.0 -4.0 -4.0 -2.0 -3.0 -3.0 -3.0 -4.0 -4.0 -2.0 -3.0 -2.0 0.0 -3.0 0.0 -2.0 -4.0 0.0 -4.0 -1.0 0.0 -2.0 -1.0 0.0 0.0 -1.0 -4.0 -1.0 -2.0 -2.0 -1.0 -4.0 -3.0 -3.0 -3.0 -4.0 -4.0 -4.0 -2.0 -2.0 0.0 0.0 0.0 -4.0 0.0 -1.0 -3.0 -4.0 -3.0 -2.0 -4.0 -3.0 0.0 -4.0 -4.0 -2.0 -2.0 -2.0 -1.0 -2.0 0.0 -2.0 -2.0 -1.0 -4.0 -4.0 -2.0 -2.0 0.0 -1.0 0.0 -2.0 -4.0 -4.0 -3.0 
0.0 0.0 0.0 -4.0 -2.0 -4.0 -2.0 0.0 -4.0 -2.0 -4.0 -3.0 0.0 -1.0 -2.0 -2.0 -4.0 -4.0 -3.0 -3.0 -3.0 -3.0 -1.0 -2.0 -3.0 -235.0 0.0 -4.0 -3.0 0.0 -3.0 -2.0 -4.0 -2.0 -3.0 -4.0 -4.0 0.0 -1.0 -4.0 0.0 -2.0 -1.0 -1.0 -4.0 -1.0 0.0 -3.0 -1.0 -2.0 0.0 -3.0 -2.0 -4.0 -1.0 -3.0 -4.0 0.0 0.0 -2.0 0.0 -2.0 -1.0 -3.0 0.0 -2.0 -4.0 -2.0 -4.0 0.0 -2.0 -2.0 -4.0 -2.0 0.0 -4.0 -2.0 0.0 -4.0 -3.0 -1.0 -2.0 -3.0 -2.0 -2.0 0.0 -2.0 -2.0 -3.0 0.0 -4.0 -4.0 -2.0 -3.0 0.0 -3.0 -1.0 -1.0 -3.0 -3.0 -1.0 0.0 -4.0 -4.0 -1.0 -4.0 -3.0 -1.0 0.0 -3.0 -2.0 -2.0 -3.0 0.0 -1.0 
-1.0 -1.0 -1.0 -4.0 -3.0 -1.0 -2.0 -4.0 -1.0 -1.0 0.0 -3.0 -1.0 0.0 -1.0 -3.0 -2.0 -2.0 0.0 -4.0 0.0 -4.0 -2.0 -3.0 -1.0 0.0 -219.0 -2.0 -1.0 -4.0 -3.0 -2.0 -3.0 -2.0 -4.0 0.0 -1.0 -2.0 0.0 -1.0 -1.0 -3.0 -4.0 -3.0 0.0 -2.0 -4.0 -2.0 -3.0 -3.0 -2.0 -4.0 -3.0 -2.0 -4.0 0.0 0.0 -1.0 -2.0 -1.0 -4.0 -4.0 0.0 0.0 -2.0 -2.0 -2.0 -3.0 -2.0 -3.0 -2.0 0.0 -3.0 0.0 -2.0 0.0 -1.0 -1.0 -4.0 -1.0 0.0 -1.0 -2.0 -1.0 -4.0 -4.0 -2.0 0.0 0.0 0.0 -3.0 -4.0 -3.0 -3.0 -1.0 -2.0 -2.0 -1.0 -3.0 -3.0 -3.0 -1.0 -3.0 -1.0 0.0 -1.0 -3.0 -1.0 -3.0 -4.0 -1.0 -2.0 -2.0 -2.0 -3.0 
-2.0 -1.0 -1.0 -2.0 0.0 0.0 -4.0 -3.0 -4.0 -3.0 0.0 -1.0 -3.0 -4.0 0.0 -3.0 0.0 -1.0 -2.0 -4.0 -4.0 -3.0 -2.0 -2.0 -4.0 -1.0 -2.0 -251.0 -1.0 -3.0 -2.0 -3.0 -2.0 -4.0 -3.0 -2.0 0.0 -1.0 -2.0 -4.0 -4.0 -2.0 -1.0 0.0 -1.0 -1.0 -1.0 -2.0 -1.0 -2.0 -4.0 -3.0 -4.0 -3.0 0.0 0.0 -2.0 -4.0 0.0 -3.0 -1.0 -1.0 -3.0 -4.0 -2.0 0.0 -2.0 -2.0 -4.0 -4.0 -3.0 -3.0 -1.0 -1.0 -4.0 -4.0 -3.0 0.0 0.0 -4.0 0.0 -2.0 -2.0 -2.0 -3.0 0.0 -1.0 -1.0 -4.0 -3.0 -3.0 -4.0 -3.0 -3.0 0.0 -4.0 -1.0 -4.0 -2.0 -3.0 -2.0 -3.0 -3.0 -4.0 -4.0 -2.0 -2.0 0.0 -3.0 -1.0 -4.0 -4.0 0.0 -4.0 -3.0 
-1.0 0.0 -1.0 -2.0 -3.0 -3.0 0.0 -1.0 -3.0 -1.0 -1.0 -2.0 0.0 -1.0 -4.0 0.0 0.0 -2.0 -3.0 -2.0 -3.0 -1.0 -4.0 0.0 -3.0 0.0 -2.0 -3.0 -198.0 -1.0 -2.0 -2.0 -4.0 -1.0 -2.0 0.0 -4.0 -4.0 0.0 0.0 -1.0 -1.0 0.0 -2.0 -2.0 -3.0 -1.0 -1.0 -1.0 -4.0 -2.0 -4.0 0.0 -2.0 -3.0 -4.0 -3.0 -1.0 -4.0 0.0 -2.0 -2.0 -4.0 -1.0 0.0 0.0 -3.0 -2.0 -3.0 -4.0 0.0 0.0 -1.0 0.0 -4.0 -1.0 -1.0 -3.0 0.0 0.0 -2.0 -4.0 0.0 0.0 -2.0 -3.0 -1.0 0.0 -4.0 -1.0 0.0 -1.0 0.0 -3.0 -1.0 -4.0 -2.0 -1.0 -1.0 -1.0 -1.0 -1.0 -4.0 -2.0 -1.0 -2.0 -2.0 -2.0 -2.0 -1.0 -3.0 -3.0 -4.0 -1.0 -2.0 
-3.0 0.0 -4.0 0.0 -2.0 -3.0 -4.0 -3.0 -4.0 -3.0 0.0 -1.0 -3.0 0.0 -4.0 0.0 -1.0 0.0 -1.0 -3.0 -4.0 -2.0 -1.0 -4.0 -1.0 0.0 -3.0 0.0 -4.0 -190.0 0.0 -2.0 -2.0 -4.0 -2.0 -1.0 -3.0 -3.0 -1.0 -4.0 -3.0 0.0 -1.0 0.0 0.0 -2.0 -1.0 -3.0 0.0 0.0 -1.0 -3.0 -1.0 0.0 0.0 0.0 -3.0 -1.0 -1.0 -2.0 -3.0 -1.0 -1.0 -3.0 -3.0 0.0 0.0 0.0 0.0 -3.0 -3.0 -1.0 -4.0 0.0 0.0 0.0 -1.0 -2.0 -3.0 0.0 -3.0 -1.0 -1.0 -4.0 -1.0 -2.0 -2.0 0.0 -3.0 -4.0 0.0 -1.0 -1.0 -3.0 0.0 -2.0 -1.0 -1.0 0.0 0.0 -1.0 -3.0 -3.0 -1.0 0.0 -4.0 -4.0 -1.0 -2.0 0.0 -3.0 -2.0 -3.0 -1.0 -2.0 
-4.0 -1.0 -2.0 -4.0 -3.0 -1.0 -2.0 -2.0 0.0 -2.0 0.0 0.0 -1.0 -1.0 0.0 -3.0 0.0 -1.0 -3.0 -3.0 -1.0 -3.0 -4.0 -3.0 -4.0 -4.0 0.0 -1.0 -4.0 -2.0 -242.0 0.0 0.0 0.0 -2.0 0.0 -3.0 -2.0 -4.0 0.0 0.0 -3.0 -3.0 -4.0 -1.0 -3.0 0.0 0.0 -3.0 -4.0 -3.0 -4.0 -1.0 -2.0 -3.0 -3.0 0.0 -2.0 -4.0 -4.0 -3.0 -2.0 -3.0 -4.0 -2.0 -3.0 -1.0 0.0 0.0 0.0 -2.0 -1.0 -2.0 -4.0 -4.0 -4.0 -3.0 -2.0 -4.0 -3.0 -4.0 -1.0 -3.0 -4.0 -3.0 -2.0 -3.0 -3.0 -2.0 -2.0 -1.0 -3.0 -3.0 0.0 0.0 0.0 -4.0 0.0 -4.0 -4.0 -1.0 -4.0 0.0 -1.0 -3.0 -1.0 -3.0 -2.0 -4.0 -3.0 -1.0 -2.0 -3.0 -4.0 0.0 
-4.0 -3.0 -1.0 -1.0 -4.0 -3.0 0.0 -3.0 -4.0 -3.0 -2.0 -2.0 -3.0 -3.0 -4.0 -4.0 -3.0 -2.0 -3.0 -2.0 -2.0 0.0 -1.0 -4.0 0.0 -1.0 0.0 -3.0 0.0 -4.0 -1.0 -232.0 -2.0 -4.0 -1.0 -4.0 0.0 -2.0 -2.0 -1.0 -4.0 -1.0 -3.0 0.0 0.0 -1.0 -1.0 -4.0 -3.0 -4.0 -4.0 0.0 -1.0 -2.0 -1.0 -3.0 -1.0 0.0 -1.0 -2.0 -3.0 -2.0 0.0 -1.0 -1.0 -1.0 -2.0 -1.0 -4.0 0.0 0.0 -1.0 -2.0 -2.0 0.0 -2.0 -2.0 -2.0 -2.0 -4.0 -2.0 -4.0 0.0 -1.0 0.0 0.0 -1.0 -2.0 -2.0 -3.0 -2.0 -2.0 -3.0 -2.0 -2.0 -3.0 -4.0 -2.0 -4.0 -3.0 -3.0 -1.0 -1.0 -1.0 -3.0 -3.0 -2.0 -1.0 -4.0 -3.0 -3.0 -3.0 -4.0 -3.0 -1.0 
0.0 -3.0 -2.0 -4.0 -2.0 -1.0 -3.0 -4.0 0.0 -3.0 -2.0 0.0 -2.0 -1.0 -4.0 -1.0 -3.0 -4.0 -2.0 -3.0 -2.0 -4.0 -3.0 -3.0 -2.0 -4.0 -2.0 -1.0 0.0 0.0 0.0 0.0 -228.0 -4.0 -4.0 -2.0 0.0 -1.0 -2.0 -1.0 -3.0 -2.0 -2.0 0.0 -1.0 -3.0 -1.0 -2.0 -1.0 -3.0 -3.0 0.0 -4.0 -3.0 -4.0 -4.0 -3.0 -1.0 0.0 -2.0 -3.0 -2.0 0.0 0.0 0.0 -4.0 -4.0 -3.0 -3.0 -2.0 -3.0 0.0 -3.0 -2.0 -1.0 0.0 -1.0 -1.0 -2.0 -4.0 -3.0 -2.0 -3.0 -2.0 -3.0 -3.0 -4.0 -1.0 -3.0 -4.0 -3.0 -4.0 -2.0 -2.0 0.0 -4.0 -3.0 0.0 -4.0 -4.0 0.0 -1.0 0.0 -3.0 0.0 -2.0 -3.0 -1.0 -1.0 -1.0 0.0 -2.0 0.0 0.0 -1.0 
-4.0 -1.0 -2.0 -1.0 0.0 -4.0 -2.0 -2.0 -3.0 -4.0 -1.0 -3.0 -1.0 -1.0 -1.0 -1.0 -2.0 -1.0 -1.0 -3.0 -4.0 -2.0 -4.0 -4.0 0.0 -1.0 -4.0 0.0 -1.0 0.0 -2.0 0.0 -3.0 -242.0 -2.0 -2.0 -3.0 -2.0 -4.0 0.0 -3.0 0.0 -2.0 -1.0 -3.0 -1.0 -3.0 -2.0 -4.0 0.0 -2.0 -3.0 0.0 -2.0 -3.0 0.0 -4.0 -3.0 -4.0 -1.0 -3.0 -4.0 -3.0 -3.0 -2.0 -1.0 -3.0 0.0 -4.0 0.0 0.0 0.0 -2.0 -4.0 -2.0 -3.0 0.0 -1.0 -4.0 -4.0 -4.0 -1.0 -4.0 -1.0 0.0 -4.0 -4.0 -1.0 0.0 -1.0 -2.0 -2.0 -4.0 -2.0 0.0 -3.0 -3.0 -3.0 -4.0 -1.0 -3.0 -3.0 -3.0 -3.0 -1.0 -2.0 -4.0 -1.0 -3.0 0.0 -1.0 -4.0 -3.0 -3.0 -4.0 
-1.0 0.0 -4.0 -2.0 -4.0 -4.0 -2.0 0.0 -2.0 -3.0 -3.0 -4.0 -2.0 0.0 -3.0 -3.0 -4.0 -1.0 -3.0 -1.0 0.0 -2.0 -1.0 -3.0 -3.0 -2.0 -3.0 -1.0 0.0 -3.0 -2.0 -4.0 -1.0 -1.0 -237.0 -3.0 -1.0 0.0 -1.0 -1.0 -3.0 0.0 -4.0 -2.0 -1.0 -3.0 -3.0 0.0 -2.0 -3.0 -1.0 -3.0 -3.0 -4.0 -4.0 -2.0 -1.0 -3.0 -1.0 -3.0 0.0 0.0 -2.0 0.0 -2.0 -4.0 -4.0 -2.0 -4.0 -4.0 -1.0 -1.0 -4.0 -2.0 -4.0 -4.0 -4.0 -2.0 -2.0 0.0 0.0 -1.0 -2.0 0.0 -4.0 -3.0 -3.0 -4.0 -3.0 -4.0 -4.0 0.0 -3.0 -1.0 0.0 -1.0 -2.0 -4.0 -2.0 0.0 0.0 -2.0 -3.0 -1.0 0.0 -2.0 0.0 -4.0 -1.0 -2.0 -2.0 -4.0 -1.0 0.0 -4.0 
-3.0 -1.0 -2.0 -1.0 -3.0 -2.0 -1.0 0.0 0.0 -4.0 -3.0 0.0 -1.0 -1.0 -4.0 -3.0 0.0 -1.0 -3.0 -4.0 -4.0 -4.0 -3.0 -3.0 -3.0 -4.0 0.0 -2.0 -1.0 -1.0 0.0 -4.0 0.0 0.0 0.0 -210.0 -4.0 -1.0 -1.0 -4.0 -3.0 -1.0 -1.0 0.0 -4.0 -1.0 -3.0 0.0 0.0 0.0 -1.0 -4.0 0.0 -2.0 -4.0 -3.0 -2.0 0.0 0.0 -1.0 0.0 -1.0 -3.0 -4.0 -4.0 -2.0 0.0 -2.0 -3.0 -4.0 -2.0 -3.0 -1.0 0.0 -4.0 -3.0 -2.0 -1.0 -4.0 0.0 -2.0 -2.0 -2.0 -3.0 0.0 -3.0 -4.0 -3.0 0.0 -2.0 -4.0 0.0 0.0 0.0 0.0 0.0 -3.0 -2.0 -3.0 0.0 -3.0 -2.0 -2.0 -2.0 -3.0 -4.0 -4.0 -1.0 -1.0 0.0 0.0 0.0 -2.0 -2.0 -2.0 
0.0 -2.0 -4.0 0.0 -1.0 -1.0 0.0 -1.0 -4.0 0.0 -1.0 -4.0 -3.0 -2.0 -2.0 -2.0 -2.0 0.0 -4.0 -1.0 -2.0 -4.0 -1.0 0.0 -4.0 -3.0 -1.0 0.0 -3.0 0.0 -2.0 -4.0 -3.0 -1.0 -2.0 -2.0 -240.0 -3.0 -1.0 -2.0 -4.0 -2.0 -1.0 -2.0 0.0 -2.0 -1.0 -4.0 -1.0 -4.0 -3.0 0.0 0.0 -4.0 -3.0 0.0 -4.0 -2.0 -1.0 -1.0 -2.0 -4.0 -2.0 -3.0 -1.0 -3.0 -2.0 -3.0 -4.0 -2.0 -4.0 -2.0 -3.0 -4.0 -4.0 0.0 0.0 -1.0 0.0 -1.0 -3.0 -4.0 -3.0 -2.0 -2.0 -2.0 -4.0 -4.0 -4.0 -2.0 -4.0 -3.0 -1.0 -2.0 -4.0 -3.0 -2.0 -3.0 -2.0 -2.0 -1.0 -1.0 -3.0 0.0 -3.0 -2.0 -2.0 -1.0 -3.0 -2.0 0.0 -1.0 -3.0 -4.0 -2.0 
-3.0 0.0 -1.0 -3.0 -4.0 -2.0 0.0 -1.0 -3.0 0.0 0.0 -2.0 -3.0 -1.0 0.0 -2.0 -3.0 -1.0 -3.0 -2.0 -3.0 -4.0 0.0 -4.0 0.0 -1.0 -4.0 -2.0 -1.0 -2.0 -2.0 -2.0 -2.0 -2.0 -3.0 -4.0 -4.0 -241.0 -4.0 -3.0 -4.0 0.0 -3.0 -3.0 -1.0 -4.0 -4.0 -3.0 -3.0 -3.0 -3.0 -4.0 -2.0 -1.0 -2.0 0.0 -1.0 -2.0 -3.0 -3.0 -1.0 -4.0 -2.0 -4.0 -2.0 -1.0 -4.0 -2.0 -1.0 -3.0 0.0 0.0 -4.0 -4.0 -3.0 0.0 -2.0 -1.0 -3.0 -2.0 -2.0 -2.0 0.0 -4.0 0.0 0.0 -1.0 -2.0 -1.0 -3.0 -4.0 -3.0 -2.0 -3.0 -2.0 -1.0 -1.0 -1.0 -3.0 -3.0 -4.0 -1.0 -2.0 -1.0 -2.0 -3.0 -2.0 -1.0 0.0 -2.0 -2.0 -3.0 -1.0 -3.0 -3.0 
0.0 -4.0 0.0 -3.0 -1.0 -4.0 0.0 -4.0 -2.0 -1.0 -4.0 -3.0 -2.0 -4.0 -1.0 -1.0 -1.0 -2.0 -2.0 -2.0 0.0 -1.0 -1.0 -4.0 0.0 -4.0 0.0 -4.0 -3.0 -3.0 -1.0 -1.0 0.0 -4.0 -4.0 -4.0 0.0 -2.0 -246.0 -2.0 -3.0 -4.0 -2.0 -4.0 -1.0 -3.0 -4.0 -2.0 -4.0 0.0 -2.0 -4.0 -4.0 -3.0 -3.0 -2.0 -3.0 -3.0 0.0 -1.0 0.0 -4.0 -3.0 -4.0 -4.0 -2.0 0.0 -4.0 -2.0 -2.0 -4.0 -1.0 -1.0 -3.0 -1.0 -3.0 -2.0 -2.0 -3.0 -2.0 -2.0 0.0 -1.0 0.0 -1.0 -4.0 -1.0 0.0 -1.0 -3.0 -3.0 -1.0 -4.0 -2.0 -4.0 -4.0 -3.0 -1.0 -4.0 -3.0 -4.0 -3.0 0.0 -2.0 -2.0 -1.0 0.0 0.0 -3.0 -2.0 -1.0 -3.0 -4.0 0.0 -1.0 
0.0 -4.0 -4.0 -3.0 -1.0 -3.0 0.0 0.0 -4.0 -3.0 0.0 -1.0 -2.0 -3.0 -4.0 -2.0 -1.0 0.0 -1.0 -2.0 -1.0 -4.0 -1.0 0.0 -2.0 -3.0 0.0 -3.0 0.0 -2.0 -3.0 0.0 -3.0 -2.0 0.0 -3.0 -4.0 -3.0 0.0 -208.0 0.0 -1.0 -1.0 -1.0 -1.0 0.0 -4.0 -4.0 -1.0 -1.0 -2.0 -4.0 -3.0 -3.0 -4.0 -3.0 -1.0 -1.0 0.0 -3.0 0.0 -1.0 -4.0 -1.0 0.0 -4.0 -1.0 -1.0 -3.0 -1.0 -4.0 -4.0 0.0 0.0 0.0 -1.0 -2.0 -4.0 -4.0 0.0 -4.0 -4.0 -2.0 -4.0 -1.0 0.0 -1.0 -1.0 0.0 -4.0 -1.0 -2.0 -2.0 -2.0 -4.0 0.0 -3.0 0.0 -1.0 -1.0 -1.0 -3.0 -3.0 -2.0 -3.0 -4.0 -1.0 -4.0 -2.0 0.0 0.0 -1.0 0.0 -2.0 0.0 
-4.0 0.0 -2.0 0.0 -4.0 0.0 -1.0 -2.0 -3.0 -3.0 0.0 -1.0 -4.0 -3.0 -3.0 -1.0 -2.0 -4.0 -2.0 -4.0 -4.0 -2.0 -2.0 -3.0 -4.0 -1.0 -2.0 -1.0 -1.0 -4.0 -2.0 -3.0 -2.0 0.0 -3.0 -4.0 -3.0 0.0 -2.0 0.0 -244.0 0.0 -3.0 0.0 -4.0 -4.0 -1.0 -2.0 -4.0 -1.0 -4.0 -4.0 -3.0 0.0 -1.0 -4.0 0.0 -3.0 -4.0 0.0 -3.0 -3.0 0.0 0.0 -2.0 -1.0 -4.0 -4.0 -3.0 -2.0 -3.0 -1.0 -3.0 -4.0 -1.0 -4.0 0.0 -3.0 -2.0 -3.0 -3.0 -3.0 -2.0 -1.0 -3.0 -1.0 -3.0 -1.0 -1.0 0.0 0.0 -2.0 -2.0 0.0 -4.0 -2.0 0.0 -3.0 -4.0 -2.0 -4.0 -4.0 -3.0 0.0 0.0 0.0 -2.0 -2.0 -1.0 -1.0 -4.0 -4.0 -4.0 -4.0 0.0 
0.0 0.0 -4.0 -4.0 -4.0 -4.0 0.0 -4.0 -1.0 -1.0 -2.0 -3.0 -1.0 -1.0 -2.0 -3.0 -4.0 -3.0 0.0 -3.0 -3.0 -1.0 -4.0 -2.0 -1.0 -1.0 -1.0 0.0 0.0 0.0 -1.0 -4.0 -3.0 -2.0 -3.0 -4.0 -2.0 0.0 -4.0 0.0 -1.0 -239.0 -4.0 -3.0 -4.0 -3.0 -3.0 0.0 -1.0 -3.0 -1.0 0.0 -3.0 -3.0 0.0 -1.0 -2.0 0.0 -2.0 -3.0 0.0 -2.0 0.0 -4.0 -4.0 -3.0 -4.0 -3.0 -3.0 0.0 -2.0 0.0 -1.0 -1.0 -1.0 -2.0 -3.0 -4.0 -1.0 0.0 -4.0 -3.0 -2.0 -2.0 -3.0 -2.0 -2.0 -1.0 -4.0 -2.0 0.0 -4.0 -4.0 -4.0 -2.0 -2.0 -3.0 -4.0 -2.0 -4.0 -2.0 -2.0 -2.0 -3.0 -3.0 0.0 -2.0 -1.0 -2.0 -4.0 -1.0 -2.0 -3.0 -3.0 0.0 
-4.0 0.0 -4.0 0.0 -1.0 -3.0 -2.0 -1.0 -1.0 -2.0 0.0 -4.0 -2.0 -1.0 -3.0 0.0 -2.0 0.0 -3.0 -3.0 -3.0 -3.0 -3.0 -2.0 -1.0 -4.0 -2.0 -3.0 -4.0 0.0 -2.0 -4.0 -3.0 -3.0 -1.0 -4.0 0.0 -2.0 -2.0 -1.0 -2.0 -4.0 -233.0 -4.0 -4.0 0.0 -3.0 -4.0 0.0 -2.0 -3.0 0.0 -3.0 -1.0 0.0 -3.0 -2.0 0.0 -3.0 -3.0 -3.0 -2.0 -4.0 -2.0 -2.0 -2.0 -2.0 -4.0 -3.0 0.0 -3.0 0.0 -3.0 0.0 -2.0 -4.0 0.0 -2.0 0.0 -2.0 -3.0 -1.0 -3.0 -1.0 0.0 0.0 -4.0 -2.0 -2.0 -2.0 -4.0 -4.0 -1.0 0.0 -4.0 -1.0 0.0 -1.0 -3.0 -1.0 -1.0 -3.0 -3.0 -3.0 -1.0 -4.0 -2.0 -1.0 -1.0 -4.0 -3.0 -1.0 0.0 -4.0 -1.0 
-3.0 -3.0 -1.0 -2.0 -3.0 -2.0 -2.0 -1.0 -3.0 -1.0 -2.0 -1.0 -2.0 -1.0 -3.0 0.0 -4.0 -2.0 -3.0 -1.0 0.0 0.0 -4.0 -4.0 -3.0 -1.0 -4.0 -3.0 -2.0 0.0 -2.0 -1.0 -4.0 -2.0 -4.0 -4.0 0.0 0.0 -1.0 -4.0 -2.0 -2.0 -1.0 -228.0 -1.0 0.0 -4.0 -2.0 -4.0 -4.0 -3.0 0.0 -4.0 -4.0 0.0 -1.0 -3.0 -2.0 -4.0 0.0 -3.0 0.0 -3.0 0.0 -4.0 -4.0 0.0 -3.0 -2.0 -1.0 0.0 -2.0 -3.0 -4.0 -1.0 -1.0 0.0 0.0 -3.0 -3.0 -1.0 -4.0 -2.0 -4.0 -4.0 -1.0 -2.0 0.0 -1.0 -4.0 -4.0 0.0 0.0 0.0 -3.0 -4.0 -3.0 0.0 -4.0 -2.0 -2.0 0.0 -3.0 -1.0 0.0 -3.0 -3.0 -2.0 -4.0 0.0 -1.0 0.0 -1.0 -3.0 -1.0 
-4.0 -3.0 0.0 -4.0 -2.0 0.0 -4.0 -3.0 -3.0 -1.0 0.0 0.0 -2.0 -2.0 -3.0 -1.0 -1.0 -1.0 -1.0 -1.0 -3.0 -3.0 -3.0 -2.0 -4.0 0.0 -3.0 -1.0 0.0 -3.0 -4.0 -3.0 0.0 -2.0 0.0 -4.0 0.0 -4.0 -2.0 -1.0 0.0 -1.0 -1.0 -3.0 -204.0 0.0 0.0 -2.0 -1.0 0.0 0.0 0.0 -3.0 -2.0 0.0 -1.0 -4.0 0.0 -1.0 0.0 -1.0 -3.0 -1.0 -1.0 -4.0 -4.0 -3.0 0.0 0.0 -2.0 -2.0 -4.0 -3.0 -2.0 -4.0 -3.0 -1.0 -1.0 -4.0 -1.0 -2.0 -2.0 -2.0 -3.0 -3.0 -2.0 -2.0 0.0 0.0 -3.0 -1.0 -3.0 0.0 -1.0 -2.0 0.0 -4.0 -3.0 0.0 -2.0 -1.0 -1.0 -2.0 -1.0 -4.0 -3.0 -2.0 0.0 -2.0 0.0 -2.0 -1.0 -4.0 -1.0 -4.0 
-3.0 -2.0 -1.0 -2.0 -2.0 -4.0 0.0 -2.0 -3.0 -3.0 -3.0 -2.0 -1.0 -1.0 -2.0 -2.0 -3.0 -3.0 -4.0 -3.0 -4.0 -2.0 0.0 -2.0 -3.0 -3.0 0.0 -4.0 -2.0 -4.0 -1.0 -4.0 -3.0 0.0 -2.0 -4.0 0.0 0.0 -1.0 -4.0 -1.0 -2.0 -4.0 -3.0 0.0 -230.0 0.0 0.0 0.0 -3.0 -1.0 -4.0 0.0 -4.0 0.0 0.0 -2.0 -2.0 -2.0 -3.0 -3.0 -2.0 -1.0 -3.0 -2.0 -1.0 0.0 -1.0 -2.0 -4.0 -4.0 -3.0 -2.0 -2.0 -1.0 -1.0 0.0 -2.0 -2.0 -4.0 -3.0 0.0 -2.0 -2.0 -2.0 -2.0 -4.0 -1.0 0.0 -2.0 -3.0 -2.0 -1.0 -2.0 -3.0 -3.0 -4.0 -1.0 -3.0 -2.0 -4.0 -3.0 0.0 0.0 0.0 -3.0 -3.0 -1.0 -1.0 -3.0 0.0 -4.0 -4.0 -2.0 0.0 
-2.0 -1.0 0.0 -3.0 -4.0 -4.0 -3.0 -1.0 0.0 -2.0 -1.0 -4.0 -1.0 -2.0 -1.0 -3.0 -1.0 -4.0 0.0 -3.0 -4.0 -3.0 -2.0 -1.0 -3.0 -3.0 -1.0 -2.0 -1.0 -3.0 0.0 -2.0 -3.0 -1.0 -2.0 0.0 -4.0 -3.0 -1.0 -4.0 -1.0 0.0 -3.0 -3.0 0.0 -4.0 -219.0 -4.0 0.0 -3.0 -2.0 0.0 -4.0 -3.0 -3.0 -3.0 -2.0 -3.0 0.0 0.0 0.0 -4.0 0.0 -1.0 -1.0 -4.0 -1.0 -2.0 0.0 -1.0 -1.0 -3.0 -1.0 -1.0 0.0 -2.0 -1.0 0.0 -3.0 0.0 -4.0 -1.0 -1.0 -1.0 -2.0 -3.0 -1.0 -2.0 -2.0 0.0 -4.0 -3.0 -2.0 -2.0 0.0 -3.0 0.0 -2.0 -4.0 -3.0 -4.0 -3.0 -2.0 -3.0 -3.0 -3.0 0.0 0.0 -1.0 -4.0 -4.0 -1.0 -4.0 0.0 0.0 
-1.0 -2.0 -3.0 -4.0 -2.0 -3.0 -2.0 -2.0 -4.0 0.0 -2.0 -3.0 -3.0 -2.0 -2.0 -4.0 0.0 -3.0 -1.0 -2.0 -2.0 -3.0 -1.0 -2.0 -2.0 -4.0 -4.0 -2.0 -4.0 -3.0 -3.0 -3.0 -3.0 -2.0 -2.0 -1.0 -4.0 -1.0 -4.0 -3.0 -2.0 -3.0 -4.0 -4.0 -2.0 -2.0 0.0 -253.0 -2.0 0.0 -1.0 -2.0 0.0 -3.0 -4.0 -4.0 -2.0 -3.0 -2.0 0.0 -1.0 -1.0 -4.0 0.0 -2.0 -2.0 -4.0 -4.0 -3.0 -3.0 -1.0 0.0 -2.0 -3.0 -2.0 -3.0 -1.0 0.0 -4.0 -2.0 -4.0 -2.0 -4.0 -4.0 -2.0 -2.0 -4.0 0.0 -2.0 -1.0 0.0 -2.0 -4.0 0.0 0.0 -3.0 -3.0 -4.0 -2.0 -1.0 -3.0 0.0 -1.0 0.0 -1.0 -3.0 0.0 -4.0 -4.0 -3.0 -3.0 0.0 -4.0 -1.0 -2.0 
-4.0 -4.0 -2.0 -2.0 -1.0 -3.0 -4.0 -1.0 0.0 -3.0 0.0 0.0 -4.0 0.0 -4.0 -2.0 -1.0 -3.0 -1.0 0.0 -3.0 0.0 -2.0 0.0 0.0 0.0 -4.0 -3.0 -1.0 0.0 0.0 -4.0 -3.0 -1.0 -3.0 -4.0 -2.0 -3.0 -2.0 0.0 -4.0 -3.0 -1.0 -2.0 -1.0 0.0 -4.0 0.0 -213.0 -3.0 0.0 -3.0 -3.0 0.0 -3.0 -3.0 -4.0 0.0 -4.0 -3.0 -1.0 -3.0 0.0 -1.0 0.0 -3.0 -2.0 -4.0 -1.0 -3.0 -4.0 0.0 -3.0 -2.0 -2.0 -1.0 -1.0 -2.0 -4.0 -4.0 -3.0 -3.0 0.0 0.0 0.0 0.0 -4.0 -1.0 -3.0 0.0 -2.0 0.0 0.0 -4.0 0.0 0.0 0.0 0.0 -1.0 -4.0 0.0 -2.0 0.0 -2.0 -2.0 -3.0 -3.0 -4.0 0.0 -3.0 -3.0 -1.0 -4.0 -3.0 -2.0 
-3.0 -2.0 -1.0 -1.0 0.0 -2.0 -1.0 -4.0 -3.0 -3.0 0.0 -1.0 -2.0 -1.0 0.0 -3.0 0.0 0.0 -3.0 0.0 0.0 0.0 0.0 -4.0 -3.0 -1.0 -4.0 -4.0 -1.0 -2.0 -2.0 -1.0 -1.0 -4.0 -3.0 0.0 -1.0 -4.0 -1.0 -4.0 -1.0 -4.0 -2.0 -1.0 0.0 -4.0 -3.0 -2.0 -2.0 -221.0 -3.0 -1.0 -2.0 -2.0 -1.0 -1.0 -4.0 -2.0 -2.0 -2.0 -4.0 -4.0 -1.0 -4.0 -1.0 -2.0 -1.0 -1.0 -1.0 -1.0 -4.0 -4.0 -4.0 -2.0 0.0 -2.0 0.0 -3.0 0.0 -3.0 0.0 -2.0 -4.0 0.0 -1.0 0.0 -3.0 -3.0 -2.0 -4.0 -1.0 -4.0 -4.0 -3.0 -3.0 -2.0 -3.0 -2.0 -2.0 0.0 -3.0 -1.0 0.0 -4.0 0.0 -1.0 -1.0 0.0 -1.0 -3.0 -2.0 -4.0 -4.0 -2.0 -1.0 
-3.0 -1.0 -4.0 -3.0 -3.0 -3.0 -4.0 -4.0 -3.0 -4.0 0.0 0.0 -1.0 -3.0 -2.0 -1.0 -3.0 -4.0 -3.0 -2.0 -4.0 0.0 -1.0 -1.0 -1.0 -2.0 -3.0 -1.0 -2.0 -3.0 -1.0 -4.0 -2.0 -3.0 -2.0 -1.0 -1.0 -2.0 -4.0 0.0 0.0 0.0 -1.0 -1.0 0.0 -2.0 -1.0 0.0 -2.0 -1.0 -236.0 -3.0 -2.0 -1.0 -2.0 -4.0 -1.0 -4.0 -2.0 0.0 -3.0 -2.0 -2.0 -4.0 -2.0 -3.0 -1.0 -3.0 -3.0 0.0 -4.0 0.0 -2.0 -3.0 -3.0 -2.0 0.0 -3.0 0.0 -4.0 -4.0 -2.0 -2.0 -1.0 0.0 -2.0 -3.0 -1.0 -2.0 -2.0 -4.0 0.0 -1.0 -1.0 -3.0 -4.0 -4.0 -4.0 -4.0 -3.0 -4.0 0.0 -2.0 -3.0 0.0 -2.0 0.0 -1.0 0.0 -3.0 -4.0 -1.0 -1.0 -4.0 -4.0 
-3.0 0.0 -4.0 -4.0 -1.0 0.0 -3.0 -3.0 -3.0 -1.0 -1.0 -4.0 -1.0 0.0 0.0 -3.0 -4.0 -1.0 0.0 -3.0 -2.0 -4.0 0.0 0.0 -4.0 -1.0 -2.0 -2.0 -4.0 -3.0 -4.0 -3.0 0.0 -2.0 -3.0 -3.0 0.0 -2.0 -1.0 -4.0 -3.0 -4.0 -3.0 -3.0 -2.0 -1.0 -3.0 -2.0 -2.0 -2.0 -1.0 -220.0 -4.0 -1.0 -3.0 -1.0 -2.0 0.0 -2.0 -2.0 -1.0 -3.0 -3.0 -3.0 0.0 -1.0 -3.0 -4.0 -3.0 -4.0 -2.0 0.0 -4.0 0.0 -1.0 -1.0 0.0 0.0 -2.0 -4.0 0.0 -3.0 -2.0 -3.0 0.0 -1.0 -4.0 -2.0 0.0 -4.0 -1.0 0.0 -1.0 -2.0 0.0 0.0 -1.0 0.0 -4.0 -4.0 0.0 -1.0 -1.0 -1.0 0.0 -2.0 -4.0 -1.0 -2.0 -3.0 -3.0 -2.0 -3.0 0.0 -2.0 
-2.0 -3.0 -1.0 0.0 -2.0 -1.0 0.0 -3.0 -1.0 -4.0 -2.0 -1.0 -3.0 0.0 -1.0 0.0 -1.0 -2.0 -3.0 0.0 0.0 -3.0 -3.0 0.0 -3.0 -4.0 -2.0 -3.0 -4.0 -2.0 -1.0 -3.0 0.0 -3.0 -1.0 -2.0 0.0 -1.0 -1.0 -2.0 -4.0 -4.0 -4.0 0.0 -3.0 0.0 -3.0 0.0 0.0 -3.0 -2.0 -4.0 -205.0 0.0 -3.0 -2.0 -1.0 -2.0 -1.0 -3.0 -4.0 -1.0 -4.0 -3.0 -1.0 -4.0 -4.0 0.0 0.0 -4.0 -4.0 0.0 -1.0 -1.0 -2.0 -4.0 -1.0 -2.0 0.0 0.0 -4.0 -4.0 0.0 -1.0 -3.0 -1.0 0.0 -3.0 -3.0 -3.0 -1.0 -3.0 -4.0 0.0 -1.0 -3.0 -3.0 -1.0 0.0 -2.0 -1.0 0.0 -2.0 0.0 -1.0 -4.0 0.0 0.0 -1.0 0.0 0.0 -4.0 -2.0 0.0 -3.0 
-1.0 -1.0 -4.0 -2.0 -4.0 -1.0 -1.0 -4.0 -3.0 -2.0 -3.0 -1.0 -4.0 -4.0 -1.0 -3.0 0.0 0.0 0.0 -2.0 0.0 -4.0 -2.0 -1.0 -4.0 -1.0 -2.0 -3.0 -4.0 0.0 -1.0 -3.0 -3.0 -2.0 -2.0 -3.0 -4.0 -1.0 -1.0 0.0 -4.0 -3.0 0.0 -4.0 -1.0 -2.0 -3.0 0.0 -2.0 -4.0 -2.0 -4.0 0.0 -240.0 -3.0 0.0 -1.0 -2.0 0.0 -1.0 -4.0 -4.0 -3.0 -4.0 -4.0 -1.0 -1.0 0.0 -3.0 -2.0 -4.0 -2.0 -1.0 -4.0 -3.0 -1.0 -1.0 -3.0 -3.0 -4.0 -1.0 -4.0 -1.0 0.0 -3.0 -4.0 -2.0 -1.0 -3.0 -1.0 -4.0 -3.0 -1.0 -1.0 -2.0 -3.0 -3.0 -1.0 0.0 0.0 -4.0 -1.0 0.0 -2.0 -2.0 -4.0 0.0 -4.0 -4.0 -1.0 0.0 -4.0 0.0 -4.0 -2.0 
0.0 -4.0 -4.0 -4.0 -3.0 -1.0 -3.0 -2.0 -4.0 -1.0 -4.0 -3.0 -4.0 -4.0 -3.0 0.0 -1.0 -2.0 -2.0 -4.0 -4.0 -4.0 -3.0 0.0 -4.0 -1.0 -4.0 0.0 -2.0 -4.0 -3.0 -4.0 -1.0 0.0 -1.0 -3.0 -3.0 0.0 -1.0 -4.0 -4.0 -4.0 0.0 -4.0 -3.0 -3.0 -4.0 -4.0 -2.0 0.0 0.0 -2.0 -2.0 -4.0 -238.0 -3.0 -4.0 -1.0 0.0 -1.0 0.0 -1.0 -1.0 -3.0 -1.0 -1.0 0.0 -3.0 -3.0 -2.0 0.0 -1.0 -3.0 -2.0 0.0 -1.0 0.0 -2.0 -1.0 0.0 -4.0 0.0 -4.0 0.0 0.0 -3.0 -3.0 -1.0 -3.0 0.0 -3.0 -3.0 -2.0 -1.0 -1.0 -4.0 -1.0 -2.0 -1.0 -1.0 -3.0 -3.0 -1.0 -3.0 -1.0 0.0 -4.0 -3.0 -3.0 0.0 -1.0 0.0 -2.0 -4.0 -4.0 
-1.0 -4.0 -4.0 -3.0 -1.0 -3.0 -4.0 -4.0 0.0 -3.0 -4.0 -2.0 -4.0 -4.0 0.0 -2.0 -2.0 -3.0 -4.0 -2.0 -3.0 -4.0 0.0 -3.0 -4.0 -1.0 0.0 -2.0 -1.0 -3.0 -4.0 -2.0 -3.0 -3.0 -4.0 0.0 -1.0 -1.0 -2.0 -2.0 -4.0 -2.0 -1.0 0.0 -4.0 -3.0 0.0 -3.0 -2.0 0.0 -4.0 -4.0 -2.0 -4.0 0.0 -257.0 -3.0 -1.0 -3.0 0.0 0.0 0.0 -3.0 0.0 -1.0 -4.0 -2.0 -4.0 -1.0 -2.0 -4.0 -2.0 -2.0 -4.0 0.0 -2.0 -3.0 0.0 -4.0 -2.0 -2.0 -4.0 -3.0 0.0 -3.0 -2.0 -4.0 0.0 -4.0 -2.0 -2.0 -1.0 0.0 -4.0 -2.0 -4.0 -2.0 -3.0 -3.0 0.0 -3.0 -1.0 -3.0 -3.0 0.0 -3.0 0.0 -4.0 -4.0 -4.0 -4.0 -1.0 0.0 -4.0 -1.0 
-1.0 0.0 -4.0 -1.0 -4.0 0.0 -4.0 -4.0 0.0 -4.0 -3.0 -4.0 -4.0 -1.0 -1.0 -3.0 0.0 -2.0 -2.0 -4.0 0.0 0.0 -1.0 -4.0 -3.0 0.0 -1.0 -2.0 -3.0 -3.0 -3.0 -4.0 0.0 -4.0 -1.0 -2.0 -1.0 -1.0 0.0 -1.0 -3.0 -4.0 -3.0 -2.0 0.0 -1.0 -4.0 -4.0 -4.0 -3.0 -2.0 -3.0 -3.0 -4.0 -4.0 -2.0 -233.0 -2.0 0.0 -4.0 -4.0 -3.0 -2.0 -1.0 -1.0 0.0 -1.0 0.0 -2.0 0.0 -4.0 -2.0 -2.0 -2.0 -1.0 -3.0 -3.0 -2.0 -4.0 -4.0 -2.0 -1.0 -4.0 0.0 -1.0 -2.0 -2.0 -1.0 -1.0 -3.0 -3.0 -1.0 -4.0 -4.0 -3.0 0.0 -1.0 -1.0 -3.0 -1.0 -3.0 0.0 0.0 0.0 -2.0 -2.0 0.0 -3.0 -1.0 -1.0 -4.0 0.0 -3.0 -2.0 -1.0 
-1.0 -1.0 -1.0 -3.0 -4.0 0.0 -4.0 -2.0 -2.0 -2.0 -2.0 0.0 -3.0 0.0 -3.0 -3.0 -1.0 -1.0 -4.0 -1.0 -1.0 0.0 -4.0 -2.0 -3.0 -4.0 -3.0 -2.0 -2.0 -3.0 0.0 -3.0 0.0 -3.0 0.0 -2.0 0.0 -1.0 0.0 0.0 -3.0 -2.0 -4.0 -2.0 -3.0 0.0 -3.0 -3.0 -1.0 -3.0 -3.0 -1.0 -2.0 -2.0 -2.0 0.0 0.0 -205.0 0.0 -1.0 -3.0 -3.0 -3.0 -4.0 0.0 -3.0 -3.0 -3.0 -3.0 -2.0 0.0 -1.0 -4.0 -1.0 -3.0 -2.0 0.0 -1.0 -2.0 -4.0 -1.0 -3.0 -3.0 -4.0 0.0 0.0 -2.0 -1.0 -1.0 -1.0 -1.0 -3.0 -1.0 -3.0 0.0 -1.0 -2.0 -1.0 -1.0 0.0 -2.0 -2.0 0.0 -4.0 -4.0 0.0 -3.0 0.0 -3.0 -1.0 0.0 -1.0 -1.0 -1.0 -3.0 
0.0 0.0 -4.0 -1.0 0.0 -1.0 -1.0 -2.0 -4.0 0.0 0.0 -1.0 -2.0 0.0 -4.0 -4.0 -1.0 -3.0 0.0 -1.0 -2.0 0.0 -1.0 -4.0 -3.0 -4.0 -3.0 -2.0 -4.0 -2.0 -2.0 0.0 -3.0 -2.0 -2.0 0.0 -3.0 -2.0 -4.0 -4.0 0.0 0.0 -4.0 -1.0 -2.0 -2.0 -3.0 -3.0 0.0 -3.0 -2.0 0.0 -1.0 0.0 -1.0 0.0 -1.0 -1.0 -210.0 -2.0 -1.0 -3.0 -4.0 -3.0 -2.0 -2.0 -1.0 -1.0 -3.0 -1.0 -1.0 0.0 -1.0 -3.0 -1.0 -4.0 0.0 -3.0 0.0 -3.0 -3.0 -2.0 0.0 -4.0 -3.0 -1.0 -2.0 -1.0 -1.0 -4.0 -2.0 0.0 -2.0 0.0 -3.0 -4.0 -2.0 -1.0 -3.0 -2.0 0.0 -3.0 0.0 -2.0 0.0 -4.0 0.0 -1.0 -4.0 -3.0 -2.0 -4.0 -4.0 -3.0 -1.0 
0.0 -4.0 -1.0 -4.0 -2.0 0.0 -3.0 -2.0 0.0 -3.0 -4.0 -3.0 -4.0 -2.0 -4.0 -3.0 -3.0 -4.0 0.0 -4.0 -2.0 -3.0 -2.0 -4.0 -2.0 -1.0 -2.0 0.0 -1.0 -4.0 0.0 -1.0 -3.0 -4.0 -3.0 -3.0 0.0 -1.0 -3.0 -1.0 -2.0 0.0 -4.0 -1.0 -1.0 0.0 -4.0 -3.0 -1.0 0.0 -3.0 -3.0 -3.0 -2.0 -2.0 0.0 -2.0 -2.0 -4.0 -241.0 -1.0 -3.0 -2.0 0.0 -4.0 -3.0 -3.0 -4.0 -4.0 0.0 -1.0 -3.0 -2.0 0.0 -4.0 -1.0 -4.0 -1.0 -1.0 -1.0 -2.0 -2.0 -4.0 -2.0 -3.0 -1.0 0.0 -4.0 -2.0 -1.0 -2.0 -4.0 0.0 -1.0 -2.0 0.0 -4.0 -4.0 0.0 -2.0 0.0 -4.0 -3.0 -3.0 0.0 -3.0 -4.0 -3.0 0.0 -2.0 -3.0 -3.0 0.0 -3.0 -1.0 
-1.0 -2.0 -4.0 -2.0 -1.0 -4.0 -1.0 -4.0 -4.0 -1.0 -3.0 -2.0 -3.0 -2.0 -4.0 0.0 -2.0 -1.0 0.0 -1.0 -4.0 0.0 -4.0 -4.0 -3.0 -4.0 -4.0 -4.0 0.0 0.0 -2.0 -1.0 0.0 -4.0 -3.0 0.0 -3.0 0.0 -1.0 -1.0 0.0 -4.0 0.0 -1.0 -4.0 -1.0 -4.0 -1.0 0.0 -2.0 -4.0 -2.0 -3.0 -1.0 -2.0 -3.0 0.0 0.0 -4.0 -1.0 -211.0 -1.0 -1.0 -3.0 -3.0 -1.0 -4.0 -2.0 -4.0 -4.0 -2.0 -1.0 0.0 -1.0 0.0 -2.0 0.0 0.0 -1.0 -1.0 0.0 -4.0 -4.0 -1.0 0.0 -1.0 -3.0 -3.0 0.0 -3.0 -3.0 0.0 -2.0 0.0 -1.0 -4.0 -2.0 -1.0 -1.0 -2.0 0.0 -3.0 -1.0 0.0 -1.0 -2.0 -3.0 -1.0 -1.0 -2.0 -3.0 -2.0 -1.0 0.0 -4.0 
-1.0 -4.0 -1.0 -3.0 -1.0 -3.0 0.0 -1.0 -3.0 -2.0 -2.0 0.0 0.0 -3.0 0.0 -3.0 0.0 -1.0 -2.0 0.0 -3.0 -3.0 -2.0 -3.0 -4.0 -4.0 0.0 0.0 -2.0 -3.0 -2.0 -2.0 -3.0 -2.0 -1.0 -3.0 -3.0 0.0 -2.0 -1.0 0.0 -4.0 0.0 -3.0 -1.0 0.0 -4.0 -4.0 0.0 -1.0 0.0 -4.0 0.0 0.0 -3.0 0.0 -3.0 -1.0 -2.0 -1.0 -3.0 -218.0 0.0 0.0 -3.0 0.0 -1.0 -3.0 -3.0 -1.0 -3.0 -3.0 0.0 -4.0 -4.0 -2.0 -4.0 -3.0 -1.0 -4.0 -1.0 -1.0 -2.0 0.0 -1.0 -4.0 -4.0 -4.0 -3.0 0.0 -2.0 -2.0 -1.0 -3.0 0.0 -2.0 -4.0 0.0 -3.0 -3.0 -2.0 -1.0 -4.0 -3.0 -4.0 -2.0 -1.0 -1.0 0.0 -2.0 -2.0 -4.0 0.0 -2.0 -4.0 
-4.0 -3.0 0.0 -3.0 -1.0 -3.0 0.0 -2.0 -3.0 0.0 -3.0 -1.0 -1.0 -3.0 -2.0 -2.0 -3.0 -3.0 -3.0 -3.0 -1.0 -2.0 0.0 -1.0 -2.0 -2.0 -3.0 -3.0 0.0 -4.0 0.0 -4.0 -2.0 -3.0 -1.0 -3.0 -4.0 -3.0 0.0 -4.0 -4.0 -3.0 -1.0 -3.0 -2.0 -2.0 -1.0 -3.0 -3.0 0.0 0.0 -2.0 -2.0 -4.0 -4.0 -4.0 -2.0 0.0 -4.0 -1.0 -1.0 -2.0 -232.0 -3.0 0.0 -2.0 -3.0 -3.0 -1.0 -3.0 -4.0 -1.0 -2.0 0.0 -1.0 -1.0 -1.0 0.0 -3.0 0.0 0.0 0.0 -2.0 -2.0 -3.0 -1.0 -2.0 -4.0 -1.0 0.0 -4.0 -3.0 -1.0 -1.0 -1.0 -2.0 -1.0 -3.0 -2.0 -4.0 0.0 -2.0 -4.0 0.0 -2.0 -4.0 -4.0 -2.0 -2.0 0.0 -4.0 -1.0 -4.0 -4.0 -1.0 
-4.0 0.0 -1.0 -4.0 -1.0 -1.0 -2.0 -3.0 -4.0 -3.0 -1.0 -2.0 -4.0 -1.0 -1.0 -2.0 -3.0 -1.0 -1.0 -3.0 -4.0 0.0 0.0 -1.0 -3.0 -2.0 0.0 -3.0 0.0 -2.0 -2.0 -1.0 0.0 -2.0 0.0 0.0 -1.0 -2.0 -2.0 -1.0 0.0 -2.0 -2.0 -1.0 0.0 -1.0 0.0 0.0 -4.0 -4.0 -3.0 0.0 -1.0 -3.0 -4.0 -4.0 -3.0 -4.0 0.0 -3.0 0.0 -3.0 -1.0 -209.0 -3.0 -2.0 -2.0 -1.0 -2.0 0.0 0.0 -2.0 0.0 -3.0 0.0 0.0 -1.0 -2.0 -4.0 -2.0 0.0 -4.0 -4.0 -3.0 -4.0 -3.0 -2.0 -2.0 0.0 -1.0 -2.0 -3.0 -4.0 -2.0 -3.0 -1.0 0.0 0.0 -1.0 -2.0 -4.0 -4.0 -4.0 -4.0 -4.0 -1.0 -2.0 -2.0 -3.0 -2.0 -1.0 -1.0 -1.0 0.0 0.0 
-3.0 -4.0 0.0 -2.0 -2.0 -2.0 -4.0 0.0 -3.0 -2.0 -2.0 -3.0 -4.0 -2.0 -2.0 -3.0 0.0 -4.0 -3.0 -3.0 -4.0 -2.0 -2.0 -4.0 -3.0 -2.0 0.0 -1.0 -4.0 0.0 -1.0 -1.0 -1.0 -4.0 0.0 0.0 -4.0 -4.0 0.0 -3.0 -1.0 -4.0 -4.0 -1.0 -1.0 -4.0 -4.0 0.0 -3.0 -1.0 -2.0 -1.0 -1.0 -1.0 -4.0 0.0 -3.0 0.0 -4.0 -4.0 -4.0 0.0 0.0 -4.0 -240.0 -3.0 -1.0 -4.0 -1.0 -2.0 -4.0 -2.0 -4.0 -1.0 0.0 -1.0 -4.0 -3.0 -1.0 -1.0 -1.0 -2.0 -1.0 -3.0 -2.0 -3.0 -2.0 -3.0 0.0 -4.0 -1.0 -3.0 -4.0 -4.0 0.0 0.0 -2.0 -2.0 -1.0 -1.0 -3.0 0.0 -3.0 -2.0 -3.0 -3.0 -1.0 -2.0 0.0 -2.0 -2.0 -1.0 -3.0 -1.0 -4.0 
-1.0 0.0 -2.0 -1.0 -2.0 -2.0 -3.0 0.0 -2.0 -1.0 -2.0 -2.0 -3.0 -4.0 -4.0 0.0 -1.0 -1.0 -1.0 0.0 0.0 0.0 -2.0 -1.0 0.0 0.0 -3.0 -4.0 -2.0 -3.0 -3.0 -1.0 -4.0 -4.0 -2.0 -1.0 0.0 -3.0 -4.0 -1.0 0.0 -3.0 -1.0 -2.0 -3.0 -2.0 0.0 -4.0 -1.0 -4.0 0.0 -3.0 -2.0 -3.0 0.0 -4.0 -3.0 -1.0 -4.0 -3.0 -4.0 -2.0 -1.0 0.0 -4.0 -206.0 -4.0 -1.0 -1.0 -1.0 -4.0 -2.0 0.0 -3.0 -1.0 -1.0 -2.0 -1.0 -3.0 -3.0 -2.0 -3.0 -2.0 0.0 -4.0 -3.0 -2.0 -1.0 -2.0 0.0 -1.0 0.0 -4.0 -2.0 0.0 -3.0 0.0 -1.0 -3.0 0.0 -2.0 0.0 -4.0 -1.0 -3.0 -2.0 -4.0 0.0 -1.0 -1.0 -2.0 0.0 0.0 0.0 -2.0 
-4.0 -3.0 -2.0 -4.0 -3.0 -1.0 -1.0 -1.0 -1.0 -4.0 -3.0 -2.0 -2.0 -2.0 -3.0 -1.0 -3.0 -3.0 -1.0 -4.0 -2.0 -4.0 -4.0 -3.0 -2.0 -2.0 -4.0 -1.0 -4.0 -3.0 -3.0 -2.0 -1.0 0.0 -2.0 -1.0 -1.0 -2.0 -4.0 -1.0 0.0 -2.0 -3.0 -2.0 -3.0 -2.0 0.0 -3.0 0.0 -3.0 -4.0 -4.0 -1.0 -4.0 0.0 0.0 0.0 -1.0 0.0 0.0 0.0 -3.0 -1.0 -2.0 -2.0 -4.0 -237.0 -3.0 -3.0 -2.0 -3.0 -4.0 -4.0 -3.0 -2.0 0.0 -1.0 -2.0 0.0 0.0 -1.0 -3.0 -1.0 -1.0 -3.0 -4.0 0.0 -2.0 -1.0 -1.0 -4.0 -4.0 -2.0 -3.0 0.0 0.0 -2.0 -3.0 -1.0 -4.0 0.0 -4.0 -2.0 -2.0 -1.0 -2.0 -2.0 -1.0 0.0 -2.0 -1.0 -4.0 -3.0 -4.0 -4.0 
-2.0 0.0 -4.0 -2.0 -2.0 -4.0 0.0 -4.0 0.0 -1.0 -3.0 -3.0 -4.0 -3.0 -2.0 -2.0 -4.0 -1.0 -4.0 -4.0 -1.0 -3.0 -4.0 -3.0 0.0 0.0 0.0 -2.0 -4.0 -4.0 -1.0 0.0 -4.0 -2.0 -1.0 -2.0 -1.0 -1.0 -3.0 -1.0 0.0 -3.0 -3.0 -3.0 -4.0 0.0 0.0 -4.0 -4.0 -2.0 -3.0 -4.0 0.0 -3.0 -3.0 -1.0 -2.0 -1.0 -2.0 0.0 -2.0 -2.0 -1.0 -1.0 -1.0 -1.0 -1.0 -232.0 -3.0 -1.0 -1.0 -2.0 -3.0 -3.0 0.0 -4.0 -1.0 0.0 -3.0 0.0 -4.0 0.0 -2.0 0.0 -2.0 -3.0 -3.0 -4.0 -4.0 0.0 -1.0 -2.0 -2.0 -1.0 -4.0 -4.0 -2.0 -3.0 -1.0 -4.0 -2.0 -2.0 -2.0 -3.0 -1.0 -1.0 -2.0 -3.0 -3.0 -2.0 -3.0 -1.0 0.0 0.0 -3.0 
-4.0 -1.0 -4.0 -2.0 -4.0 -2.0 0.0 0.0 -2.0 -1.0 -1.0 0.0 -2.0 -4.0 0.0 -3.0 -2.0 -2.0 -4.0 0.0 -1.0 -4.0 -3.0 -1.0 -3.0 -3.0 0.0 -3.0 -2.0 -1.0 -1.0 0.0 -3.0 -1.0 -4.0 -4.0 -3.0 -2.0 0.0 -4.0 -2.0 -3.0 -1.0 -3.0 0.0 -1.0 -3.0 -1.0 -4.0 -2.0 -3.0 -1.0 -1.0 -1.0 -1.0 -4.0 -1.0 -2.0 -4.0 -4.0 0.0 -1.0 -4.0 0.0 0.0 -1.0 -1.0 -3.0 -229.0 0.0 -1.0 -3.0 0.0 -1.0 -4.0 -2.0 -3.0 0.0 0.0 -2.0 -2.0 -2.0 -1.0 -2.0 -3.0 -4.0 -4.0 -1.0 -4.0 -4.0 -4.0 -4.0 -2.0 -3.0 -2.0 -2.0 -3.0 0.0 -2.0 -4.0 -1.0 -2.0 0.0 -4.0 -3.0 -1.0 -1.0 -2.0 -3.0 0.0 -1.0 -2.0 -2.0 -3.0 -2.0 
-2.0 -3.0 -4.0 -1.0 -1.0 -4.0 -1.0 -3.0 -1.0 -2.0 -3.0 -1.0 -4.0 -3.0 -3.0 -3.0 0.0 -2.0 0.0 -1.0 0.0 0.0 0.0 -1.0 -2.0 -4.0 -2.0 -3.0 -1.0 0.0 -1.0 -4.0 -3.0 -4.0 -1.0 -1.0 0.0 0.0 -3.0 -4.0 -4.0 -4.0 0.0 -2.0 -4.0 -4.0 -3.0 -1.0 -1.0 -3.0 -3.0 0.0 -3.0 -2.0 -1.0 -4.0 0.0 0.0 -1.0 -2.0 -1.0 -4.0 -2.0 -3.0 -4.0 -3.0 -2.0 -2.0 -1.0 -238.0 -4.0 -3.0 -4.0 -1.0 -4.0 -3.0 -3.0 -1.0 -3.0 0.0 -4.0 0.0 -4.0 -2.0 -1.0 -3.0 -3.0 -3.0 -1.0 -2.0 -1.0 -3.0 -1.0 -4.0 0.0 0.0 -2.0 -3.0 -4.0 -1.0 -4.0 -4.0 -1.0 -3.0 -3.0 0.0 -1.0 -2.0 -1.0 -2.0 0.0 -4.0 -3.0 -1.0 -1.0 
-2.0 -2.0 -2.0 -3.0 -4.0 -1.0 -1.0 -2.0 -3.0 -4.0 0.0 0.0 0.0 -3.0 -1.0 -3.0 -1.0 0.0 0.0 -2.0 0.0 -4.0 -2.0 0.0 -3.0 -4.0 0.0 0.0 -3.0 -3.0 -2.0 0.0 -4.0 -1.0 -2.0 0.0 -3.0 -1.0 -2.0 -1.0 -1.0 -1.0 -3.0 -3.0 0.0 -3.0 -1.0 -1.0 -4.0 -3.0 -2.0 -2.0 -1.0 0.0 -3.0 -4.0 0.0 -4.0 -3.0 0.0 -2.0 -1.0 -1.0 0.0 0.0 0.0 -3.0 -3.0 -3.0 0.0 -204.0 -2.0 -1.0 -3.0 -4.0 0.0 -2.0 -1.0 -2.0 0.0 -4.0 0.0 -2.0 -1.0 -4.0 -2.0 -1.0 -2.0 -1.0 -4.0 0.0 -1.0 -2.0 -2.0 -4.0 -3.0 -4.0 -2.0 -1.0 -1.0 -2.0 -2.0 -3.0 -3.0 -2.0 -1.0 -4.0 0.0 -4.0 -3.0 0.0 0.0 -2.0 -1.0 0.0 
-4.0 0.0 -2.0 -4.0 -3.0 -1.0 -1.0 -1.0 0.0 -2.0 0.0 0.0 -4.0 0.0 -1.0 -1.0 0.0 -4.0 -4.0 -3.0 -2.0 -3.0 0.0 -2.0 -4.0 -2.0 -2.0 -1.0 -1.0 0.0 0.0 0.0 -3.0 -2.0 -4.0 -1.0 -2.0 0.0 0.0 -1.0 -4.0 -2.0 0.0 -1.0 -3.0 -1.0 -3.0 -1.0 -2.0 -3.0 -1.0 -2.0 -1.0 -3.0 -3.0 -4.0 0.0 -3.0 0.0 -4.0 -2.0 0.0 -3.0 -3.0 -2.0 -3.0 -2.0 0.0 -1.0 0.0 -1.0 -213.0 -2.0 -1.0 0.0 -3.0 -4.0 -2.0 -2.0 -4.0 -1.0 -2.0 0.0 -3.0 0.0 0.0 -1.0 -1.0 -4.0 -1.0 -2.0 -4.0 -1.0 -3.0 -2.0 -1.0 -4.0 -2.0 -2.0 -1.0 -3.0 -4.0 0.0 -2.0 0.0 -3.0 -4.0 -2.0 -3.0 -3.0 -3.0 -4.0 -2.0 0.0 -4.0 
-4.0 -3.0 -3.0 -1.0 -3.0 -3.0 -1.0 -2.0 -1.0 0.0 -4.0 -2.0 -3.0 0.0 -2.0 -4.0 -2.0 -2.0 -3.0 -4.0 -2.0 -4.0 -3.0 -1.0 -1.0 -4.0 0.0 -4.0 -1.0 -3.0 -4.0 -4.0 -3.0 -3.0 -4.0 -3.0 -2.0 -4.0 0.0 -1.0 0.0 -1.0 -4.0 -3.0 -4.0 -4.0 -3.0 0.0 -1.0 -2.0 0.0 -4.0 -2.0 -3.0 -2.0 -4.0 0.0 -3.0 -1.0 0.0 0.0 0.0 -3.0 -3.0 -1.0 -3.0 -4.0 -1.0 -1.0 0.0 -4.0 -2.0 -257.0 -4.0 -1.0 -2.0 -4.0 -1.0 -1.0 -2.0 -4.0 -3.0 -1.0 -3.0 -4.0 -4.0 -4.0 0.0 -4.0 -2.0 -2.0 -1.0 0.0 -3.0 -3.0 -4.0 0.0 -4.0 0.0 -3.0 0.0 0.0 -3.0 -4.0 -2.0 -4.0 -3.0 0.0 -1.0 -4.0 -4.0 -4.0 -1.0 -1.0 -1.0 
-1.0 -2.0 -1.0 -4.0 -1.0 -2.0 0.0 -1.0 -2.0 -2.0 -4.0 -1.0 -4.0 0.0 -3.0 -2.0 -3.0 -1.0 -4.0 -2.0 -1.0 -3.0 -1.0 -4.0 -1.0 -1.0 0.0 0.0 0.0 -3.0 -4.0 0.0 -3.0 0.0 -4.0 -4.0 -2.0 -1.0 -1.0 -4.0 -2.0 -2.0 -3.0 -3.0 -1.0 -1.0 -3.0 -4.0 -1.0 -4.0 -1.0 -3.0 -4.0 -3.0 -4.0 0.0 -3.0 -1.0 -1.0 -4.0 -3.0 0.0 -2.0 -1.0 -3.0 -1.0 -4.0 0.0 -3.0 -2.0 -1.0 -3.0 -4.0 -235.0 -3.0 -2.0 0.0 -4.0 -2.0 0.0 0.0 -2.0 -3.0 0.0 -3.0 0.0 0.0 -3.0 -1.0 0.0 -4.0 0.0 -2.0 0.0 -3.0 -4.0 -4.0 -2.0 -1.0 -4.0 -2.0 -3.0 0.0 0.0 -3.0 -3.0 -4.0 -4.0 0.0 0.0 -4.0 -3.0 -4.0 -2.0 -4.0 
-4.0 -1.0 -2.0 -4.0 0.0 -2.0 -1.0 -3.0 -2.0 0.0 -4.0 -4.0 -3.0 -2.0 -3.0 0.0 -4.0 0.0 0.0 -3.0 -4.0 -1.0 -1.0 -1.0 -1.0 -4.0 -4.0 -1.0 -4.0 -1.0 -2.0 -1.0 0.0 0.0 -4.0 -3.0 -4.0 -3.0 -1.0 -2.0 -3.0 -1.0 -1.0 -1.0 -3.0 0.0 -4.0 -3.0 -1.0 -1.0 -4.0 -4.0 -4.0 -4.0 -3.0 0.0 -2.0 0.0 -1.0 -1.0 0.0 -3.0 0.0 -4.0 -4.0 -2.0 -3.0 0.0 -2.0 -2.0 -1.0 -4.0 -1.0 -1.0 -220.0 -3.0 0.0 -2.0 -3.0 -3.0 0.0 -3.0 -1.0 -2.0 -1.0 -4.0 -2.0 -3.0 -2.0 -4.0 0.0 -3.0 -4.0 -2.0 0.0 -1.0 0.0 -3.0 -3.0 -1.0 0.0 0.0 -2.0 -2.0 0.0 0.0 -1.0 -1.0 -3.0 -3.0 -3.0 0.0 -1.0 -2.0 0.0 
-2.0 -3.0 0.0 0.0 -1.0 -4.0 -3.0 -1.0 -4.0 -3.0 -4.0 0.0 -3.0 -1.0 -4.0 -1.0 -3.0 0.0 -3.0 0.0 -1.0 -3.0 -1.0 -2.0 -3.0 -1.0 -3.0 -1.0 -2.0 -4.0 -2.0 -1.0 -4.0 -3.0 0.0 0.0 -3.0 -2.0 -4.0 -2.0 -2.0 -3.0 0.0 -3.0 -1.0 -4.0 -1.0 -4.0 -2.0 -2.0 -1.0 -1.0 -2.0 -4.0 -2.0 0.0 0.0 -3.0 -4.0 0.0 0.0 -2.0 -2.0 -3.0 0.0 -2.0 -3.0 0.0 -4.0 -2.0 0.0 -4.0 -4.0 -4.0 -4.0 -223.0 -1.0 -1.0 -2.0 -2.0 -3.0 -3.0 -3.0 -2.0 -1.0 0.0 -3.0 -1.0 0.0 -2.0 -3.0 -1.0 0.0 -2.0 -4.0 -4.0 -4.0 0.0 0.0 -4.0 -4.0 -1.0 -1.0 -1.0 -3.0 -1.0 -1.0 -2.0 0.0 -1.0 0.0 -3.0 -1.0 -2.0 -1.0 
-4.0 -1.0 -3.0 -2.0 -2.0 0.0 -4.0 -3.0 -4.0 -2.0 -3.0 -1.0 -4.0 -2.0 -2.0 -4.0 0.0 -4.0 -4.0 -3.0 0.0 -4.0 -4.0 -2.0 -4.0 -1.0 -2.0 -3.0 -1.0 -2.0 -1.0 0.0 0.0 -4.0 -3.0 -3.0 0.0 -4.0 -3.0 -3.0 -4.0 0.0 -3.0 -3.0 -1.0 -2.0 -2.0 -2.0 -2.0 -4.0 -4.0 -2.0 0.0 -1.0 -2.0 -2.0 -4.0 -1.0 0.0 -1.0 0.0 0.0 0.0 -3.0 -3.0 0.0 -2.0 -2.0 -4.0 -2.0 -1.0 -4.0 -4.0 -1.0 -3.0 -4.0 -240.0 0.0 -2.0 -4.0 -1.0 0.0 -1.0 -1.0 -1.0 -3.0 -3.0 -2.0 -2.0 -2.0 -2.0 -1.0 -1.0 -4.0 0.0 -4.0 -3.0 -1.0 -3.0 -3.0 -1.0 -3.0 -3.0 -4.0 0.0 -2.0 -1.0 -1.0 -3.0 -2.0 -1.0 -3.0 -2.0 0.0 -1.0 
0.0 -1.0 -3.0 0.0 -1.0 -4.0 -1.0 -2.0 -4.0 -4.0 -4.0 -3.0 -3.0 -1.0 -4.0 -2.0 -1.0 -3.0 0.0 -1.0 -4.0 -4.0 -2.0 -2.0 -4.0 0.0 -1.0 0.0 -4.0 -3.0 -3.0 0.0 -1.0 -1.0 -4.0 -3.0 -2.0 -3.0 -1.0 -1.0 -2.0 -1.0 -2.0 -1.0 -1.0 -3.0 -2.0 -1.0 0.0 -3.0 -4.0 -1.0 -4.0 -4.0 -3.0 -4.0 -2.0 -3.0 0.0 0.0 -2.0 -1.0 0.0 0.0 0.0 -3.0 -2.0 -3.0 -2.0 -1.0 -4.0 -3.0 -1.0 -1.0 -2.0 -3.0 -3.0 -230.0 -3.0 -1.0 0.0 -1.0 -4.0 0.0 -3.0 -3.0 -3.0 -4.0 -2.0 -1.0 0.0 -1.0 -1.0 0.0 -1.0 -4.0 -4.0 0.0 -1.0 -4.0 -1.0 -3.0 -2.0 -4.0 -4.0 -1.0 -1.0 0.0 -4.0 -4.0 -3.0 -1.0 0.0 0.0 -4.0 
-1.0 -2.0 -3.0 -2.0 -1.0 0.0 -4.0 -2.0 0.0 -2.0 -4.0 -4.0 -2.0 -1.0 -4.0 -2.0 -4.0 -1.0 -2.0 -1.0 0.0 -1.0 -1.0 -1.0 -2.0 -4.0 0.0 -4.0 0.0 -1.0 -3.0 -4.0 -2.0 0.0 -3.0 -4.0 -1.0 -4.0 -1.0 -4.0 -4.0 -3.0 -1.0 -1.0 -3.0 -3.0 -4.0 -1.0 -3.0 0.0 -3.0 -2.0 -2.0 -4.0 0.0 -2.0 -1.0 -2.0 -3.0 0.0 0.0 -2.0 -1.0 0.0 -4.0 -4.0 -2.0 -1.0 -4.0 -4.0 -3.0 -3.0 -2.0 -1.0 -2.0 -3.0 -4.0 -3.0 -225.0 -3.0 -1.0 -2.0 -2.0 -1.0 -1.0 -3.0 -3.0 -2.0 -2.0 -1.0 0.0 -4.0 0.0 0.0 -2.0 -1.0 -3.0 -1.0 -4.0 -2.0 -3.0 0.0 -1.0 0.0 -2.0 -3.0 -1.0 -3.0 0.0 0.0 -4.0 -1.0 0.0 -1.0 -1.0 
-1.0 -3.0 0.0 -2.0 -2.0 0.0 -3.0 -3.0 -2.0 -4.0 -3.0 0.0 -1.0 -4.0 0.0 -1.0 -2.0 -3.0 -3.0 0.0 -4.0 0.0 -1.0 0.0 -3.0 -4.0 -2.0 -1.0 -2.0 -3.0 -1.0 -4.0 -3.0 -2.0 -4.0 -3.0 -2.0 -4.0 0.0 -1.0 -1.0 -3.0 -3.0 -2.0 -1.0 -3.0 0.0 0.0 -2.0 0.0 -4.0 0.0 -4.0 -1.0 -1.0 -4.0 -3.0 -1.0 -3.0 0.0 -4.0 -4.0 -3.0 -1.0 -2.0 -4.0 -1.0 -1.0 -4.0 -3.0 -2.0 -2.0 -3.0 -4.0 -2.0 -3.0 -1.0 0.0 -3.0 -222.0 -2.0 -1.0 -2.0 0.0 -4.0 -1.0 -1.0 -1.0 -4.0 0.0 -3.0 -4.0 -3.0 -4.0 -3.0 -1.0 -1.0 -2.0 -1.0 -1.0 -1.0 -1.0 0.0 0.0 -4.0 0.0 -1.0 0.0 -2.0 0.0 -2.0 -3.0 -3.0 0.0 -2.0 
-4.0 -2.0 -1.0 0.0 -3.0 -2.0 -4.0 0.0 -1.0 -1.0 -3.0 -1.0 -1.0 0.0 -2.0 -3.0 -2.0 0.0 -4.0 -1.0 -1.0 -4.0 0.0 -4.0 -4.0 0.0 0.0 -3.0 -1.0 -3.0 -3.0 -1.0 0.0 -3.0 -4.0 -4.0 -1.0 0.0 -1.0 -3.0 -2.0 -4.0 -3.0 -1.0 -4.0 0.0 -4.0 -3.0 -3.0 -2.0 -2.0 -4.0 -4.0 -2.0 0.0 -3.0 -3.0 0.0 -3.0 -2.0 -3.0 -2.0 -3.0 0.0 -3.0 -2.0 -1.0 -4.0 -3.0 -2.0 -2.0 -4.0 -3.0 -2.0 0.0 -3.0 0.0 -4.0 -1.0 0.0 -236.0 -4.0 -4.0 0.0 -3.0 -3.0 -4.0 -4.0 -4.0 0.0 0.0 -2.0 -4.0 0.0 0.0 0.0 -2.0 0.0 -3.0 0.0 -3.0 -3.0 0.0 -4.0 -2.0 -2.0 -4.0 -4.0 -1.0 -4.0 0.0 0.0 -4.0 0.0 -2.0 
-3.0 0.0 -1.0 -4.0 0.0 -1.0 -1.0 -1.0 -4.0 -4.0 -1.0 -1.0 -4.0 -3.0 -1.0 -3.0 -3.0 -3.0 0.0 -3.0 -1.0 -3.0 -2.0 0.0 -2.0 -2.0 0.0 -4.0 -2.0 -3.0 -2.0 -2.0 -3.0 -1.0 -1.0 -4.0 0.0 -2.0 -1.0 -2.0 -3.0 -2.0 -1.0 -1.0 -3.0 -4.0 -3.0 -1.0 -4.0 0.0 -1.0 -2.0 -4.0 -1.0 -3.0 -3.0 -2.0 -1.0 -3.0 -3.0 -3.0 -1.0 0.0 0.0 0.0 -1.0 -1.0 -1.0 0.0 -4.0 -2.0 -1.0 -3.0 -1.0 -3.0 -2.0 -1.0 0.0 0.0 -2.0 -4.0 -230.0 -4.0 -3.0 -4.0 -2.0 0.0 -3.0 -3.0 -2.0 0.0 0.0 -4.0 -3.0 -4.0 -4.0 -2.0 -1.0 -1.0 -3.0 -1.0 -3.0 -3.0 0.0 -2.0 -4.0 -3.0 -3.0 -4.0 -2.0 -2.0 0.0 -3.0 -4.0 0.0 
-4.0 0.0 -1.0 -3.0 -2.0 0.0 0.0 0.0 -1.0 0.0 -1.0 -3.0 0.0 -4.0 -2.0 -1.0 -1.0 0.0 0.0 0.0 -3.0 -4.0 -3.0 0.0 -2.0 -4.0 -2.0 0.0 -3.0 0.0 -2.0 -4.0 -1.0 -3.0 -1.0 -3.0 -1.0 -2.0 -4.0 -4.0 -2.0 -2.0 0.0 -4.0 -1.0 -3.0 -3.0 -4.0 -4.0 -4.0 -2.0 -2.0 0.0 -2.0 0.0 0.0 -3.0 0.0 -3.0 -2.0 -2.0 -2.0 -3.0 -3.0 0.0 -2.0 -1.0 -3.0 -2.0 0.0 -2.0 0.0 0.0 -2.0 0.0 -3.0 -4.0 -1.0 0.0 -4.0 -2.0 -2.0 -206.0 -1.0 -3.0 0.0 0.0 -1.0 -1.0 -3.0 0.0 -2.0 -1.0 -2.0 -3.0 -4.0 -4.0 -3.0 -1.0 -3.0 0.0 -4.0 -1.0 -4.0 0.0 0.0 -1.0 -3.0 -2.0 -4.0 0.0 -2.0 -4.0 -1.0 0.0 
-3.0 -3.0 -2.0 -4.0 -1.0 0.0 0.0 -4.0 0.0 0.0 -3.0 -1.0 0.0 0.0 -3.0 -1.0 -3.0 -1.0 -1.0 -4.0 -3.0 -1.0 0.0 -2.0 -2.0 -2.0 -2.0 -2.0 -1.0 0.0 -1.0 -3.0 -3.0 -2.0 -1.0 -2.0 -1.0 -3.0 -2.0 0.0 -1.0 -1.0 -2.0 -1.0 -3.0 -1.0 0.0 0.0 -3.0 -1.0 0.0 -1.0 -3.0 -3.0 -1.0 -2.0 0.0 -2.0 -3.0 -4.0 0.0 -1.0 -3.0 -3.0 0.0 0.0 0.0 0.0 0.0 -2.0 -4.0 -2.0 -3.0 -3.0 -1.0 -2.0 0.0 0.0 -3.0 0.0 0.0 -3.0 -1.0 -189.0 -4.0 -4.0 -4.0 0.0 -2.0 -4.0 -1.0 -2.0 0.0 -2.0 -3.0 -2.0 -3.0 -3.0 0.0 -1.0 -2.0 -1.0 0.0 -1.0 -4.0 -2.0 -4.0 -2.0 -3.0 0.0 -1.0 -1.0 0.0 -3.0 0.0 
-1.0 -4.0 -4.0 -3.0 -2.0 -2.0 -1.0 -4.0 0.0 -1.0 -4.0 -1.0 -1.0 -2.0 -4.0 0.0 -2.0 -1.0 -2.0 0.0 -1.0 -1.0 -2.0 0.0 -2.0 -2.0 -2.0 0.0 0.0 -3.0 -3.0 -4.0 0.0 -2.0 -3.0 -2.0 -2.0 -3.0 -3.0 -3.0 -1.0 0.0 -4.0 -2.0 -2.0 -1.0 -3.0 -4.0 -3.0 0.0 -1.0 -4.0 -2.0 -2.0 -2.0 -1.0 -1.0 -2.0 -4.0 0.0 0.0 -2.0 -3.0 -4.0 -3.0 0.0 -2.0 -1.0 -1.0 -1.0 -3.0 -4.0 -2.0 -2.0 -4.0 0.0 -2.0 -4.0 -3.0 -2.0 -4.0 -3.0 -3.0 -2.0 -242.0 -3.0 -3.0 0.0 -3.0 -1.0 -3.0 -3.0 -4.0 -1.0 -4.0 -3.0 0.0 -1.0 -4.0 -1.0 -4.0 -4.0 -2.0 0.0 -4.0 -4.0 -4.0 -2.0 0.0 -3.0 -4.0 -3.0 0.0 -1.0 -2.0 
-2.0 -1.0 0.0 -1.0 0.0 0.0 -1.0 -4.0 -2.0 -2.0 -1.0 -4.0 0.0 0.0 -1.0 -2.0 -3.0 0.0 0.0 -1.0 0.0 -1.0 -4.0 -4.0 -1.0 -4.0 -1.0 -1.0 -2.0 -4.0 -2.0 -1.0 -4.0 -1.0 -3.0 -2.0 -3.0 -3.0 -4.0 -1.0 -2.0 -3.0 -2.0 -1.0 -1.0 0.0 -3.0 -3.0 -1.0 -1.0 -1.0 0.0 -1.0 -3.0 -4.0 -1.0 -2.0 -1.0 -1.0 -2.0 -3.0 -4.0 0.0 -1.0 -3.0 -4.0 -1.0 -1.0 -3.0 -4.0 -4.0 -2.0 -4.0 -1.0 -1.0 -4.0 -1.0 -2.0 -1.0 -1.0 -2.0 -2.0 0.0 -4.0 -1.0 -217.0 0.0 -4.0 -3.0 -3.0 -2.0 -1.0 -2.0 0.0 -2.0 -3.0 -1.0 -2.0 -1.0 -3.0 0.0 -1.0 -3.0 0.0 -4.0 -4.0 -3.0 -2.0 -1.0 -2.0 -1.0 -4.0 -4.0 -1.0 -2.0 
0.0 0.0 -1.0 -4.0 -4.0 0.0 -4.0 -3.0 -4.0 0.0 0.0 -4.0 0.0 0.0 -1.0 -3.0 -1.0 0.0 -3.0 0.0 -3.0 0.0 -2.0 -4.0 -1.0 -4.0 0.0 -3.0 -4.0 -1.0 -3.0 0.0 -1.0 -1.0 -1.0 -2.0 0.0 0.0 -1.0 -1.0 -1.0 -3.0 -1.0 -3.0 -2.0 -2.0 -2.0 -3.0 -2.0 -1.0 0.0 -1.0 -4.0 -2.0 -1.0 -3.0 -1.0 -1.0 -4.0 -4.0 -1.0 -1.0 -2.0 -1.0 -2.0 -3.0 -2.0 0.0 -2.0 -2.0 -4.0 0.0 -2.0 -1.0 -1.0 -4.0 -1.0 -3.0 -3.0 -1.0 -2.0 -4.0 0.0 -1.0 0.0 -2.0 -198.0 -4.0 -1.0 -1.0 -3.0 0.0 -3.0 0.0 -1.0 -4.0 -2.0 -2.0 -1.0 -2.0 -4.0 -2.0 -4.0 -2.0 0.0 0.0 0.0 0.0 0.0 -2.0 -2.0 0.0 -2.0 -2.0 -4.0 
-2.0 -4.0 -3.0 -4.0 0.0 -3.0 0.0 -2.0 -4.0 -3.0 -3.0 0.0 -4.0 -4.0 -3.0 -3.0 -4.0 -2.0 -1.0 -3.0 -4.0 -1.0 -4.0 0.0 -2.0 -3.0 -1.0 -1.0 0.0 0.0 -4.0 -3.0 -1.0 0.0 0.0 0.0 -4.0 -1.0 0.0 -2.0 -2.0 -1.0 0.0 0.0 -1.0 0.0 -1.0 -2.0 -2.0 0.0 -2.0 -2.0 -4.0 -4.0 -2.0 0.0 -3.0 -3.0 -1.0 -4.0 -4.0 0.0 -2.0 -1.0 -3.0 -2.0 0.0 -2.0 -2.0 -3.0 -2.0 -2.0 -3.0 0.0 -2.0 -3.0 -3.0 -2.0 -1.0 0.0 -3.0 -4.0 -2.0 -2.0 -4.0 -4.0 -1.0 -243.0 -3.0 -3.0 -1.0 -3.0 -4.0 -2.0 -2.0 -4.0 -3.0 -4.0 -4.0 -2.0 -4.0 -2.0 -3.0 0.0 -3.0 -2.0 -1.0 -4.0 -4.0 -1.0 -3.0 -4.0 0.0 -2.0 -1.0 
0.0 -2.0 -2.0 0.0 -1.0 -1.0 -2.0 0.0 -4.0 -3.0 -3.0 -3.0 0.0 -3.0 -4.0 -3.0 0.0 -1.0 0.0 -4.0 -2.0 -1.0 -4.0 -3.0 -3.0 0.0 -3.0 -3.0 -4.0 -3.0 0.0 -4.0 0.0 -4.0 -3.0 -3.0 -4.0 -1.0 0.0 -1.0 -1.0 -1.0 -4.0 -2.0 0.0 -1.0 -2.0 -4.0 -1.0 -4.0 -3.0 -3.0 -1.0 -2.0 -4.0 -1.0 -3.0 -2.0 0.0 -1.0 -4.0 -2.0 -1.0 -2.0 -4.0 -3.0 -4.0 -4.0 -4.0 -2.0 -3.0 -4.0 -1.0 -2.0 -4.0 -2.0 -2.0 -2.0 -3.0 -3.0 -1.0 -3.0 -4.0 -3.0 -1.0 -3.0 -4.0 -4.0 -271.0 -4.0 -2.0 -3.0 -4.0 -3.0 -2.0 -4.0 -1.0 -2.0 -3.0 -4.0 -4.0 -3.0 -4.0 -4.0 -2.0 -2.0 -3.0 -1.0 -4.0 -4.0 0.0 -3.0 -1.0 0.0 -3.0 
-1.0 -4.0 -3.0 -3.0 -2.0 -3.0 -1.0 0.0 -1.0 0.0 0.0 -1.0 0.0 -1.0 -3.0 -4.0 -4.0 -3.0 0.0 0.0 -4.0 0.0 -1.0 0.0 -3.0 -1.0 -2.0 -3.0 -1.0 0.0 -2.0 -3.0 -3.0 0.0 -4.0 -1.0 -1.0 -1.0 -1.0 -1.0 0.0 -3.0 -3.0 -4.0 -2.0 -4.0 -1.0 0.0 -1.0 -4.0 -1.0 -1.0 -2.0 -4.0 -2.0 -4.0 -2.0 -4.0 -1.0 -2.0 -3.0 -1.0 -2.0 0.0 -1.0 -2.0 -4.0 -4.0 -3.0 -4.0 -4.0 -4.0 -2.0 -3.0 0.0 -3.0 -3.0 -1.0 -2.0 -2.0 -2.0 -4.0 -4.0 -4.0 0.0 -2.0 -1.0 -4.0 -4.0 -235.0 -2.0 -4.0 -1.0 -2.0 -3.0 -3.0 -1.0 0.0 -2.0 -1.0 -3.0 -3.0 0.0 -4.0 0.0 -3.0 -2.0 -2.0 0.0 -3.0 -2.0 -3.0 -2.0 -3.0 -2.0 
-2.0 0.0 0.0 -4.0 0.0 -2.0 -1.0 -2.0 -2.0 0.0 -2.0 0.0 -3.0 0.0 -3.0 -4.0 0.0 -2.0 -4.0 -4.0 -2.0 0.0 0.0 0.0 -3.0 0.0 -4.0 -3.0 0.0 0.0 -2.0 0.0 -2.0 -4.0 -1.0 -2.0 -3.0 -3.0 -3.0 -3.0 -2.0 -2.0 0.0 -3.0 -3.0 -4.0 -2.0 -4.0 -2.0 -1.0 -3.0 -2.0 0.0 -3.0 -2.0 -3.0 -4.0 -1.0 -2.0 -4.0 -4.0 -3.0 -4.0 -3.0 0.0 -2.0 -3.0 -3.0 -4.0 -1.0 -4.0 -1.0 -2.0 -2.0 -3.0 -1.0 -3.0 -4.0 -1.0 -2.0 -4.0 -1.0 -3.0 -2.0 0.0 -3.0 0.0 0.0 -1.0 -3.0 -238.0 -2.0 -2.0 -3.0 -4.0 -1.0 -4.0 -1.0 -4.0 0.0 -4.0 -2.0 -4.0 -1.0 -1.0 -4.0 -1.0 -1.0 -3.0 -4.0 -2.0 -4.0 0.0 -1.0 -1.0 
-3.0 -4.0 -2.0 -3.0 -3.0 -3.0 0.0 -1.0 0.0 -3.0 -3.0 -1.0 -1.0 -1.0 -2.0 -1.0 -1.0 -4.0 -1.0 -1.0 -1.0 -1.0 -4.0 0.0 -1.0 -3.0 -2.0 -3.0 -1.0 -2.0 -1.0 -2.0 0.0 -3.0 -3.0 -4.0 -2.0 -1.0 -4.0 -2.0 -2.0 -3.0 -3.0 0.0 -1.0 -1.0 0.0 -2.0 -1.0 0.0 0.0 0.0 0.0 -3.0 -1.0 -1.0 -4.0 -2.0 -2.0 -1.0 -1.0 -1.0 0.0 -1.0 -3.0 -1.0 -1.0 -1.0 -3.0 -3.0 -4.0 -4.0 -1.0 -1.0 0.0 -1.0 -4.0 0.0 0.0 -4.0 0.0 -2.0 0.0 -1.0 -2.0 -1.0 -3.0 -3.0 0.0 0.0 -1.0 -203.0 -4.0 0.0 -3.0 0.0 -1.0 -2.0 -4.0 0.0 -2.0 -3.0 -2.0 -3.0 0.0 -4.0 -4.0 -3.0 -1.0 0.0 -3.0 -4.0 -4.0 -4.0 0.0 
-1.0 0.0 -2.0 -3.0 0.0 -2.0 -2.0 0.0 -1.0 -4.0 0.0 -2.0 -2.0 -4.0 -2.0 -2.0 0.0 -1.0 -4.0 0.0 -4.0 -2.0 -3.0 -3.0 -2.0 -1.0 0.0 -4.0 -3.0 -4.0 -1.0 0.0 -2.0 -1.0 -3.0 -3.0 0.0 -4.0 -3.0 -4.0 -2.0 -4.0 -2.0 -4.0 -2.0 0.0 -1.0 -1.0 0.0 0.0 -1.0 0.0 0.0 -4.0 0.0 -1.0 -3.0 0.0 -4.0 -4.0 -1.0 -2.0 -2.0 0.0 0.0 -3.0 -2.0 -2.0 -1.0 0.0 -1.0 -4.0 -1.0 -2.0 -2.0 0.0 -1.0 0.0 0.0 0.0 -4.0 -1.0 0.0 -4.0 -4.0 -4.0 -3.0 -1.0 0.0 -1.0 -2.0 -1.0 -197.0 -2.0 -1.0 -1.0 -1.0 0.0 -1.0 -1.0 -1.0 -3.0 0.0 -1.0 -2.0 0.0 -3.0 -3.0 -3.0 -3.0 -1.0 -3.0 -2.0 -3.0 -1.0 
-4.0 -1.0 -3.0 -3.0 -4.0 -4.0 0.0 0.0 -4.0 -4.0 -3.0 -1.0 0.0 -3.0 -4.0 0.0 0.0 -3.0 -3.0 -2.0 -3.0 -2.0 -4.0 -1.0 -3.0 0.0 -1.0 -1.0 -2.0 -3.0 -2.0 0.0 -4.0 0.0 -4.0 -1.0 -3.0 -1.0 -2.0 -4.0 0.0 -2.0 -1.0 0.0 -4.0 -4.0 -2.0 -3.0 0.0 0.0 -1.0 -3.0 -3.0 -2.0 -4.0 -4.0 0.0 -1.0 -4.0 -2.0 0.0 -2.0 -3.0 0.0 -4.0 -4.0 0.0 -2.0 -4.0 -1.0 -4.0 -1.0 -1.0 -2.0 -3.0 0.0 0.0 -3.0 -2.0 -4.0 -2.0 0.0 0.0 -4.0 -3.0 0.0 -1.0 -1.0 -3.0 -3.0 -2.0 -4.0 -1.0 -220.0 -3.0 0.0 0.0 -3.0 -1.0 -3.0 -3.0 -3.0 0.0 -1.0 -4.0 0.0 0.0 0.0 0.0 -3.0 0.0 -1.0 0.0 -4.0 0.0 
-4.0 0.0 -3.0 -3.0 -3.0 0.0 -3.0 0.0 -2.0 -4.0 0.0 -3.0 0.0 -4.0 -3.0 -3.0 0.0 0.0 -4.0 -4.0 -3.0 -3.0 0.0 -1.0 -3.0 0.0 -1.0 0.0 0.0 0.0 -3.0 0.0 -2.0 -2.0 0.0 -1.0 0.0 -4.0 -3.0 -4.0 -2.0 0.0 -4.0 -2.0 -2.0 -2.0 -4.0 -1.0 0.0 -3.0 -1.0 -3.0 -1.0 0.0 -3.0 0.0 -1.0 -1.0 0.0 -1.0 -4.0 -3.0 -2.0 -3.0 -3.0 -3.0 0.0 0.0 -1.0 -2.0 0.0 0.0 -3.0 -4.0 -1.0 -4.0 0.0 -2.0 -1.0 -2.0 -2.0 -2.0 0.0 -3.0 -2.0 -2.0 0.0 0.0 0.0 -1.0 -1.0 -1.0 -3.0 -1.0 -207.0 -2.0 -4.0 -2.0 -4.0 -4.0 -4.0 -2.0 0.0 0.0 0.0 -1.0 -3.0 -4.0 -2.0 -3.0 -3.0 -2.0 -3.0 -1.0 -3.0 
-1.0 0.0 -3.0 -2.0 -4.0 -2.0 0.0 -1.0 -1.0 0.0 -3.0 -3.0 -2.0 -3.0 -3.0 -2.0 -1.0 -3.0 -4.0 -3.0 -4.0 0.0 0.0 -2.0 -3.0 -3.0 -4.0 -2.0 0.0 -1.0 -1.0 -1.0 -3.0 -1.0 -1.0 0.0 0.0 -1.0 -1.0 -2.0 -4.0 -3.0 0.0 -3.0 -1.0 0.0 0.0 -1.0 -1.0 0.0 -1.0 0.0 -2.0 -1.0 0.0 0.0 -1.0 -2.0 -2.0 -4.0 -4.0 -4.0 0.0 -2.0 -4.0 0.0 -1.0 -1.0 -4.0 0.0 0.0 0.0 -4.0 -3.0 0.0 -1.0 -3.0 -1.0 -1.0 -4.0 -1.0 -2.0 -1.0 -2.0 -2.0 -1.0 0.0 -3.0 0.0 -2.0 -4.0 -4.0 -3.0 -2.0 -1.0 -202.0 -1.0 -3.0 -3.0 -4.0 -2.0 -4.0 0.0 -3.0 -1.0 -4.0 -3.0 0.0 -4.0 0.0 -2.0 -4.0 0.0 0.0 -2.0 
-3.0 -1.0 0.0 -2.0 -2.0 -4.0 0.0 -3.0 -4.0 -1.0 -3.0 -2.0 -4.0 -3.0 -1.0 0.0 -1.0 0.0 -1.0 0.0 0.0 0.0 0.0 -4.0 -3.0 -1.0 -4.0 -4.0 -2.0 0.0 -3.0 0.0 -1.0 0.0 -3.0 0.0 0.0 -2.0 -3.0 -4.0 -3.0 -4.0 -1.0 -1.0 0.0 0.0 -2.0 -3.0 -3.0 -4.0 -1.0 -2.0 -4.0 -3.0 -1.0 0.0 -3.0 -4.0 0.0 -3.0 0.0 -1.0 0.0 -2.0 -1.0 -4.0 -4.0 -3.0 -1.0 -1.0 -3.0 -2.0 0.0 -1.0 -4.0 -2.0 0.0 -4.0 -4.0 -2.0 -4.0 0.0 -1.0 -1.0 0.0 -3.0 -2.0 -4.0 -3.0 -4.0 -2.0 -3.0 0.0 -3.0 -2.0 -3.0 -209.0 -3.0 0.0 -2.0 -1.0 -2.0 0.0 -1.0 0.0 0.0 -1.0 0.0 0.0 -2.0 -3.0 -3.0 0.0 -2.0 -4.0 
-1.0 -4.0 -3.0 -2.0 -4.0 0.0 0.0 0.0 -4.0 -2.0 -2.0 -2.0 -3.0 -2.0 -2.0 -4.0 -3.0 -1.0 0.0 -3.0 -1.0 -2.0 -4.0 -3.0 0.0 -1.0 -2.0 -3.0 -4.0 -1.0 0.0 0.0 0.0 -2.0 -2.0 -4.0 -2.0 -4.0 -3.0 -3.0 -3.0 0.0 0.0 -4.0 -3.0 -3.0 -3.0 -1.0 -2.0 -2.0 -1.0 -2.0 -2.0 -2.0 -1.0 -3.0 -4.0 -2.0 -2.0 -2.0 -1.0 -1.0 -1.0 -4.0 -2.0 -3.0 -2.0 -1.0 -1.0 0.0 -2.0 0.0 0.0 -3.0 -1.0 -4.0 -3.0 -2.0 -4.0 -1.0 -1.0 -2.0 0.0 -3.0 -4.0 -4.0 -1.0 -2.0 -2.0 -3.0 -1.0 -1.0 -3.0 -2.0 0.0 -4.0 -4.0 -235.0 0.0 -4.0 -3.0 -3.0 -3.0 -3.0 -2.0 -2.0 -4.0 -2.0 -2.0 -4.0 -1.0 0.0 -2.0 -2.0 0.0 
-2.0 -2.0 -2.0 0.0 -4.0 -3.0 0.0 -4.0 -4.0 0.0 0.0 0.0 -3.0 0.0 -1.0 -4.0 -2.0 -3.0 -2.0 -2.0 -4.0 -4.0 -3.0 -3.0 -4.0 -2.0 -2.0 0.0 0.0 -4.0 -1.0 -3.0 -3.0 -3.0 0.0 0.0 0.0 -4.0 0.0 0.0 -1.0 -1.0 -4.0 -2.0 -3.0 -2.0 -1.0 0.0 -1.0 0.0 -4.0 -2.0 -2.0 0.0 -2.0 -1.0 -3.0 -2.0 -4.0 0.0 0.0 -1.0 0.0 -4.0 -3.0 -1.0 -3.0 -3.0 -1.0 -1.0 -4.0 -1.0 -2.0 -2.0 -3.0 -4.0 -2.0 -3.0 -3.0 0.0 -4.0 0.0 -3.0 -1.0 -4.0 -2.0 -1.0 -1.0 -4.0 -3.0 0.0 -4.0 -4.0 0.0 -1.0 0.0 -1.0 -2.0 -216.0 -1.0 0.0 -2.0 -2.0 -3.0 -1.0 -2.0 0.0 -1.0 -3.0 -2.0 -2.0 -1.0 0.0 -3.0 -4.0 
-1.0 -2.0 0.0 0.0 -1.0 -3.0 -1.0 -4.0 -1.0 -3.0 -4.0 0.0 -1.0 -4.0 -1.0 -1.0 0.0 0.0 -3.0 0.0 -3.0 0.0 0.0 -4.0 -3.0 -2.0 -2.0 -1.0 -3.0 -2.0 -4.0 0.0 -2.0 -1.0 0.0 -2.0 -3.0 -2.0 -4.0 0.0 -3.0 -3.0 -1.0 -4.0 -2.0 -1.0 -4.0 -1.0 -2.0 -4.0 -2.0 -1.0 -1.0 -4.0 -2.0 0.0 0.0 -3.0 -4.0 -1.0 -4.0 -1.0 -3.0 -4.0 -2.0 0.0 -3.0 -2.0 -2.0 -3.0 -4.0 -3.0 -1.0 -2.0 0.0 -3.0 -4.0 0.0 -4.0 0.0 -4.0 -3.0 -3.0 0.0 -1.0 -1.0 -1.0 -3.0 -3.0 -4.0 -1.0 -2.0 0.0 -1.0 -4.0 -2.0 -2.0 -1.0 -3.0 -220.0 -4.0 0.0 -2.0 0.0 -2.0 0.0 -3.0 -1.0 -1.0 0.0 -2.0 0.0 -4.0 -2.0 -4.0 
-3.0 0.0 -2.0 -1.0 -3.0 -4.0 -2.0 0.0 -2.0 -3.0 0.0 -4.0 -4.0 -2.0 0.0 -4.0 -4.0 0.0 -2.0 -2.0 -3.0 -2.0 -1.0 -2.0 -1.0 0.0 -2.0 -3.0 -1.0 -4.0 -4.0 0.0 -1.0 -4.0 -4.0 -2.0 0.0 -1.0 -4.0 -2.0 -2.0 0.0 -4.0 -3.0 -1.0 -4.0 -4.0 -1.0 -1.0 -1.0 0.0 -4.0 -4.0 -4.0 -4.0 -1.0 -3.0 -3.0 -4.0 -2.0 0.0 -1.0 -4.0 -4.0 -2.0 -3.0 0.0 -2.0 -2.0 -4.0 -4.0 -2.0 0.0 -2.0 -4.0 0.0 -4.0 -4.0 -4.0 -1.0 -1.0 0.0 -1.0 -3.0 -4.0 -2.0 -1.0 -1.0 -2.0 0.0 -1.0 -1.0 -4.0 -2.0 -2.0 0.0 -2.0 -4.0 0.0 0.0 -240.0 -1.0 -3.0 -3.0 -3.0 -3.0 -3.0 -2.0 -3.0 0.0 -4.0 0.0 0.0 -4.0 0.0 
-1.0 -1.0 -3.0 -2.0 -1.0 -2.0 -3.0 -3.0 -4.0 -1.0 -1.0 -4.0 -1.0 -3.0 -1.0 0.0 -2.0 -3.0 -1.0 -1.0 -2.0 -2.0 -2.0 -1.0 -1.0 -1.0 -2.0 -2.0 -3.0 -3.0 -1.0 -4.0 -2.0 -2.0 -2.0 -2.0 -4.0 -4.0 -2.0 -1.0 -4.0 -1.0 -2.0 -1.0 0.0 -3.0 -3.0 -1.0 -3.0 -3.0 -3.0 -4.0 -1.0 -4.0 0.0 0.0 -2.0 -1.0 -4.0 -4.0 -4.0 -2.0 -4.0 -4.0 -4.0 -1.0 -4.0 -3.0 -1.0 -4.0 0.0 0.0 -3.0 0.0 -1.0 -1.0 -1.0 -3.0 0.0 0.0 -4.0 -2.0 0.0 -3.0 0.0 -2.0 0.0 -4.0 -2.0 -4.0 -4.0 -3.0 -2.0 0.0 -1.0 -3.0 -2.0 -4.0 -2.0 0.0 0.0 -235.0 -4.0 -1.0 -4.0 -4.0 -1.0 -2.0 -1.0 -1.0 -2.0 -3.0 -1.0 -4.0 0.0 
-2.0 0.0 -3.0 -3.0 -1.0 -1.0 -3.0 -2.0 -3.0 -4.0 -3.0 -4.0 -3.0 -2.0 0.0 -3.0 -2.0 -4.0 0.0 -2.0 -2.0 -2.0 0.0 0.0 -3.0 -1.0 0.0 -1.0 0.0 -2.0 -3.0 -2.0 -1.0 -2.0 -3.0 -3.0 -4.0 0.0 -3.0 -3.0 -3.0 -2.0 -2.0 -3.0 -4.0 -4.0 -4.0 -4.0 0.0 0.0 -3.0 -4.0 -3.0 -2.0 -3.0 -1.0 -1.0 -2.0 -2.0 -1.0 -3.0 -3.0 -4.0 -4.0 0.0 -1.0 -3.0 -1.0 -2.0 -1.0 -2.0 -3.0 -4.0 -4.0 -1.0 -4.0 -2.0 -3.0 -1.0 -2.0 -3.0 -1.0 0.0 -3.0 -3.0 -4.0 0.0 -3.0 -1.0 0.0 -3.0 -4.0 -4.0 -2.0 0.0 -1.0 -1.0 -3.0 -4.0 -3.0 0.0 -1.0 -243.0 -4.0 -1.0 -4.0 -1.0 0.0 -1.0 -2.0 -1.0 -3.0 -3.0 -3.0 0.0 
-4.0 0.0 -1.0 -4.0 -3.0 -2.0 -1.0 0.0 -3.0 -2.0 -2.0 -2.0 -1.0 0.0 -3.0 -1.0 -3.0 -3.0 0.0 0.0 -3.0 -4.0 -1.0 -3.0 -3.0 -1.0 -2.0 -2.0 -3.0 0.0 -2.0 -4.0 -1.0 -3.0 -4.0 0.0 -4.0 -3.0 -1.0 -2.0 -2.0 -2.0 -2.0 0.0 -4.0 -2.0 -4.0 -2.0 -1.0 -2.0 -4.0 -3.0 -3.0 -1.0 -3.0 -1.0 0.0 -3.0 -3.0 0.0 0.0 -4.0 -2.0 -4.0 0.0 -3.0 -1.0 0.0 0.0 -4.0 -1.0 0.0 -3.0 -3.0 -2.0 0.0 -4.0 -2.0 0.0 0.0 -4.0 -4.0 -3.0 -3.0 0.0 -4.0 -2.0 -2.0 -3.0 0.0 -4.0 -1.0 0.0 -1.0 -4.0 -2.0 -1.0 -2.0 -4.0 -3.0 -2.0 0.0 -4.0 -232.0 -3.0 -2.0 -2.0 -2.0 -1.0 -1.0 -1.0 -3.0 -4.0 -4.0 0.0 
-3.0 -3.0 -4.0 0.0 -1.0 -4.0 -1.0 0.0 -4.0 -1.0 -2.0 0.0 -1.0 -3.0 0.0 -3.0 -2.0 -3.0 -2.0 -3.0 -2.0 0.0 -2.0 0.0 -4.0 -2.0 -2.0 -3.0 -1.0 -3.0 -4.0 -3.0 -4.0 0.0 -2.0 -2.0 -4.0 0.0 -3.0 -2.0 -4.0 -4.0 -1.0 -1.0 -4.0 -3.0 0.0 -2.0 -4.0 -4.0 0.0 -1.0 -4.0 -4.0 -2.0 -3.0 -4.0 -3.0 -3.0 -4.0 -1.0 -2.0 -4.0 -2.0 -2.0 -4.0 0.0 -2.0 0.0 -3.0 -4.0 -4.0 0.0 0.0 -3.0 -3.0 -3.0 -4.0 0.0 -2.0 -1.0 0.0 -3.0 -1.0 -1.0 0.0 0.0 -1.0 -1.0 -3.0 -3.0 -4.0 -3.0 -2.0 -2.0 -2.0 -1.0 -3.0 -3.0 -1.0 0.0 -4.0 -3.0 -2.0 -245.0 -2.0 -2.0 -2.0 -2.0 -4.0 0.0 -3.0 -2.0 -1.0 -2.0 
-4.0 0.0 -4.0 0.0 -2.0 -4.0 0.0 -1.0 -3.0 0.0 0.0 0.0 -2.0 -3.0 -2.0 -3.0 -1.0 -1.0 -1.0 0.0 -4.0 -3.0 0.0 -1.0 0.0 -2.0 -2.0 -2.0 -4.0 0.0 -3.0 0.0 -1.0 -3.0 0.0 -1.0 -1.0 0.0 -2.0 -1.0 -2.0 -3.0 -1.0 -2.0 0.0 -4.0 0.0 -4.0 0.0 -1.0 -1.0 -4.0 -4.0 -3.0 -3.0 -1.0 -4.0 -3.0 -3.0 -3.0 -3.0 -1.0 -3.0 -4.0 -2.0 -4.0 0.0 -1.0 -3.0 -2.0 -1.0 -4.0 0.0 -2.0 -4.0 -3.0 -4.0 -1.0 -4.0 -1.0 -1.0 -4.0 -1.0 -4.0 -4.0 -4.0 -1.0 -1.0 -4.0 0.0 -2.0 0.0 0.0 -2.0 -2.0 -3.0 -3.0 -4.0 0.0 -3.0 -2.0 -2.0 -1.0 -4.0 -2.0 -227.0 -3.0 -3.0 0.0 -3.0 -4.0 -1.0 -2.0 -1.0 -2.0 
-2.0 -1.0 -3.0 -4.0 -1.0 -4.0 -2.0 -3.0 -3.0 -1.0 -1.0 -3.0 -1.0 -3.0 -1.0 -3.0 -1.0 -1.0 -3.0 -4.0 0.0 -3.0 -4.0 -4.0 -3.0 -3.0 -2.0 -2.0 0.0 -4.0 0.0 0.0 -2.0 -1.0 -2.0 -3.0 -4.0 -3.0 -1.0 -4.0 -4.0 -2.0 -4.0 -2.0 0.0 0.0 -2.0 -1.0 -3.0 0.0 -4.0 -1.0 -3.0 -1.0 -2.0 -4.0 -2.0 -4.0 -3.0 -1.0 -4.0 -4.0 -1.0 -2.0 -2.0 0.0 -4.0 -3.0 0.0 0.0 0.0 -1.0 -1.0 -3.0 -1.0 -4.0 -3.0 -4.0 -1.0 -2.0 -1.0 -2.0 -2.0 -1.0 -2.0 -1.0 -2.0 -3.0 -3.0 -4.0 -4.0 0.0 -4.0 0.0 0.0 -4.0 -3.0 -1.0 -2.0 -3.0 0.0 -4.0 -2.0 -2.0 -1.0 -1.0 -244.0 -3.0 -4.0 -3.0 -4.0 0.0 -2.0 -2.0 -1.0 
-4.0 -3.0 -3.0 -1.0 -2.0 -2.0 -4.0 -4.0 -4.0 -4.0 -4.0 -4.0 -3.0 0.0 -3.0 0.0 -3.0 -4.0 -4.0 -2.0 0.0 -3.0 -1.0 -2.0 -3.0 -3.0 -3.0 -4.0 -2.0 -4.0 -1.0 -2.0 -4.0 -2.0 0.0 -4.0 -3.0 -2.0 -1.0 -3.0 0.0 -4.0 0.0 0.0 -2.0 -4.0 -3.0 -2.0 0.0 -1.0 -1.0 -1.0 -1.0 -2.0 -3.0 -4.0 -3.0 -3.0 -1.0 -2.0 -3.0 -3.0 -4.0 -1.0 -4.0 -1.0 -2.0 -4.0 -2.0 -1.0 -3.0 -4.0 -1.0 -2.0 0.0 -2.0 0.0 0.0 0.0 -2.0 -3.0 -1.0 -1.0 -4.0 -3.0 0.0 0.0 -3.0 -4.0 -1.0 -1.0 0.0 0.0 -1.0 -2.0 -1.0 0.0 -1.0 -3.0 -4.0 -3.0 0.0 -1.0 -4.0 -4.0 -2.0 -1.0 -245.0 -4.0 -4.0 -1.0 -2.0 -1.0 -2.0 -2.0 
-4.0 0.0 -1.0 -1.0 -4.0 -3.0 -2.0 -1.0 -3.0 -1.0 -4.0 -3.0 -3.0 0.0 -1.0 -1.0 -4.0 0.0 -2.0 -2.0 -4.0 -1.0 -2.0 -4.0 -3.0 -3.0 -1.0 -2.0 -2.0 0.0 -4.0 -1.0 0.0 -1.0 -4.0 -1.0 -4.0 -1.0 -1.0 -2.0 -1.0 -1.0 -3.0 -4.0 -4.0 -1.0 0.0 -2.0 0.0 0.0 0.0 -4.0 -3.0 -2.0 -1.0 -1.0 -4.0 -2.0 -4.0 0.0 -2.0 -2.0 -4.0 -2.0 -3.0 -1.0 0.0 -1.0 -1.0 0.0 -1.0 -1.0 -3.0 -1.0 0.0 0.0 -3.0 -2.0 -1.0 -4.0 -1.0 -4.0 0.0 -2.0 -1.0 -3.0 -3.0 0.0 -4.0 0.0 0.0 -2.0 -1.0 -2.0 0.0 -2.0 -2.0 -1.0 0.0 -2.0 0.0 -2.0 -1.0 -4.0 -1.0 -1.0 -2.0 -2.0 -205.0 -3.0 -4.0 -2.0 -1.0 0.0 -2.0 
-2.0 -4.0 -4.0 -1.0 -2.0 -4.0 -4.0 -4.0 -4.0 -2.0 0.0 0.0 -4.0 -1.0 -2.0 -3.0 -2.0 -2.0 -2.0 -4.0 -1.0 -3.0 -2.0 -1.0 -3.0 0.0 0.0 0.0 0.0 0.0 -2.0 -3.0 -1.0 0.0 -2.0 -1.0 -3.0 -4.0 -1.0 -4.0 -4.0 0.0 -1.0 -2.0 -4.0 -4.0 -4.0 0.0 -2.0 -2.0 0.0 -1.0 -3.0 0.0 -3.0 -4.0 -1.0 -3.0 -4.0 -3.0 -3.0 -2.0 -4.0 -1.0 -4.0 -1.0 0.0 -4.0 -2.0 -2.0 -3.0 -3.0 -4.0 0.0 -1.0 -4.0 -3.0 0.0 -4.0 -3.0 -1.0 0.0 -1.0 0.0 -2.0 -1.0 0.0 -1.0 -4.0 0.0 -4.0 0.0 -4.0 -3.0 -4.0 -2.0 -1.0 -4.0 0.0 -4.0 0.0 0.0 -3.0 -3.0 -1.0 -1.0 -1.0 -1.0 -4.0 -239.0 -3.0 -4.0 0.0 -4.0 -3.0 
-4.0 -4.0 0.0 -2.0 -4.0 -1.0 -1.0 -2.0 -4.0 0.0 0.0 -2.0 -2.0 -3.0 -2.0 0.0 -4.0 0.0 -1.0 -1.0 -1.0 -4.0 -3.0 -4.0 -1.0 0.0 -4.0 -2.0 0.0 -1.0 -2.0 -1.0 0.0 -3.0 -3.0 -4.0 0.0 0.0 -1.0 -1.0 0.0 -1.0 -3.0 -4.0 0.0 -1.0 -4.0 -1.0 -2.0 -3.0 0.0 -4.0 0.0 -3.0 -2.0 -1.0 -2.0 -3.0 -2.0 -2.0 -2.0 -2.0 -4.0 -4.0 -4.0 -2.0 -1.0 0.0 -1.0 -2.0 -1.0 -2.0 -4.0 -2.0 0.0 -4.0 -4.0 -2.0 -2.0 -1.0 -2.0 -1.0 0.0 -4.0 -3.0 -1.0 -2.0 -1.0 -3.0 -3.0 -2.0 -4.0 -2.0 -2.0 0.0 -3.0 -4.0 -4.0 -3.0 -1.0 -2.0 -4.0 -3.0 -4.0 -2.0 0.0 0.0 0.0 -3.0 -4.0 -230.0 -2.0 -1.0 -3.0 -3.0 
-3.0 -4.0 -3.0 -3.0 -4.0 -3.0 -1.0 -2.0 -4.0 -2.0 -4.0 -3.0 -4.0 -4.0 -2.0 -4.0 -1.0 0.0 -1.0 -4.0 -3.0 -3.0 -1.0 0.0 -3.0 -3.0 0.0 -4.0 -2.0 -2.0 0.0 -4.0 -3.0 0.0 -4.0 -2.0 -4.0 -3.0 -3.0 0.0 -4.0 0.0 -3.0 -4.0 -1.0 -3.0 -2.0 -4.0 0.0 -4.0 -1.0 -2.0 -3.0 0.0 -3.0 -1.0 0.0 -3.0 0.0 -2.0 -2.0 0.0 -1.0 -3.0 -1.0 -4.0 -1.0 -2.0 0.0 -1.0 -2.0 -2.0 -3.0 0.0 -4.0 -1.0 0.0 -1.0 -4.0 0.0 0.0 0.0 -4.0 -4.0 -4.0 -4.0 0.0 0.0 -1.0 -1.0 -2.0 -2.0 0.0 -2.0 -3.0 -4.0 -3.0 -2.0 0.0 -2.0 -2.0 0.0 -1.0 -2.0 -3.0 -3.0 0.0 -3.0 0.0 0.0 -3.0 -233.0 -3.0 -2.0 -1.0 
-1.0 0.0 -4.0 -4.0 0.0 0.0 0.0 -4.0 0.0 -3.0 -1.0 -3.0 -1.0 -1.0 -1.0 -1.0 -2.0 -3.0 -1.0 -2.0 -4.0 -3.0 0.0 -3.0 -4.0 -1.0 -2.0 0.0 -3.0 -2.0 0.0 -4.0 0.0 -3.0 -2.0 -3.0 -3.0 0.0 -1.0 -1.0 -4.0 -3.0 -3.0 0.0 -1.0 -2.0 -4.0 0.0 0.0 -2.0 -3.0 -1.0 -3.0 0.0 -3.0 -1.0 0.0 -4.0 -3.0 -3.0 -3.0 -2.0 -2.0 -3.0 -1.0 -3.0 -3.0 -4.0 0.0 -3.0 -4.0 -1.0 -3.0 -4.0 -3.0 -3.0 -2.0 -3.0 0.0 -2.0 -4.0 -4.0 -1.0 -2.0 0.0 0.0 -1.0 -4.0 0.0 -3.0 -2.0 -4.0 -4.0 0.0 -2.0 -1.0 -4.0 -2.0 0.0 0.0 -3.0 0.0 -1.0 -2.0 -4.0 -4.0 0.0 -1.0 -2.0 -2.0 0.0 -4.0 -226.0 -3.0 -2.0 
-1.0 -1.0 0.0 -1.0 -2.0 0.0 0.0 -2.0 -2.0 -4.0 -3.0 -1.0 -4.0 -4.0 -1.0 -1.0 -2.0 -1.0 0.0 -3.0 0.0 -1.0 -2.0 -1.0 0.0 -3.0 -4.0 -3.0 -3.0 0.0 0.0 -4.0 -3.0 -4.0 0.0 -2.0 -4.0 0.0 -4.0 -4.0 -2.0 -4.0 -4.0 -2.0 -1.0 -2.0 0.0 -3.0 -3.0 -4.0 0.0 -3.0 -1.0 -4.0 0.0 -4.0 0.0 -4.0 -2.0 -3.0 -3.0 -3.0 -2.0 -3.0 -3.0 -1.0 -2.0 -1.0 -4.0 0.0 -1.0 -4.0 -4.0 0.0 -4.0 -2.0 0.0 -2.0 -3.0 -3.0 -3.0 -2.0 -1.0 -3.0 -2.0 -4.0 -1.0 0.0 -1.0 -2.0 -3.0 -3.0 0.0 0.0 -1.0 -3.0 0.0 -1.0 -2.0 -2.0 0.0 -3.0 -3.0 -1.0 -2.0 -1.0 -4.0 -3.0 0.0 0.0 -2.0 -3.0 -3.0 -228.0 -3.0 
-3.0 -2.0 -2.0 -3.0 -4.0 -1.0 -2.0 -3.0 -1.0 -1.0 -2.0 -1.0 -2.0 -3.0 -3.0 -4.0 -2.0 0.0 -1.0 0.0 0.0 -4.0 -3.0 -4.0 -3.0 -3.0 -4.0 -3.0 -3.0 -2.0 0.0 -3.0 -3.0 -2.0 -1.0 -2.0 -1.0 -3.0 -2.0 0.0 -4.0 -1.0 -3.0 -4.0 0.0 -3.0 -2.0 -1.0 -2.0 -3.0 -3.0 0.0 -4.0 -1.0 -2.0 -1.0 -2.0 0.0 -3.0 -3.0 -4.0 -4.0 -3.0 0.0 -3.0 0.0 0.0 -4.0 0.0 0.0 -4.0 -1.0 0.0 -1.0 -2.0 -1.0 -4.0 0.0 0.0 -3.0 -4.0 0.0 -4.0 -3.0 -1.0 -3.0 -4.0 0.0 0.0 -1.0 -1.0 -1.0 -4.0 -4.0 -4.0 -2.0 -3.0 -4.0 -4.0 -4.0 -1.0 0.0 -1.0 -3.0 0.0 -4.0 -2.0 -1.0 -1.0 -4.0 -1.0 -2.0 -2.0 -3.0 -238.0 

-13711.0 -14218.0 -12059.0 -13823.0 -15067.0 -12571.0 -13563.0 -15724.0 -14581.0 -17536.0 -17471.0 -15803.0 -16077.0 -16849.0 -16995.0 -16689.0 -18604.0 -18038.0 -17234.0 -17718.0 -16685.0 -18262.0 -19151.0 -20817.0 -20574.0 -19586.0 -18837.0 -22333.0 -17475.0 -16296.0 -22239.0 -20865.0 -20336.0 -22938.0 -21895.0 -19556.0 -23560.0 -23147.0 -23767.0 -20227.0 -24095.0 -24255.0 -23374.0 -22910.0 -21019.0 -23640.0 -22810.0 -26289.0 -22669.0 -24338.0 -25692.0 -23532.0 -22511.0 -26843.0 -25733.0 -28927.0 -26192.0 -23304.0 -25053.0 -28095.0 -24236.0 -26745.0 -27934.0 -25751.0 -29051.0 -25337.0 -29126.0 -28868.0 -29229.0 -30553.0 -26401.0 -28379.0 -33328.0 -31360.0 -28429.0 -29433.0 -31576.0 -31062.0 -30207.0 -30191.0 -32869.0 -32488.0 -29275.0 -26902.0 -35275.0 -31897.0 -28689.0 -35874.0 -40914.0 -35501.0 -36099.0 -30538.0 -29403.0 -32394.0 -31729.0 -31328.0 -32289.0 -36685.0 -33629.0 -34959.0 -37788.0 -37467.0 -38905.0 -37620.0 -39669.0 -38022.0 -39909.0 -39385.0 -33475.0 -39875.0 -39348.0 -38143.0 -38917.0 -39275.0 -40918.0 