15
-19.0 -2.0 -3.0 0.0 -3.0 -2.0 -2.0 0.0 -1.0 -3.0 -1.0 -1.0 0.0 0.0 0.0 
-1.0 -25.0 -4.0 -1.0 -2.0 -1.0 -4.0 0.0 -2.0 -3.0 0.0 -2.0 -2.0 -3.0 0.0 
-1.0 -4.0 -31.0 -3.0 0.0 -4.0 -4.0 0.0 -4.0 0.0 -1.0 -4.0 -2.0 -3.0 -1.0 
-1.0 -1.0 -4.0 -27.0 -3.0 0.0 -4.0 -3.0 -1.0 0.0 -3.0 -3.0 -1.0 -2.0 -1.0 
-3.0 -4.0 -3.0 -3.0 -38.0 -4.0 -4.0 -1.0 -3.0 -4.0 0.0 -3.0 -2.0 -1.0 -3.0 
-3.0 -3.0 -4.0 -4.0 -4.0 -39.0 -3.0 -3.0 -1.0 0.0 -4.0 -1.0 -3.0 -2.0 -4.0 
-1.0 -1.0 -2.0 0.0 -1.0 -2.0 -30.0 -4.0 -4.0 -4.0 -2.0 -4.0 0.0 -1.0 -4.0 
0.0 -2.0 -3.0 -1.0 -3.0 0.0 -1.0 -21.0 -1.0 -1.0 0.0 -2.0 -2.0 -3.0 -2.0 
-3.0 0.0 -3.0 -3.0 -2.0 -3.0 -3.0 0.0 -32.0 -4.0 -4.0 -2.0 0.0 -2.0 -3.0 
-3.0 -2.0 0.0 -4.0 0.0 -3.0 0.0 -4.0 -2.0 -31.0 -3.0 0.0 -3.0 -3.0 -4.0 
-1.0 0.0 -2.0 -2.0 -4.0 -3.0 -4.0 -3.0 -1.0 0.0 -26.0 -3.0 -1.0 0.0 -2.0 
-2.0 -4.0 -3.0 0.0 -4.0 -4.0 0.0 -4.0 -3.0 -2.0 0.0 -35.0 -4.0 -2.0 -3.0 
-2.0 -2.0 0.0 -1.0 -1.0 -1.0 -2.0 0.0 -4.0 0.0 -1.0 0.0 -18.0 -1.0 -3.0 
0.0 -3.0 -2.0 -2.0 -4.0 -1.0 -3.0 -2.0 -2.0 -4.0 -3.0 -4.0 -2.0 -36.0 -4.0 
-1.0 -3.0 -2.0 -3.0 -4.0 0.0 -4.0 -1.0 -1.0 0.0 -2.0 -3.0 -4.0 -3.0 -31.0 

-135.0 -251.0 -344.0 -324.0 -470.0 -528.0 -488.0 -348.0 -542.0 -575.0 -479.0 -687.0 -375.0 -812.0 -707.0 