65
-142.0 -3.0 -4.0 -1.0 -3.0 -3.0 0.0 -3.0 -1.0 -1.0 -1.0 -1.0 -3.0 -3.0 -3.0 -4.0 -3.0 -1.0 -1.0 -4.0 -3.0 -1.0 -1.0 -3.0 -3.0 -3.0 -1.0 -3.0 -1.0 -2.0 -2.0 0.0 -1.0 -3.0 0.0 -3.0 -4.0 -2.0 0.0 -3.0 -2.0 0.0 -3.0 0.0 -2.0 -4.0 -2.0 -3.0 -2.0 -2.0 -1.0 -2.0 -4.0 -4.0 0.0 -2.0 -2.0 -3.0 -3.0 -3.0 -3.0 -3.0 -4.0 -3.0 -2.0 
-4.0 -129.0 -2.0 -4.0 -3.0 -3.0 -2.0 -1.0 -3.0 -2.0 -1.0 -4.0 -1.0 0.0 -2.0 -1.0 -1.0 0.0 -4.0 -1.0 -2.0 0.0 -4.0 -1.0 0.0 -4.0 0.0 -1.0 0.0 -4.0 -2.0 0.0 -1.0 0.0 -2.0 -2.0 -1.0 -2.0 -2.0 -3.0 -1.0 -3.0 -4.0 0.0 0.0 -3.0 -2.0 -3.0 -1.0 -3.0 -3.0 -2.0 -4.0 -3.0 -2.0 -3.0 0.0 -4.0 -2.0 -4.0 -4.0 -1.0 -2.0 -1.0 -4.0 
-2.0 -4.0 -142.0 0.0 -3.0 -3.0 -3.0 -2.0 -1.0 -4.0 -4.0 -2.0 -4.0 -4.0 -2.0 -2.0 -1.0 0.0 -2.0 -2.0 -2.0 -2.0 -4.0 -4.0 0.0 -2.0 -4.0 -2.0 -1.0 -4.0 -4.0 -3.0 -4.0 -1.0 -3.0 -3.0 -3.0 -1.0 -1.0 -3.0 -1.0 0.0 -3.0 -1.0 -3.0 -4.0 0.0 -2.0 -4.0 -2.0 -4.0 -1.0 -3.0 -2.0 -4.0 0.0 -3.0 -2.0 0.0 0.0 0.0 -4.0 -2.0 0.0 -1.0 
0.0 -1.0 -2.0 -144.0 -4.0 -4.0 -1.0 -4.0 0.0 -4.0 -3.0 -2.0 -1.0 -4.0 -3.0 0.0 -2.0 0.0 -4.0 0.0 -3.0 -1.0 -2.0 0.0 -4.0 -3.0 -2.0 -4.0 0.0 -1.0 -4.0 -4.0 -2.0 -4.0 0.0 -4.0 -1.0 -4.0 -2.0 -3.0 -4.0 0.0 -4.0 -3.0 -2.0 -2.0 -4.0 -3.0 0.0 -2.0 -3.0 -4.0 0.0 -3.0 -2.0 -1.0 -3.0 -1.0 -2.0 -1.0 -2.0 -4.0 0.0 -4.0 -3.0 
-1.0 -4.0 -1.0 -2.0 -133.0 -4.0 -4.0 -3.0 -2.0 -2.0 -2.0 -2.0 0.0 -1.0 -2.0 0.0 -3.0 -4.0 -1.0 -4.0 -1.0 0.0 -1.0 -1.0 -4.0 -2.0 0.0 0.0 -4.0 -4.0 -2.0 0.0 -4.0 0.0 -2.0 -3.0 0.0 -3.0 -4.0 -3.0 -3.0 -1.0 -2.0 -1.0 -2.0 -3.0 -1.0 0.0 -4.0 -2.0 0.0 0.0 -4.0 -4.0 -4.0 -3.0 -2.0 -4.0 -1.0 0.0 -2.0 -2.0 -1.0 -4.0 -3.0 
-1.0 -4.0 -3.0 -1.0 -3.0 -154.0 -4.0 0.0 -3.0 -2.0 -4.0 -4.0 -2.0 -4.0 -1.0 -3.0 -3.0 -4.0 0.0 -1.0 -2.0 -2.0 -4.0 -3.0 0.0 -4.0 -4.0 -1.0 0.0 -1.0 -3.0 -1.0 -1.0 0.0 -2.0 -4.0 -1.0 -2.0 -3.0 -4.0 -3.0 -4.0 -1.0 -2.0 -4.0 -3.0 -3.0 -2.0 -4.0 -4.0 0.0 -2.0 -4.0 -4.0 -1.0 -3.0 -4.0 -1.0 -4.0 -2.0 -1.0 -4.0 -1.0 -4.0 0.0 
0.0 -3.0 -1.0 -4.0 -4.0 -1.0 -148.0 -3.0 -3.0 -1.0 -4.0 -2.0 -3.0 0.0 -3.0 -3.0 -3.0 -1.0 -1.0 -4.0 -4.0 0.0 -4.0 -3.0 0.0 -4.0 -2.0 -4.0 -3.0 -4.0 0.0 0.0 -4.0 -2.0 -2.0 0.0 -3.0 -1.0 -3.0 0.0 -4.0 -1.0 -4.0 0.0 -2.0 -3.0 -3.0 -4.0 -4.0 -3.0 -2.0 0.0 -3.0 -4.0 -1.0 -1.0 -2.0 -1.0 -4.0 -4.0 -3.0 -1.0 -4.0 -3.0 0.0 
-3.0 -2.0 -4.0 -3.0 0.0 0.0 -4.0 -125.0 -3.0 -1.0 -3.0 -3.0 -2.0 -3.0 -2.0 -2.0 -3.0 0.0 -4.0 -3.0 0.0 0.0 -2.0 -3.0 -3.0 -3.0 0.0 -2.0 -2.0 -4.0 0.0 -3.0 0.0 -2.0 0.0 -3.0 0.0 -1.0 -1.0 -3.0 -2.0 -2.0 -4.0 -3.0 -1.0 -1.0 -3.0 -2.0 -4.0 0.0 0.0 -2.0 -2.0 -2.0 -1.0 -4.0 -3.0 -1.0 -4.0 -4.0 0.0 -1.0 -1.0 -1.0 0.0 
-4.0 0.0 -3.0 -2.0 0.0 -2.0 -1.0 -2.0 -103.0 -3.0 0.0 -2.0 -4.0 -2.0 -2.0 0.0 -2.0 -2.0 0.0 -2.0 -2.0 0.0 -1.0 0.0 0.0 -1.0 -1.0 -1.0 0.0 -4.0 -1.0 0.0 -3.0 0.0 -3.0 0.0 -2.0 -1.0 -1.0 -4.0 -3.0 -3.0 -3.0 0.0 -3.0 0.0 -4.0 -1.0 -1.0 -1.0 -2.0 -2.0 -3.0 -1.0 -1.0 -2.0 0.0 -4.0 -2.0 0.0 -4.0 0.0 -1.0 -4.0 0.0 
0.0 -3.0 0.0 -1.0 -3.0 -4.0 0.0 -4.0 0.0 -117.0 0.0 -1.0 -1.0 0.0 -1.0 -3.0 -1.0 -4.0 -1.0 -3.0 -3.0 -4.0 -2.0 -2.0 -4.0 -4.0 -1.0 0.0 -3.0 0.0 -4.0 -2.0 0.0 0.0 -4.0 -3.0 -4.0 0.0 -4.0 0.0 -2.0 -2.0 -1.0 -3.0 -1.0 0.0 -2.0 -4.0 -1.0 -3.0 -1.0 0.0 0.0 -1.0 0.0 -1.0 -4.0 -3.0 -4.0 0.0 -3.0 -1.0 -3.0 -1.0 -2.0 
-3.0 -4.0 0.0 -1.0 0.0 -3.0 -2.0 -3.0 -2.0 -1.0 -114.0 -3.0 -3.0 -2.0 0.0 0.0 -2.0 -2.0 -2.0 -1.0 -1.0 0.0 -4.0 -3.0 -3.0 0.0 -1.0 -2.0 -4.0 -2.0 0.0 0.0 -3.0 0.0 0.0 -3.0 -2.0 -1.0 -4.0 0.0 0.0 -1.0 -3.0 -4.0 -2.0 -1.0 -1.0 -1.0 -1.0 -1.0 -4.0 -1.0 -4.0 0.0 -3.0 -2.0 -2.0 -4.0 -3.0 -3.0 -2.0 0.0 -1.0 -3.0 0.0 
-3.0 -2.0 -4.0 -2.0 0.0 -4.0 -3.0 -2.0 0.0 -2.0 -1.0 -136.0 -3.0 -3.0 -2.0 -3.0 -4.0 -2.0 -1.0 -2.0 -3.0 -3.0 -2.0 -4.0 -1.0 -1.0 -1.0 0.0 -2.0 -3.0 0.0 -4.0 -4.0 -4.0 -4.0 -2.0 -1.0 0.0 0.0 0.0 -1.0 -4.0 -1.0 -4.0 -3.0 -1.0 -3.0 -4.0 -3.0 0.0 -4.0 -1.0 -2.0 -1.0 -3.0 -2.0 -1.0 0.0 -4.0 -1.0 -4.0 -1.0 -3.0 -2.0 -1.0 
-4.0 -3.0 -1.0 -3.0 0.0 -2.0 -2.0 -2.0 -4.0 0.0 0.0 0.0 -117.0 0.0 -2.0 0.0 -4.0 -3.0 0.0 -2.0 -4.0 0.0 -2.0 -2.0 0.0 -4.0 -1.0 -1.0 -4.0 -3.0 -3.0 -2.0 -2.0 0.0 -4.0 -1.0 -1.0 -1.0 -2.0 -3.0 -1.0 0.0 0.0 -2.0 -3.0 0.0 -1.0 -1.0 -4.0 -1.0 -1.0 -1.0 -3.0 -4.0 -3.0 -3.0 -1.0 -3.0 -1.0 0.0 -1.0 -3.0 -3.0 -2.0 -3.0 
0.0 0.0 -1.0 -4.0 -2.0 0.0 0.0 -4.0 -3.0 -1.0 0.0 -1.0 -4.0 -110.0 0.0 -4.0 -4.0 0.0 0.0 -2.0 0.0 -4.0 0.0 -4.0 0.0 -2.0 -2.0 -2.0 -4.0 -1.0 0.0 -4.0 0.0 -2.0 -1.0 -4.0 -3.0 -1.0 -2.0 -4.0 0.0 0.0 -3.0 -2.0 -1.0 -1.0 -3.0 0.0 0.0 0.0 -1.0 -4.0 0.0 -4.0 -4.0 -3.0 -1.0 -1.0 0.0 0.0 -2.0 -3.0 -2.0 -4.0 -1.0 
-4.0 0.0 0.0 -1.0 -3.0 0.0 -4.0 -2.0 -1.0 -3.0 -3.0 -3.0 0.0 0.0 -128.0 -4.0 -4.0 0.0 -1.0 -4.0 0.0 -3.0 -3.0 0.0 -2.0 -3.0 -2.0 -1.0 -4.0 -3.0 -4.0 -4.0 0.0 -3.0 -3.0 -1.0 -4.0 -2.0 -2.0 -1.0 -3.0 -4.0 0.0 -3.0 0.0 -4.0 -1.0 -1.0 -4.0 -1.0 0.0 -3.0 -4.0 0.0 -1.0 0.0 -2.0 -3.0 -1.0 0.0 -2.0 -2.0 -3.0 -4.0 0.0 
-1.0 0.0 -1.0 -1.0 -2.0 0.0 -2.0 0.0 -2.0 0.0 0.0 -4.0 -1.0 0.0 -3.0 -108.0 -1.0 -2.0 0.0 -4.0 -3.0 -3.0 -3.0 -4.0 -1.0 -1.0 -3.0 -1.0 0.0 0.0 -2.0 -1.0 -3.0 -4.0 0.0 -3.0 -4.0 -4.0 -1.0 -3.0 -2.0 0.0 0.0 -1.0 0.0 -2.0 0.0 0.0 -4.0 -2.0 0.0 0.0 -4.0 0.0 -2.0 0.0 -3.0 -2.0 -2.0 -4.0 0.0 -3.0 -4.0 -4.0 -1.0 
-2.0 -2.0 0.0 -2.0 -1.0 -4.0 -3.0 -1.0 -3.0 -2.0 -3.0 -4.0 -1.0 -4.0 -2.0 -1.0 -117.0 -1.0 -4.0 -3.0 -2.0 -1.0 -1.0 -2.0 -4.0 0.0 -3.0 -2.0 -4.0 0.0 -1.0 -3.0 -1.0 -2.0 0.0 -2.0 -2.0 -4.0 -1.0 -2.0 -1.0 -4.0 0.0 0.0 -4.0 -2.0 -2.0 -1.0 0.0 0.0 -1.0 0.0 0.0 0.0 0.0 -3.0 0.0 0.0 -4.0 -4.0 -1.0 -2.0 -4.0 -1.0 -3.0 
0.0 -4.0 -4.0 -4.0 -3.0 -1.0 -2.0 0.0 -4.0 0.0 -2.0 0.0 -4.0 -1.0 -1.0 -1.0 -2.0 -120.0 -2.0 -1.0 -4.0 -1.0 -4.0 -4.0 -3.0 -1.0 -1.0 -4.0 0.0 -3.0 0.0 -1.0 0.0 0.0 -2.0 -1.0 -3.0 -1.0 -1.0 -1.0 -1.0 -4.0 -2.0 -3.0 -4.0 -4.0 -4.0 0.0 -3.0 -1.0 -3.0 -2.0 -2.0 -2.0 -2.0 -2.0 -3.0 0.0 0.0 0.0 -2.0 0.0 0.0 -4.0 -1.0 
-4.0 -4.0 -2.0 -4.0 0.0 0.0 -2.0 -2.0 -4.0 -1.0 0.0 -1.0 -4.0 -3.0 -3.0 -2.0 -1.0 -4.0 -127.0 -3.0 -2.0 -1.0 -4.0 -1.0 0.0 0.0 -3.0 -2.0 0.0 -2.0 -1.0 -4.0 -1.0 -4.0 -4.0 -3.0 -1.0 -3.0 -4.0 0.0 -1.0 -1.0 0.0 0.0 -2.0 0.0 -4.0 -2.0 0.0 0.0 -1.0 -1.0 -4.0 -4.0 -2.0 0.0 -2.0 -2.0 0.0 -3.0 -4.0 -3.0 -2.0 -1.0 -4.0 
0.0 0.0 -4.0 -4.0 -1.0 -2.0 -2.0 -3.0 0.0 -2.0 0.0 -2.0 -4.0 -2.0 -1.0 0.0 0.0 -4.0 -4.0 -122.0 -2.0 -3.0 -3.0 -2.0 -2.0 0.0 -3.0 -2.0 -1.0 -1.0 0.0 -4.0 0.0 -4.0 -3.0 -2.0 -2.0 -2.0 -1.0 -1.0 0.0 -3.0 -1.0 -1.0 -3.0 -3.0 -3.0 -1.0 -3.0 -3.0 -2.0 0.0 -1.0 0.0 -2.0 -3.0 -3.0 -2.0 -1.0 -1.0 -4.0 -2.0 0.0 -3.0 -4.0 
-1.0 0.0 -2.0 -1.0 -2.0 -2.0 -1.0 -3.0 -4.0 0.0 -3.0 -3.0 -4.0 0.0 -4.0 -4.0 -4.0 -4.0 -4.0 -2.0 -150.0 -1.0 -2.0 0.0 -3.0 0.0 -3.0 -1.0 -2.0 -3.0 0.0 -1.0 -4.0 -3.0 -2.0 -3.0 -3.0 -3.0 -3.0 -4.0 -3.0 -4.0 0.0 -3.0 -2.0 -2.0 -3.0 -2.0 0.0 -3.0 -4.0 -2.0 -4.0 -2.0 -4.0 -4.0 -1.0 -2.0 -1.0 -2.0 -3.0 -1.0 -2.0 -3.0 -4.0 
-3.0 0.0 0.0 -3.0 -2.0 0.0 0.0 -3.0 -1.0 0.0 -3.0 -4.0 -1.0 -1.0 -4.0 -3.0 0.0 -4.0 -2.0 -2.0 -3.0 -110.0 -2.0 0.0 0.0 -1.0 -3.0 -2.0 0.0 -1.0 -4.0 -3.0 0.0 -3.0 -1.0 -1.0 0.0 0.0 -2.0 -3.0 -2.0 -2.0 -3.0 -3.0 -4.0 0.0 0.0 -1.0 -3.0 0.0 0.0 -4.0 -4.0 -2.0 -1.0 -1.0 -1.0 -2.0 -2.0 0.0 -2.0 -2.0 -2.0 -1.0 -3.0 
-3.0 -1.0 -3.0 -1.0 -4.0 -1.0 -2.0 -2.0 -4.0 -4.0 -3.0 -4.0 -3.0 -1.0 -3.0 -3.0 0.0 0.0 -4.0 -3.0 -1.0 -4.0 -132.0 0.0 -1.0 0.0 -1.0 0.0 -3.0 -2.0 -2.0 -4.0 -1.0 0.0 -1.0 -2.0 -1.0 -2.0 -1.0 -1.0 -2.0 -3.0 -3.0 -1.0 -2.0 -4.0 -3.0 -4.0 0.0 -2.0 -4.0 0.0 -2.0 0.0 -3.0 -1.0 -1.0 -1.0 -4.0 -1.0 -2.0 -1.0 -4.0 -4.0 -4.0 
0.0 -3.0 -1.0 -4.0 -4.0 -1.0 0.0 -1.0 -4.0 -4.0 -1.0 0.0 -4.0 -2.0 -2.0 -3.0 -3.0 -2.0 0.0 -2.0 0.0 -1.0 -4.0 -146.0 -4.0 -2.0 -3.0 -2.0 -3.0 -3.0 -1.0 -4.0 0.0 0.0 -1.0 -3.0 0.0 -1.0 -2.0 -3.0 -1.0 -3.0 -3.0 -4.0 -1.0 -2.0 -2.0 -3.0 -4.0 -4.0 -1.0 -1.0 -1.0 -3.0 -3.0 -3.0 0.0 -4.0 -4.0 -3.0 -3.0 -4.0 -4.0 -4.0 -3.0 
-3.0 -2.0 -4.0 -3.0 -1.0 -4.0 0.0 -3.0 -3.0 -1.0 -4.0 0.0 -1.0 -3.0 -2.0 -2.0 -1.0 -4.0 -1.0 -4.0 -4.0 0.0 -1.0 0.0 -141.0 -3.0 -3.0 -1.0 -4.0 -1.0 -1.0 -4.0 -2.0 -2.0 -3.0 -4.0 0.0 -1.0 -1.0 -3.0 -1.0 -2.0 -3.0 -3.0 -3.0 -2.0 -4.0 0.0 -4.0 -4.0 -4.0 -2.0 0.0 0.0 0.0 -3.0 -2.0 -4.0 0.0 -4.0 -4.0 -1.0 -3.0 -3.0 -1.0 
-1.0 -2.0 -4.0 -4.0 -3.0 -1.0 -3.0 0.0 0.0 -2.0 -2.0 -4.0 -2.0 -4.0 -2.0 -1.0 -3.0 -4.0 -4.0 -2.0 -1.0 0.0 -2.0 -2.0 0.0 -123.0 -1.0 -4.0 -4.0 -1.0 0.0 -2.0 -2.0 -1.0 -3.0 -4.0 -1.0 -2.0 -1.0 -2.0 -4.0 -1.0 -1.0 0.0 0.0 -1.0 -2.0 -4.0 -1.0 -2.0 -4.0 0.0 0.0 -3.0 0.0 -4.0 0.0 0.0 0.0 -4.0 0.0 -4.0 -4.0 -2.0 -1.0 
-2.0 -2.0 0.0 -3.0 0.0 -1.0 0.0 -3.0 -1.0 -3.0 -1.0 -1.0 0.0 0.0 0.0 -1.0 -1.0 0.0 -3.0 -1.0 -3.0 0.0 0.0 -4.0 -1.0 -3.0 -112.0 -3.0 -1.0 -1.0 0.0 -2.0 -4.0 -4.0 -3.0 -4.0 -3.0 -2.0 -3.0 -3.0 -2.0 -1.0 -4.0 0.0 -1.0 -3.0 -3.0 0.0 -3.0 -4.0 -3.0 0.0 -1.0 0.0 -1.0 -4.0 0.0 -4.0 -2.0 -3.0 0.0 -2.0 0.0 0.0 -4.0 
-4.0 -3.0 -3.0 0.0 -4.0 -3.0 -2.0 -1.0 0.0 -3.0 0.0 -3.0 -1.0 0.0 -2.0 0.0 0.0 -3.0 -4.0 -2.0 -1.0 0.0 -3.0 -4.0 -4.0 0.0 -4.0 -126.0 -2.0 0.0 -3.0 -2.0 -4.0 -1.0 -1.0 -3.0 -4.0 -2.0 0.0 0.0 -2.0 0.0 -4.0 -3.0 -3.0 -4.0 -1.0 -4.0 -4.0 0.0 0.0 -1.0 -1.0 -3.0 -1.0 -1.0 -3.0 -1.0 -4.0 -2.0 -4.0 -2.0 -2.0 0.0 0.0 
-4.0 -1.0 -2.0 -4.0 -3.0 0.0 -3.0 -2.0 -4.0 -4.0 -2.0 -4.0 -2.0 -1.0 -2.0 0.0 -1.0 -1.0 0.0 -4.0 -2.0 0.0 -2.0 -4.0 -3.0 -1.0 -1.0 -4.0 -115.0 -2.0 0.0 0.0 -2.0 -1.0 -2.0 -1.0 0.0 -2.0 -3.0 -4.0 -2.0 0.0 -2.0 -1.0 -4.0 0.0 0.0 -3.0 -2.0 -1.0 0.0 0.0 0.0 -2.0 -3.0 -3.0 -4.0 -2.0 -4.0 0.0 0.0 0.0 -2.0 -2.0 0.0 
-1.0 -1.0 0.0 -1.0 -1.0 -2.0 -3.0 -1.0 -2.0 -4.0 0.0 -3.0 -1.0 -3.0 -4.0 -4.0 -3.0 -2.0 -1.0 -1.0 -1.0 -4.0 -4.0 0.0 -4.0 -2.0 -3.0 -3.0 -3.0 -130.0 -3.0 -3.0 0.0 -1.0 0.0 -4.0 -1.0 -2.0 -3.0 -3.0 -4.0 -1.0 0.0 -2.0 -1.0 -1.0 -1.0 -3.0 -2.0 -1.0 -1.0 -1.0 -1.0 0.0 -4.0 -2.0 -2.0 -4.0 -3.0 -2.0 -2.0 -3.0 -1.0 -2.0 -4.0 
-1.0 -4.0 -4.0 -3.0 0.0 -3.0 -3.0 -4.0 -2.0 -3.0 -4.0 -2.0 -3.0 0.0 -4.0 0.0 -4.0 0.0 -4.0 -4.0 -3.0 -3.0 -4.0 0.0 -2.0 -2.0 0.0 -1.0 -1.0 -1.0 -141.0 -3.0 -4.0 -1.0 -1.0 -4.0 -1.0 -3.0 0.0 -1.0 -1.0 0.0 -3.0 -4.0 -4.0 -1.0 -2.0 -3.0 -4.0 -2.0 0.0 -4.0 -1.0 -2.0 -3.0 -4.0 0.0 0.0 -2.0 -4.0 -1.0 -4.0 -3.0 -1.0 -1.0 
-4.0 -4.0 -2.0 -1.0 -3.0 -2.0 -4.0 -2.0 -2.0 -3.0 -4.0 -1.0 -1.0 -3.0 -4.0 0.0 -1.0 -2.0 -1.0 -4.0 -3.0 -2.0 0.0 -2.0 -2.0 -1.0 -4.0 -4.0 0.0 -4.0 -1.0 -118.0 0.0 -1.0 -3.0 -1.0 -1.0 -1.0 -4.0 -3.0 -2.0 -3.0 0.0 -1.0 0.0 -4.0 -1.0 -2.0 -2.0 0.0 0.0 -2.0 0.0 -4.0 -3.0 0.0 0.0 0.0 -1.0 -4.0 -1.0 0.0 -1.0 -2.0 0.0 
-4.0 -4.0 -2.0 -1.0 -1.0 -3.0 -4.0 -1.0 -3.0 -3.0 -4.0 -4.0 -4.0 0.0 -2.0 0.0 0.0 -3.0 -1.0 0.0 -3.0 -2.0 -4.0 -1.0 -4.0 -4.0 -4.0 0.0 -4.0 -4.0 -1.0 -3.0 -127.0 -4.0 -2.0 -3.0 -3.0 -2.0 0.0 -1.0 -1.0 -3.0 -3.0 -2.0 -3.0 -4.0 -1.0 0.0 -1.0 -1.0 0.0 -2.0 -2.0 -1.0 0.0 0.0 -2.0 0.0 -2.0 -3.0 -1.0 -2.0 0.0 0.0 0.0 
-4.0 -2.0 -4.0 0.0 0.0 -1.0 -4.0 -1.0 -4.0 0.0 -3.0 -4.0 -4.0 -1.0 0.0 -1.0 0.0 0.0 -4.0 -3.0 -1.0 -2.0 -4.0 -1.0 -2.0 -4.0 -4.0 -4.0 -3.0 -2.0 0.0 -4.0 -2.0 -139.0 -4.0 -3.0 -4.0 -3.0 0.0 0.0 -4.0 -3.0 -3.0 -1.0 0.0 0.0 -4.0 0.0 -4.0 -4.0 0.0 -4.0 -4.0 -1.0 -4.0 -3.0 -2.0 -2.0 -3.0 -2.0 -3.0 0.0 0.0 -1.0 0.0 
-4.0 -2.0 0.0 -2.0 -3.0 -4.0 -3.0 0.0 -4.0 -4.0 -2.0 -1.0 0.0 0.0 0.0 -4.0 0.0 0.0 0.0 0.0 0.0 -2.0 -4.0 -2.0 -2.0 -4.0 -2.0 -2.0 0.0 0.0 -1.0 -1.0 -2.0 0.0 -113.0 -2.0 -3.0 -3.0 -3.0 0.0 -2.0 -4.0 0.0 -4.0 0.0 0.0 0.0 -1.0 -3.0 -3.0 -2.0 -4.0 -2.0 -4.0 -1.0 0.0 -2.0 0.0 -2.0 -3.0 0.0 0.0 -4.0 -4.0 -2.0 
-3.0 -3.0 -4.0 0.0 -1.0 -1.0 0.0 0.0 0.0 -1.0 -2.0 -2.0 -3.0 -4.0 0.0 0.0 0.0 -3.0 -2.0 -4.0 0.0 -2.0 -1.0 0.0 -4.0 -4.0 -1.0 -3.0 -3.0 -3.0 -3.0 -2.0 0.0 0.0 -1.0 -108.0 -3.0 0.0 -4.0 0.0 0.0 -1.0 0.0 -3.0 0.0 -2.0 -1.0 -1.0 -1.0 0.0 -1.0 -3.0 -2.0 -4.0 -1.0 -4.0 0.0 -3.0 -2.0 -3.0 -1.0 -1.0 0.0 -4.0 -3.0 
0.0 -2.0 -3.0 0.0 -1.0 0.0 0.0 -3.0 0.0 0.0 -2.0 -4.0 -4.0 -4.0 -4.0 -2.0 0.0 -4.0 -4.0 -3.0 -4.0 0.0 -1.0 -2.0 -4.0 0.0 -3.0 -1.0 -1.0 -3.0 -2.0 0.0 -1.0 0.0 0.0 -3.0 -119.0 -4.0 -3.0 -1.0 0.0 -2.0 -1.0 0.0 -2.0 -2.0 0.0 -4.0 -3.0 -3.0 -4.0 -3.0 0.0 -4.0 -3.0 -1.0 0.0 -1.0 -2.0 0.0 0.0 -4.0 -1.0 -2.0 -4.0 
0.0 -3.0 -1.0 -2.0 -4.0 -2.0 -4.0 -2.0 -1.0 -1.0 -2.0 -3.0 0.0 -2.0 0.0 -4.0 0.0 -1.0 -2.0 -2.0 -4.0 -1.0 -1.0 -4.0 -4.0 -4.0 0.0 -1.0 -2.0 -2.0 -1.0 -4.0 0.0 -2.0 -1.0 -1.0 -2.0 -112.0 -2.0 -2.0 0.0 -1.0 -2.0 0.0 -3.0 -3.0 0.0 0.0 -1.0 -4.0 -3.0 0.0 -2.0 -2.0 0.0 -1.0 -4.0 -4.0 0.0 -4.0 -2.0 0.0 -2.0 0.0 0.0 
-4.0 -2.0 -2.0 -1.0 0.0 -4.0 -2.0 -4.0 0.0 0.0 -4.0 -3.0 -1.0 -4.0 -3.0 -2.0 0.0 0.0 -4.0 -2.0 -2.0 -2.0 -4.0 -2.0 -1.0 -2.0 0.0 -1.0 -4.0 -3.0 -4.0 -1.0 -3.0 -2.0 -3.0 -2.0 -2.0 -1.0 -151.0 -3.0 -4.0 -4.0 0.0 -3.0 -4.0 -1.0 -1.0 -4.0 -4.0 -2.0 -4.0 -3.0 -3.0 -4.0 -3.0 -3.0 -3.0 -3.0 -2.0 0.0 -3.0 -3.0 -3.0 -3.0 0.0 
-3.0 -4.0 0.0 -2.0 0.0 0.0 0.0 -4.0 -1.0 0.0 0.0 -2.0 -1.0 0.0 -2.0 -3.0 -4.0 0.0 0.0 -1.0 -4.0 -1.0 -4.0 -1.0 -4.0 -2.0 -4.0 -2.0 -1.0 -2.0 -3.0 0.0 -4.0 -4.0 -4.0 0.0 -3.0 -4.0 -3.0 -122.0 -2.0 -3.0 -1.0 -2.0 0.0 -2.0 -2.0 0.0 -4.0 -1.0 -2.0 -1.0 -1.0 -3.0 -1.0 0.0 0.0 -3.0 -2.0 -2.0 -2.0 -3.0 -4.0 -2.0 -2.0 
-4.0 -2.0 -2.0 -2.0 -1.0 -2.0 -1.0 -4.0 0.0 -4.0 -4.0 0.0 -4.0 -1.0 -1.0 -3.0 -3.0 -2.0 0.0 -2.0 0.0 -1.0 0.0 -1.0 -4.0 0.0 0.0 -1.0 -2.0 0.0 -3.0 -4.0 -4.0 0.0 -4.0 -1.0 -2.0 -4.0 0.0 -2.0 -134.0 -3.0 -1.0 -4.0 -2.0 -3.0 0.0 -1.0 -4.0 -2.0 -4.0 -3.0 0.0 -3.0 0.0 -4.0 -1.0 -4.0 -4.0 -3.0 0.0 -4.0 -2.0 -4.0 -3.0 
-1.0 -1.0 -2.0 -1.0 -1.0 0.0 -4.0 -3.0 -2.0 -1.0 -1.0 -1.0 -2.0 0.0 0.0 0.0 -1.0 -1.0 -2.0 0.0 -2.0 -3.0 0.0 0.0 0.0 0.0 -2.0 0.0 -2.0 -1.0 -4.0 -2.0 -3.0 -1.0 0.0 -1.0 -2.0 0.0 -4.0 -4.0 -1.0 -103.0 0.0 -2.0 -2.0 -3.0 -2.0 -3.0 -4.0 0.0 -2.0 -4.0 0.0 -3.0 -3.0 0.0 -1.0 -4.0 -2.0 -2.0 -1.0 -2.0 -4.0 0.0 -3.0 
-1.0 -2.0 -4.0 -1.0 -4.0 -4.0 0.0 -2.0 -1.0 -4.0 -4.0 0.0 -4.0 -1.0 -4.0 -1.0 -4.0 -2.0 -2.0 -1.0 -4.0 -2.0 -1.0 -2.0 -2.0 -4.0 -2.0 -1.0 -3.0 -3.0 -1.0 0.0 -2.0 -1.0 -2.0 -1.0 -3.0 0.0 -4.0 -3.0 -1.0 -4.0 -134.0 -4.0 -4.0 -1.0 0.0 -1.0 -4.0 -4.0 -3.0 0.0 -2.0 -2.0 -2.0 -1.0 0.0 0.0 0.0 -4.0 -4.0 -4.0 0.0 -2.0 0.0 
-3.0 -2.0 -1.0 -3.0 -1.0 -3.0 0.0 -4.0 0.0 -3.0 -4.0 0.0 -4.0 -2.0 0.0 -3.0 -3.0 -3.0 -2.0 -3.0 -2.0 -4.0 -1.0 -1.0 -3.0 -1.0 -1.0 -4.0 0.0 -1.0 -3.0 0.0 -3.0 -1.0 -1.0 -4.0 0.0 0.0 -1.0 -1.0 -1.0 -1.0 -4.0 -127.0 -2.0 -2.0 -2.0 0.0 -1.0 -4.0 0.0 -2.0 -3.0 -2.0 0.0 0.0 -3.0 -4.0 -4.0 -4.0 0.0 -2.0 -2.0 -4.0 -4.0 
-3.0 -4.0 -2.0 -2.0 -2.0 -1.0 -3.0 -2.0 0.0 -1.0 -4.0 -2.0 -3.0 -3.0 -2.0 0.0 0.0 0.0 0.0 -3.0 -3.0 -4.0 -2.0 -1.0 -3.0 -3.0 -4.0 -1.0 -1.0 -1.0 -1.0 -3.0 -3.0 -4.0 -2.0 -4.0 -4.0 0.0 -1.0 -2.0 -4.0 -4.0 0.0 0.0 -134.0 0.0 -3.0 0.0 -3.0 -4.0 0.0 -2.0 -3.0 0.0 0.0 -3.0 -3.0 -2.0 -1.0 -1.0 -2.0 -4.0 -3.0 -4.0 -4.0 
0.0 -1.0 0.0 -2.0 -3.0 -2.0 -3.0 -2.0 -1.0 -2.0 -2.0 -1.0 0.0 -2.0 -1.0 -1.0 -3.0 -2.0 -2.0 -1.0 -3.0 -4.0 -2.0 0.0 -3.0 -3.0 -1.0 -1.0 -2.0 -1.0 0.0 -1.0 -1.0 -3.0 -3.0 -2.0 0.0 0.0 -4.0 -1.0 -4.0 -4.0 -3.0 0.0 -4.0 -120.0 -1.0 0.0 -3.0 0.0 0.0 -3.0 0.0 -3.0 -4.0 0.0 -4.0 -2.0 -4.0 -3.0 -3.0 -2.0 -4.0 -3.0 0.0 
-1.0 -3.0 -2.0 -2.0 -3.0 -4.0 -2.0 0.0 -2.0 -3.0 -1.0 -2.0 -3.0 -1.0 -2.0 -2.0 0.0 -2.0 -3.0 -4.0 -2.0 0.0 -1.0 -2.0 -2.0 -2.0 -1.0 -2.0 -3.0 -3.0 -1.0 -4.0 0.0 -3.0 -4.0 -3.0 0.0 -1.0 -3.0 0.0 0.0 -2.0 -1.0 -2.0 0.0 -1.0 -125.0 0.0 -4.0 -4.0 -1.0 -4.0 -4.0 0.0 -4.0 -4.0 -1.0 -3.0 -1.0 0.0 -1.0 -1.0 -3.0 -1.0 -4.0 
-2.0 -2.0 -3.0 -2.0 -1.0 -3.0 -3.0 -1.0 -3.0 -2.0 -4.0 -3.0 -1.0 -4.0 -4.0 -1.0 -2.0 -2.0 -3.0 -3.0 -2.0 -3.0 -1.0 -3.0 -1.0 0.0 -3.0 -4.0 0.0 -2.0 -4.0 -1.0 -2.0 0.0 -4.0 0.0 -4.0 -4.0 -2.0 0.0 -1.0 -3.0 -4.0 0.0 -1.0 -4.0 -1.0 -138.0 -3.0 -4.0 -4.0 -1.0 -2.0 -3.0 0.0 -3.0 0.0 -3.0 -2.0 -1.0 -1.0 -4.0 -1.0 -2.0 -1.0 
-4.0 -2.0 0.0 -1.0 0.0 0.0 -4.0 -4.0 -3.0 -2.0 -1.0 0.0 -4.0 -4.0 -2.0 -2.0 -1.0 -1.0 0.0 -3.0 -2.0 0.0 -1.0 -4.0 -1.0 -1.0 -1.0 0.0 -4.0 -2.0 0.0 0.0 -4.0 -2.0 0.0 -1.0 0.0 -2.0 -1.0 -1.0 0.0 0.0 -2.0 0.0 -3.0 -3.0 -3.0 -3.0 -109.0 0.0 -1.0 -1.0 -3.0 -4.0 -3.0 -1.0 0.0 -1.0 -2.0 0.0 -2.0 -4.0 -4.0 -4.0 0.0 
-1.0 -2.0 -3.0 -3.0 -3.0 -4.0 -4.0 -1.0 -2.0 -2.0 0.0 -3.0 -1.0 -2.0 -2.0 -4.0 -3.0 -2.0 -4.0 -2.0 0.0 -2.0 -4.0 -3.0 -1.0 -3.0 -4.0 -3.0 -4.0 0.0 -3.0 -3.0 0.0 -4.0 -3.0 -1.0 -2.0 -4.0 -3.0 -3.0 0.0 -4.0 -1.0 -1.0 -3.0 -4.0 -1.0 -2.0 -3.0 -152.0 -1.0 -3.0 -2.0 -3.0 -1.0 -3.0 -2.0 -3.0 -3.0 -2.0 -3.0 -1.0 -2.0 -3.0 -3.0 
-1.0 0.0 -2.0 -2.0 -2.0 -1.0 -2.0 -1.0 0.0 -1.0 -4.0 0.0 0.0 -2.0 -2.0 -3.0 -4.0 -4.0 -4.0 -4.0 -1.0 0.0 -3.0 0.0 -4.0 -4.0 -1.0 -2.0 -4.0 -1.0 -2.0 -2.0 -4.0 0.0 -2.0 -3.0 -4.0 -4.0 -2.0 -2.0 -2.0 0.0 -3.0 -4.0 -3.0 -4.0 0.0 0.0 -1.0 -4.0 -134.0 -2.0 -1.0 -2.0 -2.0 -2.0 0.0 -2.0 -2.0 0.0 -4.0 -4.0 -3.0 -1.0 -4.0 
-2.0 0.0 -2.0 -2.0 -2.0 -3.0 -4.0 -3.0 -4.0 -1.0 0.0 -1.0 -2.0 -3.0 -3.0 -4.0 0.0 -1.0 -2.0 -1.0 -3.0 -3.0 -3.0 -3.0 0.0 -1.0 -1.0 -2.0 0.0 0.0 -2.0 -2.0 0.0 -1.0 -4.0 -4.0 0.0 0.0 -1.0 -1.0 -3.0 0.0 0.0 -4.0 0.0 -1.0 0.0 -2.0 -4.0 -4.0 0.0 -111.0 0.0 -4.0 -4.0 0.0 0.0 -4.0 -1.0 -2.0 -1.0 -1.0 0.0 -4.0 -1.0 
0.0 0.0 -4.0 -2.0 0.0 0.0 -2.0 -2.0 -3.0 -1.0 -1.0 -3.0 0.0 -1.0 -2.0 0.0 0.0 -4.0 -3.0 -3.0 -3.0 -4.0 -2.0 -1.0 0.0 -2.0 -4.0 -4.0 -4.0 0.0 -2.0 -1.0 0.0 -2.0 -3.0 -3.0 -2.0 -3.0 -4.0 -1.0 -4.0 0.0 -2.0 -3.0 -1.0 -4.0 -1.0 -2.0 0.0 -1.0 -3.0 0.0 -120.0 -2.0 -1.0 0.0 -3.0 -4.0 -1.0 -3.0 -3.0 -1.0 -2.0 -3.0 0.0 
-4.0 -1.0 -3.0 -1.0 0.0 -3.0 -3.0 -1.0 -3.0 0.0 -4.0 -2.0 -3.0 -4.0 -4.0 -4.0 -4.0 -2.0 -1.0 0.0 -3.0 -1.0 -1.0 -2.0 -1.0 -1.0 -2.0 0.0 -1.0 0.0 0.0 -1.0 -4.0 -4.0 -3.0 -2.0 -4.0 -2.0 -3.0 0.0 -1.0 -1.0 -4.0 -2.0 -3.0 -1.0 -3.0 -1.0 -2.0 -1.0 -2.0 -2.0 0.0 -132.0 -4.0 -2.0 -1.0 -4.0 0.0 -3.0 0.0 -4.0 -3.0 -2.0 -4.0 
-3.0 -1.0 -1.0 0.0 -2.0 -4.0 -1.0 0.0 -3.0 -1.0 -3.0 -4.0 -3.0 -4.0 -3.0 -4.0 -1.0 -1.0 -2.0 0.0 -1.0 -2.0 0.0 0.0 0.0 -3.0 0.0 -1.0 0.0 -4.0 -2.0 -4.0 -3.0 -3.0 -1.0 0.0 -2.0 -4.0 -3.0 -4.0 0.0 -3.0 -1.0 -1.0 0.0 -2.0 -4.0 0.0 -3.0 -3.0 -2.0 0.0 0.0 -4.0 -131.0 -4.0 0.0 -2.0 -4.0 -4.0 -2.0 -3.0 -4.0 -3.0 -4.0 
-4.0 0.0 -3.0 -4.0 -1.0 -3.0 -3.0 0.0 -3.0 -2.0 -2.0 -2.0 -1.0 -1.0 -3.0 -3.0 -1.0 -4.0 -3.0 -2.0 -1.0 -2.0 -1.0 -2.0 -1.0 -2.0 -1.0 -3.0 -1.0 -1.0 -2.0 -3.0 0.0 -2.0 -1.0 0.0 0.0 -4.0 0.0 -3.0 0.0 -1.0 -4.0 -1.0 -2.0 -4.0 -4.0 -1.0 -1.0 -1.0 -4.0 -3.0 -1.0 -2.0 -4.0 -134.0 -3.0 -2.0 -3.0 -4.0 0.0 -3.0 -4.0 -4.0 -3.0 
-4.0 -1.0 -2.0 -1.0 -2.0 -4.0 0.0 -1.0 -3.0 0.0 -4.0 0.0 -1.0 -2.0 -3.0 0.0 -1.0 -3.0 -4.0 0.0 -4.0 -2.0 -2.0 -1.0 -3.0 -3.0 -2.0 -1.0 -2.0 -2.0 -1.0 -3.0 -2.0 -3.0 -3.0 -1.0 -2.0 -3.0 -1.0 0.0 -3.0 -4.0 -1.0 -1.0 -3.0 0.0 -2.0 -4.0 -3.0 -4.0 -4.0 -4.0 -2.0 0.0 -4.0 -3.0 -137.0 -1.0 -2.0 -2.0 -3.0 -4.0 -2.0 -4.0 0.0 
0.0 -2.0 -2.0 0.0 -2.0 0.0 -2.0 -2.0 -1.0 -4.0 -4.0 0.0 -1.0 -3.0 -4.0 0.0 -3.0 0.0 -3.0 -1.0 -4.0 0.0 -1.0 -3.0 -2.0 0.0 0.0 -1.0 -2.0 -2.0 -1.0 -1.0 -4.0 -2.0 0.0 -1.0 0.0 -1.0 -4.0 -2.0 -1.0 -4.0 0.0 -3.0 0.0 0.0 0.0 -3.0 -4.0 -3.0 -3.0 -4.0 -4.0 0.0 -4.0 -4.0 -4.0 -121.0 -3.0 -2.0 -2.0 -3.0 -3.0 0.0 -2.0 
-3.0 -2.0 -2.0 -1.0 0.0 -2.0 -1.0 -3.0 -1.0 0.0 0.0 -3.0 -1.0 -1.0 -4.0 -2.0 -2.0 -3.0 -4.0 -4.0 -3.0 -1.0 -1.0 -3.0 -1.0 -2.0 0.0 0.0 0.0 -2.0 0.0 -4.0 -3.0 -2.0 -2.0 -3.0 0.0 -3.0 -1.0 -3.0 0.0 -2.0 0.0 -1.0 0.0 -3.0 0.0 -2.0 -3.0 -1.0 -3.0 -1.0 0.0 -2.0 -1.0 0.0 -2.0 -4.0 -118.0 -1.0 -4.0 -4.0 -4.0 -3.0 -4.0 
-1.0 0.0 -2.0 -2.0 -1.0 0.0 -4.0 -1.0 -2.0 0.0 0.0 -1.0 -3.0 0.0 -2.0 0.0 -2.0 -3.0 -3.0 -1.0 -1.0 -4.0 -1.0 -2.0 0.0 0.0 -1.0 -1.0 -4.0 -2.0 -3.0 -2.0 -4.0 -1.0 -3.0 -4.0 -1.0 -4.0 -3.0 0.0 -4.0 -3.0 -4.0 -2.0 -2.0 -3.0 -2.0 -2.0 0.0 0.0 -2.0 -4.0 -2.0 -3.0 -1.0 -4.0 0.0 -4.0 -3.0 -125.0 -3.0 -4.0 -2.0 -2.0 0.0 
-3.0 0.0 -4.0 -2.0 -4.0 -3.0 -3.0 -4.0 -1.0 -3.0 -3.0 -1.0 0.0 -2.0 -1.0 0.0 0.0 0.0 0.0 -4.0 -3.0 -3.0 -2.0 -4.0 -2.0 -3.0 0.0 -1.0 0.0 -4.0 -3.0 -2.0 -2.0 -2.0 -1.0 -3.0 -2.0 -1.0 0.0 0.0 -2.0 -3.0 -2.0 -2.0 -3.0 -2.0 -4.0 0.0 -4.0 -4.0 -3.0 -2.0 -4.0 -2.0 -1.0 -4.0 -4.0 -4.0 -4.0 -3.0 -147.0 -4.0 -4.0 -3.0 -3.0 
-3.0 -1.0 -2.0 -3.0 -4.0 -1.0 -1.0 -2.0 -3.0 -1.0 -3.0 -1.0 -1.0 0.0 -3.0 -4.0 -3.0 -4.0 -4.0 -3.0 0.0 -4.0 -4.0 -3.0 -3.0 -4.0 -1.0 0.0 0.0 0.0 -1.0 -4.0 -2.0 -2.0 -2.0 -1.0 0.0 -1.0 -3.0 -2.0 -3.0 -2.0 0.0 0.0 -4.0 -2.0 0.0 -3.0 -2.0 -2.0 -1.0 -4.0 -1.0 -2.0 -3.0 -1.0 -4.0 -2.0 -4.0 -1.0 0.0 -135.0 -3.0 -3.0 -4.0 
0.0 -1.0 -2.0 0.0 -3.0 -3.0 -4.0 0.0 -3.0 -3.0 0.0 -3.0 -4.0 -3.0 -2.0 -3.0 -1.0 -1.0 -3.0 -3.0 -4.0 -4.0 0.0 -4.0 -2.0 -3.0 -1.0 -1.0 -1.0 0.0 -2.0 -2.0 -3.0 -3.0 -1.0 -4.0 0.0 0.0 -1.0 -2.0 -2.0 -2.0 -4.0 -1.0 -1.0 -3.0 -2.0 -3.0 -3.0 -4.0 -1.0 -3.0 0.0 0.0 -1.0 -1.0 -3.0 -3.0 -3.0 -2.0 0.0 0.0 -122.0 0.0 0.0 
-2.0 -2.0 -4.0 -4.0 0.0 -4.0 0.0 -4.0 -4.0 -2.0 -4.0 -4.0 0.0 0.0 -2.0 0.0 -1.0 -1.0 -3.0 -4.0 -3.0 -1.0 0.0 -3.0 0.0 -4.0 -2.0 0.0 -4.0 -3.0 -2.0 -2.0 -1.0 0.0 -4.0 -3.0 0.0 -4.0 -4.0 -1.0 -4.0 -4.0 -2.0 -4.0 -3.0 0.0 -2.0 -3.0 0.0 -2.0 -1.0 -3.0 0.0 -2.0 0.0 -2.0 -2.0 -2.0 -4.0 0.0 -3.0 -2.0 -3.0 -138.0 -4.0 
-2.0 -2.0 -4.0 -3.0 -2.0 -1.0 -1.0 0.0 -4.0 -3.0 -3.0 -3.0 -2.0 -3.0 -4.0 -4.0 -2.0 -4.0 -2.0 -4.0 -4.0 0.0 -1.0 -1.0 -4.0 0.0 -1.0 -1.0 0.0 -3.0 -3.0 -4.0 -3.0 -3.0 -1.0 -2.0 0.0 -3.0 -3.0 0.0 -4.0 -3.0 -4.0 -4.0 0.0 -1.0 -1.0 -4.0 -4.0 -1.0 -4.0 -4.0 -1.0 -2.0 -1.0 -2.0 -1.0 -2.0 0.0 0.0 -3.0 -1.0 -4.0 -1.0 -142.0 

-5007.0 -4744.0 -4828.0 -5477.0 -5176.0 -6096.0 -5987.0 -4941.0 -4416.0 -5108.0 -5080.0 -6038.0 -5496.0 -5310.0 -6123.0 -5607.0 -5605.0 -5951.0 -6503.0 -6582.0 -8336.0 -6100.0 -7361.0 -8729.0 -8185.0 -7028.0 -7020.0 -7625.0 -6748.0 -8288.0 -8805.0 -7081.0 -7725.0 -9212.0 -7704.0 -7525.0 -8388.0 -7740.0 -11094.0 -9076.0 -10172.0 -8130.0 -9924.0 -9797.0 -10501.0 -9778.0 -9957.0 -10950.0 -8939.0 -12566.0 -11441.0 -9209.0 -10420.0 -11432.0 -11805.0 -12093.0 -12546.0 -11352.0 -11022.0 -12028.0 -14193.0 -12740.0 -11387.0 -13264.0 -13613.0 