169.999886 -1.0 -3.0 -1.0 0.0 0.0 0.0 0.0 -2.0 0.0 0.0 -1.0 0.0 0.0 -2.0 -2.0 -2.0 -2.0 -2.0 -1.0 -1.0 0.0 -3.0 0.0 0.0 -2.0 -2.0 -3.0 0.0 -1.0 0.0 -1.0 -3.0 -2.0 -2.0 -1.0 -1.0 0.0 -3.0 -2.0 0.0 -1.0 -3.0 -3.0 -2.0 0.0 0.0 0.0 0.0 -2.0 -3.0 -3.0 -1.0 -1.0 -3.0 -3.0 -2.0 -3.0 -2.0 -2.0 -3.0 0.0 0.0 -2.0 -3.0 -2.0 -3.0 -1.0 -3.0 -2.0 -1.0 -2.0 0.0 0.0 -1.0 0.0 -1.0 -1.0 0.0 -3.0 -1.0 -2.0 -3.0 0.0 -2.0 -3.0 -3.0 -3.0 -2.0 -1.0 -2.0 0.0 -3.0 0.0 -2.0 -2.0 -1.0 0.0 -2.0 0.0 -1.0 0.0 -3.0 -3.0 -3.0 -3.0 -2.0 -1.0 -2.0 -3.0 0.0 -2.0 -2.0 -2.0 -3.0 
-2.0 180.0 0.0 0.0 -1.0 -3.0 -3.0 0.0 0.0 0.0 -1.0 -2.0 -1.0 -2.0 -3.0 -2.0 -1.0 -1.0 -1.0 -2.0 -2.0 -2.0 -1.0 0.0 -1.0 0.0 -1.0 -3.0 -3.0 -3.0 -1.0 -3.0 -1.0 -3.0 0.0 0.0 0.0 -1.0 -3.0 -1.0 -3.0 -3.0 -1.0 -2.0 -1.0 -2.0 -3.0 -3.0 0.0 0.0 -3.0 0.0 -2.0 -3.0 -1.0 -1.0 -1.0 -1.0 -3.0 -1.0 0.0 0.0 -3.0 -3.0 -2.0 0.0 -3.0 -3.0 0.0 0.0 -2.0 -1.0 -2.0 -3.0 -3.0 -3.0 0.0 -2.0 0.0 -1.0 -1.0 -2.0 0.0 -3.0 -1.0 -2.0 0.0 -2.0 -1.0 -2.0 0.0 -2.0 -3.0 -3.0 -1.0 -3.0 -3.0 0.0 -3.0 -3.0 -1.0 -3.0 -2.0 0.0 -3.0 -3.0 -2.0 -3.0 -2.0 -1.0 -2.0 0.0 -2.0 0.0 -2.0 
-1.0 -1.0 183.0 -2.0 0.0 -1.0 -1.0 -2.0 -1.0 -2.0 -3.0 -1.0 -3.0 -3.0 -3.0 0.0 0.0 -2.0 -3.0 -2.0 -1.0 0.0 -3.0 -2.0 -2.0 -1.0 -3.0 0.0 -1.0 -1.0 -3.0 -1.0 -3.0 -3.0 -2.0 -3.0 -3.0 -2.0 -3.0 0.0 0.0 -3.0 -1.0 -2.0 -2.0 -3.0 -2.0 0.0 -1.0 0.0 0.0 -1.0 0.0 -3.0 -1.0 -3.0 0.0 -2.0 -2.0 -1.0 -1.0 0.0 -3.0 -3.0 -2.0 0.0 -3.0 -3.0 -2.0 -2.0 -1.0 -2.0 -2.0 -3.0 -1.0 -1.0 0.0 -1.0 0.0 -1.0 0.0 0.0 -3.0 0.0 0.0 -1.0 -3.0 -3.0 -1.0 -3.0 -2.0 -1.0 -3.0 -1.0 0.0 -2.0 -1.0 -1.0 -1.0 -2.0 -3.0 -1.0 -2.0 -2.0 -2.0 -2.0 -2.0 -2.0 -3.0 0.0 -3.0 -1.0 -2.0 -3.0 -1.0 
0.0 0.0 -1.0 157.0 -1.0 -2.0 -1.0 -2.0 -3.0 0.0 0.0 -2.0 -1.0 -1.0 -3.0 -2.0 -2.0 0.0 -1.0 -3.0 -2.0 -1.0 0.0 -3.0 0.0 -2.0 -3.0 -2.0 -1.0 0.0 -2.0 0.0 0.0 -3.0 -1.0 -3.0 -3.0 -1.0 0.0 0.0 -1.0 -1.0 -1.0 -2.0 -1.0 0.0 -1.0 -1.0 -1.0 -3.0 -2.0 0.0 -3.0 0.0 0.0 -1.0 0.0 -1.0 -3.0 0.0 0.0 -3.0 -2.0 -2.0 0.0 -3.0 -1.0 -1.0 -1.0 -1.0 -2.0 -1.0 0.0 0.0 -2.0 -2.0 -2.0 -1.0 0.0 -3.0 -2.0 -2.0 -2.0 -3.0 0.0 -1.0 -3.0 0.0 0.0 -3.0 -2.0 -1.0 0.0 -1.0 -1.0 -3.0 -1.0 -1.0 -1.0 -3.0 0.0 -2.0 0.0 -2.0 -3.0 -3.0 -2.0 -1.0 -3.0 -3.0 0.0 -3.0 -1.0 -1.0 -2.0 
0.0 -2.0 -2.0 -1.0 169.0 -1.0 -1.0 0.0 0.0 -1.0 -3.0 -1.0 -2.0 -1.0 -3.0 -2.0 0.0 -2.0 0.0 0.0 -1.0 0.0 -1.0 0.0 -3.0 -1.0 -2.0 -3.0 -1.0 -3.0 -1.0 0.0 0.0 -3.0 0.0 -1.0 -1.0 -2.0 -3.0 -1.0 -1.0 -2.0 -1.0 0.0 -2.0 -1.0 -1.0 0.0 -2.0 -3.0 -2.0 -3.0 -1.0 -3.0 0.0 -3.0 -1.0 -1.0 -2.0 0.0 -2.0 -3.0 0.0 -2.0 0.0 0.0 -2.0 -1.0 -1.0 -3.0 -2.0 -1.0 -1.0 0.0 0.0 -2.0 -2.0 0.0 -3.0 0.0 0.0 -2.0 -3.0 -3.0 0.0 -2.0 0.0 -1.0 -2.0 -2.0 -3.0 -3.0 -2.0 -1.0 0.0 -3.0 -3.0 -3.0 -1.0 -1.0 0.0 -2.0 -3.0 -3.0 -3.0 0.0 -2.0 -2.0 -3.0 -3.0 -1.0 -3.0 -1.0 -2.0 -3.0 
-2.0 0.0 0.0 -1.0 -3.0 158.0 -1.0 -2.0 -2.0 -2.0 0.0 -3.0 -2.0 -2.0 -1.0 0.0 -3.0 -3.0 -2.0 -2.0 -2.0 -2.0 -2.0 -1.0 0.0 -3.0 -1.0 -3.0 0.0 0.0 -2.0 -2.0 -1.0 -2.0 0.0 -2.0 -3.0 -2.0 -1.0 -3.0 -1.0 0.0 -3.0 -1.0 0.0 -1.0 -2.0 -1.0 -1.0 0.0 0.0 -1.0 -1.0 0.0 -1.0 0.0 -1.0 0.0 -2.0 -1.0 -1.0 0.0 -3.0 0.0 -3.0 0.0 -1.0 0.0 -1.0 -2.0 -3.0 -2.0 -1.0 -3.0 -3.0 -3.0 -3.0 -3.0 -2.0 0.0 0.0 0.0 -1.0 -3.0 -3.0 -2.0 -2.0 -1.0 -2.0 0.0 -1.0 0.0 -3.0 0.0 -1.0 -2.0 -3.0 0.0 0.0 -2.0 -2.0 -3.0 0.0 -1.0 -1.0 -3.0 -1.0 -1.0 0.0 -2.0 -1.0 -1.0 -1.0 -1.0 0.0 
-3.0 -3.0 -1.0 -2.0 -1.0 -3.0 166.0 0.0 -1.0 -1.0 -1.0 -2.0 -1.0 -3.0 -3.0 -3.0 0.0 -2.0 -1.0 0.0 -2.0 -2.0 -1.0 -1.0 -3.0 -1.0 -2.0 0.0 -2.0 -2.0 -1.0 -2.0 -2.0 -2.0 -1.0 -1.0 0.0 -2.0 -1.0 -3.0 0.0 -2.0 0.0 0.0 -1.0 -1.0 -2.0 -1.0 -3.0 -3.0 0.0 -1.0 -3.0 -2.0 0.0 0.0 -1.0 0.0 0.0 -2.0 -3.0 -2.0 -2.0 -2.0 0.0 -2.0 -1.0 0.0 -1.0 -1.0 0.0 -3.0 -1.0 -1.0 0.0 -1.0 -1.0 0.0 -1.0 -1.0 0.0 0.0 0.0 -2.0 -3.0 -2.0 -1.0 -2.0 -2.0 -1.0 -3.0 -2.0 -2.0 -3.0 -2.0 -3.0 -2.0 -3.0 -3.0 0.0 -3.0 0.0 -3.0 -2.0 -3.0 -1.0 0.0 -1.0 0.0 -3.0 -1.0 -2.0 0.0 -2.0 -2.0 
-2.0 0.0 0.0 0.0 -3.0 0.0 -2.0 156.0 -3.0 -3.0 0.0 0.0 -3.0 -1.0 -2.0 0.0 0.0 -3.0 -3.0 0.0 0.0 -2.0 -3.0 0.0 -2.0 0.0 -2.0 -1.0 0.0 -3.0 -2.0 0.0 0.0 -3.0 -3.0 -2.0 0.0 -3.0 -2.0 -1.0 -1.0 -3.0 -3.0 -2.0 -3.0 -1.0 -2.0 -1.0 0.0 -3.0 0.0 0.0 -2.0 -1.0 -1.0 0.0 -1.0 0.0 -1.0 -2.0 -1.0 0.0 -3.0 -2.0 0.0 -3.0 0.0 -1.0 -3.0 -3.0 0.0 -3.0 0.0 -1.0 -3.0 -3.0 -2.0 -1.0 -2.0 -1.0 -1.0 0.0 -3.0 -3.0 -1.0 0.0 0.0 -1.0 0.0 -3.0 0.0 -2.0 -1.0 -2.0 0.0 0.0 0.0 -1.0 -3.0 -2.0 -1.0 -2.0 -3.0 0.0 0.0 0.0 -2.0 -2.0 0.0 0.0 -2.0 -1.0 -1.0 -3.0 -3.0 
-1.0 0.0 -3.0 0.0 -2.0 -2.0 -2.0 0.0 147.0 -2.0 0.0 -1.0 0.0 -1.0 -1.0 -2.0 0.0 0.0 0.0 -2.0 0.0 -3.0 -3.0 -2.0 -2.0 0.0 -1.0 -1.0 -3.0 -2.0 -2.0 0.0 0.0 0.0 0.0 -1.0 0.0 0.0 -3.0 0.0 -1.0 -3.0 0.0 0.0 -1.0 -3.0 -2.0 -2.0 0.0 0.0 -2.0 -3.0 -1.0 -3.0 0.0 0.0 0.0 0.0 -1.0 -1.0 -1.0 0.0 -2.0 0.0 -3.0 -1.0 0.0 -3.0 -1.0 -2.0 -2.0 0.0 -1.0 -2.0 -2.0 -2.0 -3.0 0.0 -1.0 -1.0 -2.0 -3.0 -2.0 -3.0 -1.0 -1.0 0.0 -3.0 0.0 -3.0 0.0 -3.0 -2.0 -1.0 -2.0 0.0 0.0 0.0 -2.0 -1.0 -3.0 0.0 -3.0 -1.0 -2.0 -3.0 -3.0 -3.0 -2.0 0.0 -2.0 -2.0 -1.0 0.0 -1.0 
-3.0 -1.0 -3.0 0.0 -3.0 -2.0 -1.0 -3.0 -2.0 192.0 -3.0 -2.0 0.0 -3.0 0.0 -3.0 -2.0 -1.0 -3.0 0.0 -3.0 0.0 -2.0 -1.0 -3.0 -1.0 -2.0 -1.0 -1.0 -1.0 -1.0 -2.0 -2.0 0.0 -2.0 -3.0 -1.0 -2.0 -1.0 -1.0 -1.0 0.0 -3.0 0.0 -3.0 -3.0 -3.0 -3.0 -3.0 -2.0 -1.0 0.0 -2.0 -1.0 -1.0 0.0 -2.0 -3.0 -2.0 -3.0 -3.0 0.0 -2.0 -3.0 -3.0 -2.0 -1.0 -2.0 -3.0 0.0 0.0 -2.0 0.0 -1.0 -2.0 -1.0 -3.0 -1.0 -3.0 0.0 -3.0 -3.0 0.0 -3.0 -1.0 -1.0 -1.0 -1.0 -2.0 0.0 -1.0 -1.0 0.0 -3.0 -3.0 -3.0 -2.0 -2.0 0.0 -1.0 -3.0 0.0 -3.0 -3.0 -1.0 -1.0 -3.0 -1.0 -3.0 -3.0 -3.0 -1.0 -1.0 -2.0 0.0 
-1.0 -2.0 -3.0 -3.0 -2.0 0.0 -1.0 0.0 0.0 -3.0 175.0 -2.0 -3.0 -3.0 0.0 -1.0 0.0 0.0 -1.0 -2.0 -1.0 -2.0 -2.0 0.0 -3.0 -1.0 -1.0 -3.0 -3.0 -2.0 -1.0 -1.0 -2.0 -2.0 0.0 -2.0 0.0 -1.0 -1.0 -1.0 -1.0 0.0 -3.0 -2.0 0.0 -2.0 -3.0 -1.0 0.0 -2.0 0.0 -3.0 -1.0 -1.0 0.0 0.0 0.0 0.0 -3.0 -3.0 0.0 -3.0 -3.0 -3.0 -3.0 0.0 0.0 -3.0 -3.0 -2.0 -2.0 0.0 -2.0 0.0 -3.0 -3.0 -1.0 -2.0 -2.0 -1.0 -3.0 -3.0 -1.0 -3.0 -1.0 -1.0 -2.0 0.0 -1.0 -1.0 -2.0 0.0 -1.0 -1.0 -3.0 0.0 -1.0 -3.0 0.0 -2.0 -1.0 -2.0 -3.0 -1.0 -2.0 -1.0 -2.0 -3.0 -2.0 -2.0 0.0 -2.0 -2.0 -3.0 -3.0 
-2.0 -3.0 -1.0 -1.0 -3.0 -1.0 -3.0 0.0 -2.0 -1.0 -1.0 192.0 0.0 -3.0 -2.0 0.0 0.0 0.0 -1.0 -3.0 0.0 -2.0 -3.0 -3.0 -2.0 -2.0 0.0 -3.0 -2.0 -3.0 0.0 -3.0 -3.0 -3.0 -1.0 0.0 -2.0 -3.0 -1.0 -3.0 -3.0 -1.0 -2.0 -2.0 0.0 -1.0 -1.0 -3.0 -1.0 -3.0 0.0 0.0 -2.0 -2.0 0.0 -3.0 0.0 -3.0 -1.0 0.0 -3.0 -1.0 -3.0 -3.0 -2.0 -3.0 -2.0 -1.0 0.0 -1.0 -2.0 0.0 -2.0 -1.0 -1.0 -2.0 -1.0 -3.0 -1.0 -2.0 -2.0 0.0 -2.0 -3.0 -2.0 -3.0 -3.0 0.0 -3.0 -2.0 -1.0 -2.0 -2.0 -2.0 -3.0 -3.0 -3.0 -3.0 -2.0 0.0 0.0 -3.0 0.0 -3.0 -1.0 -1.0 0.0 -1.0 -3.0 -2.0 -2.0 -2.0 -1.0 -3.0 -1.0 
-2.0 0.0 -2.0 0.0 0.0 -2.0 -2.0 -1.0 -1.0 -3.0 -1.0 -2.0 168.0 -1.0 -1.0 -2.0 -2.0 -1.0 0.0 0.0 0.0 -2.0 -1.0 -2.0 0.0 -1.0 -1.0 -2.0 -2.0 -1.0 -3.0 -3.0 -1.0 -1.0 -1.0 0.0 -3.0 -1.0 0.0 -1.0 -2.0 -2.0 -2.0 0.0 -3.0 -3.0 -3.0 -3.0 -3.0 0.0 0.0 -3.0 -2.0 -2.0 -1.0 -1.0 -2.0 -2.0 -3.0 -1.0 -1.0 -1.0 -2.0 -3.0 -2.0 -2.0 -2.0 -2.0 -2.0 -2.0 0.0 0.0 -3.0 0.0 0.0 -3.0 -3.0 -2.0 0.0 -2.0 -3.0 -3.0 0.0 -2.0 -1.0 -2.0 -3.0 -2.0 0.0 -2.0 -3.0 0.0 -2.0 -3.0 -2.0 -2.0 0.0 -1.0 -2.0 -1.0 -1.0 -2.0 0.0 -1.0 -2.0 0.0 0.0 -3.0 0.0 -1.0 -1.0 0.0 -2.0 -1.0 -1.0 
-1.0 -3.0 -3.0 -3.0 -3.0 -2.0 -2.0 -3.0 -2.0 -2.0 -2.0 -2.0 0.0 173.0 -2.0 -1.0 -1.0 0.0 -3.0 -3.0 -3.0 -3.0 -3.0 -3.0 0.0 0.0 -2.0 -2.0 -3.0 0.0 -1.0 -1.0 -3.0 -1.0 -1.0 -3.0 0.0 -1.0 -1.0 -1.0 -2.0 -1.0 -2.0 -2.0 0.0 -1.0 -1.0 -3.0 -3.0 -3.0 -2.0 -3.0 -1.0 -3.0 -3.0 -1.0 0.0 -2.0 -2.0 0.0 -2.0 0.0 -3.0 -2.0 -1.0 0.0 -2.0 0.0 -3.0 -1.0 -3.0 -1.0 0.0 0.0 0.0 0.0 -1.0 -3.0 -1.0 -3.0 -1.0 0.0 -1.0 -3.0 -2.0 0.0 -1.0 0.0 0.0 -2.0 0.0 0.0 -3.0 -1.0 -1.0 -1.0 0.0 0.0 -1.0 -1.0 -3.0 0.0 0.0 -1.0 -3.0 -1.0 -1.0 0.0 -3.0 0.0 -3.0 -2.0 -2.0 -2.0 -3.0 
-2.0 -2.0 -1.0 -1.0 -1.0 -3.0 -2.0 -1.0 -1.0 -1.0 -3.0 -3.0 -1.0 0.0 183.0 -3.0 -2.0 -2.0 -1.0 0.0 -2.0 -1.0 -3.0 -1.0 0.0 -3.0 -2.0 -3.0 -3.0 -2.0 -2.0 0.0 -1.0 -3.0 -1.0 -3.0 -3.0 -1.0 -1.0 -1.0 0.0 -3.0 -2.0 0.0 0.0 -2.0 0.0 -1.0 0.0 -3.0 -3.0 -2.0 -2.0 -3.0 -1.0 0.0 -1.0 -2.0 -2.0 -2.0 -2.0 -3.0 -3.0 -1.0 -2.0 -3.0 -3.0 0.0 -2.0 -2.0 -3.0 0.0 -1.0 -3.0 -1.0 -1.0 -2.0 0.0 -1.0 -2.0 0.0 -2.0 -1.0 -2.0 0.0 -3.0 -1.0 -2.0 -2.0 -3.0 -3.0 -3.0 0.0 -1.0 -1.0 0.0 -3.0 -1.0 0.0 0.0 -1.0 -3.0 -3.0 -2.0 -3.0 0.0 -3.0 0.0 -1.0 -3.0 -2.0 0.0 -3.0 0.0 -1.0 
-2.0 -2.0 -3.0 -1.0 0.0 -2.0 0.0 0.0 -3.0 -2.0 -2.0 -1.0 -2.0 0.0 -3.0 173.0 -3.0 -1.0 0.0 -1.0 -1.0 -1.0 -3.0 -3.0 -3.0 -3.0 -2.0 0.0 0.0 -3.0 0.0 -3.0 -1.0 -3.0 -3.0 -3.0 -2.0 -1.0 -3.0 -1.0 -2.0 -2.0 0.0 -2.0 -1.0 0.0 -3.0 0.0 -3.0 0.0 -3.0 -3.0 0.0 0.0 0.0 -2.0 0.0 0.0 -2.0 0.0 -2.0 0.0 -1.0 -3.0 0.0 0.0 -1.0 -2.0 -1.0 0.0 -1.0 -2.0 -2.0 -2.0 0.0 -2.0 -2.0 -1.0 0.0 -2.0 -3.0 -3.0 -2.0 -2.0 0.0 -3.0 -1.0 -2.0 -2.0 0.0 -3.0 -1.0 0.0 -1.0 -1.0 -1.0 -3.0 -3.0 -2.0 -2.0 0.0 -3.0 -2.0 -2.0 0.0 -2.0 -1.0 -1.0 -2.0 -3.0 -1.0 -2.0 -3.0 0.0 -2.0 
-3.0 -3.0 -1.0 -3.0 -3.0 0.0 -3.0 -2.0 -3.0 -3.0 -2.0 -1.0 -1.0 -1.0 -2.0 -2.0 175.0 -1.0 -2.0 0.0 0.0 0.0 -1.0 -2.0 -1.0 -2.0 -1.0 -1.0 -2.0 -2.0 -1.0 -2.0 -2.0 -3.0 -2.0 0.0 0.0 -1.0 -2.0 0.0 -3.0 -3.0 -2.0 -2.0 -1.0 0.0 -3.0 -3.0 0.0 0.0 0.0 -3.0 -3.0 -2.0 -3.0 -2.0 -1.0 -3.0 -1.0 -3.0 -2.0 -2.0 -2.0 0.0 -2.0 -3.0 -3.0 -3.0 -3.0 -1.0 -3.0 -1.0 0.0 0.0 -1.0 0.0 0.0 0.0 -2.0 0.0 -3.0 -2.0 -1.0 -3.0 0.0 -2.0 -1.0 -2.0 -2.0 0.0 -1.0 -3.0 -2.0 -1.0 -3.0 -3.0 -2.0 -2.0 -2.0 -1.0 -1.0 -2.0 0.0 -1.0 -1.0 -1.0 0.0 -1.0 -3.0 0.0 0.0 0.0 0.0 0.0 -2.0 
0.0 -2.0 -3.0 -2.0 0.0 -3.0 -2.0 -3.0 -3.0 -3.0 -1.0 -1.0 0.0 -1.0 -1.0 -3.0 -3.0 185.0 -1.0 -1.0 -1.0 -2.0 -3.0 -3.0 -1.0 0.0 0.0 -1.0 -2.0 -1.0 -3.0 -1.0 -1.0 -1.0 -2.0 -1.0 -2.0 -2.0 -1.0 -3.0 0.0 -1.0 -3.0 -2.0 -3.0 -1.0 -3.0 -2.0 -3.0 0.0 -3.0 -3.0 0.0 -2.0 -3.0 -2.0 0.0 -1.0 -1.0 -3.0 -2.0 -3.0 0.0 -2.0 0.0 0.0 -3.0 0.0 -3.0 -3.0 -2.0 0.0 0.0 -1.0 -3.0 -3.0 -3.0 -2.0 -1.0 -1.0 -3.0 0.0 -1.0 -3.0 -1.0 0.0 0.0 -2.0 -2.0 -1.0 0.0 -2.0 0.0 -2.0 0.0 -2.0 -3.0 -2.0 0.0 -3.0 -3.0 -3.0 -1.0 -2.0 -1.0 -1.0 0.0 -3.0 0.0 -2.0 -3.0 -3.0 0.0 -2.0 -2.0 
-1.0 -1.0 -1.0 -2.0 -3.0 -3.0 -1.0 -3.0 0.0 -1.0 -3.0 -3.0 -1.0 -3.0 -3.0 -3.0 0.0 -1.0 166.0 -2.0 -1.0 0.0 -1.0 0.0 -1.0 -2.0 0.0 -1.0 0.0 0.0 0.0 -3.0 -1.0 -3.0 -3.0 -2.0 -3.0 -2.0 -2.0 -3.0 0.0 0.0 0.0 0.0 0.0 -3.0 -1.0 -3.0 -1.0 -3.0 -3.0 0.0 0.0 -1.0 0.0 -2.0 0.0 -3.0 -3.0 0.0 -2.0 0.0 -1.0 -3.0 0.0 -3.0 -3.0 -2.0 -1.0 0.0 -1.0 0.0 -3.0 -2.0 0.0 -3.0 0.0 0.0 -3.0 -3.0 -3.0 -3.0 -2.0 -2.0 -2.0 -2.0 -1.0 -3.0 -3.0 -2.0 0.0 -1.0 -1.0 -3.0 -2.0 -1.0 -1.0 -1.0 -3.0 0.0 -2.0 0.0 -2.0 -1.0 -1.0 0.0 0.0 0.0 0.0 0.0 -1.0 -2.0 0.0 -2.0 -3.0 
-2.0 -3.0 -3.0 0.0 -3.0 0.0 -2.0 -2.0 0.0 -1.0 -1.0 -3.0 -1.0 -1.0 0.0 0.0 -1.0 -3.0 0.0 172.0 -2.0 -2.0 0.0 -2.0 0.0 -1.0 0.0 -2.0 0.0 -2.0 -2.0 -1.0 -1.0 -3.0 -1.0 -1.0 -3.0 -1.0 -1.0 0.0 -2.0 -1.0 -2.0 -1.0 -2.0 -3.0 -1.0 -3.0 -2.0 -3.0 -1.0 -2.0 0.0 0.0 -1.0 0.0 0.0 -2.0 -1.0 -1.0 -2.0 -2.0 -2.0 -1.0 -1.0 0.0 -3.0 -3.0 -1.0 -1.0 -2.0 -1.0 -3.0 -1.0 -3.0 -1.0 -1.0 -3.0 -1.0 -1.0 -1.0 -2.0 -2.0 -2.0 0.0 -1.0 -1.0 -2.0 -2.0 -2.0 -3.0 0.0 -3.0 -1.0 -1.0 -2.0 0.0 0.0 -3.0 -3.0 -1.0 -1.0 -3.0 -1.0 -3.0 -3.0 -1.0 -1.0 -3.0 -2.0 -3.0 -3.0 -2.0 -1.0 -1.0 
0.0 -1.0 -3.0 -2.0 -2.0 0.0 -3.0 -2.0 -3.0 -2.0 0.0 -2.0 -3.0 0.0 -1.0 -1.0 -2.0 -3.0 -3.0 0.0 189.0 -2.0 -1.0 -2.0 0.0 0.0 -2.0 -1.0 -2.0 -2.0 -3.0 -3.0 -1.0 -1.0 0.0 -3.0 -3.0 -1.0 -3.0 -2.0 0.0 -3.0 0.0 -1.0 0.0 -1.0 -1.0 -3.0 -2.0 -1.0 -3.0 -1.0 -2.0 0.0 -2.0 -3.0 -1.0 -2.0 0.0 0.0 -1.0 -1.0 -3.0 0.0 -1.0 -3.0 -3.0 -1.0 -1.0 0.0 -2.0 0.0 0.0 -2.0 -3.0 -3.0 -3.0 -3.0 -2.0 -3.0 -2.0 -2.0 -1.0 -2.0 -3.0 0.0 -3.0 -3.0 0.0 -3.0 -2.0 -2.0 -1.0 0.0 -3.0 -2.0 -2.0 -2.0 0.0 0.0 -3.0 -2.0 0.0 -3.0 -1.0 -3.0 -3.0 -1.0 -1.0 -2.0 -1.0 -2.0 -3.0 -2.0 -3.0 
0.0 -1.0 -3.0 -3.0 -3.0 -3.0 -3.0 -2.0 -2.0 -3.0 -1.0 0.0 -1.0 -3.0 -2.0 0.0 -3.0 -2.0 0.0 -2.0 -3.0 174.0 0.0 -1.0 -1.0 -1.0 -1.0 -3.0 0.0 -1.0 0.0 -2.0 -2.0 -1.0 -2.0 -3.0 0.0 -2.0 0.0 -1.0 -3.0 -2.0 -3.0 -3.0 -2.0 0.0 0.0 -1.0 0.0 -2.0 0.0 -3.0 -1.0 -3.0 0.0 -1.0 -1.0 -1.0 -3.0 -1.0 0.0 -2.0 -1.0 0.0 -2.0 0.0 -2.0 -1.0 -3.0 -2.0 0.0 -1.0 0.0 -1.0 0.0 -2.0 -2.0 -2.0 -2.0 -1.0 -3.0 -1.0 -3.0 -2.0 -2.0 -3.0 -3.0 -2.0 -2.0 0.0 -3.0 -2.0 -3.0 0.0 -1.0 -2.0 -1.0 -2.0 -3.0 -1.0 -1.0 -2.0 0.0 -3.0 -3.0 -1.0 0.0 -3.0 -1.0 0.0 0.0 -2.0 -3.0 -1.0 0.0 
-1.0 -3.0 -1.0 0.0 -3.0 0.0 0.0 -1.0 -2.0 -2.0 -2.0 -1.0 0.0 -2.0 -2.0 -1.0 0.0 -2.0 -2.0 0.0 0.0 -2.0 157.0 -3.0 0.0 -2.0 0.0 -3.0 -1.0 0.0 -1.0 -1.0 -3.0 -3.0 -3.0 -3.0 -3.0 -2.0 0.0 0.0 -3.0 0.0 -3.0 -1.0 -2.0 0.0 -1.0 -1.0 0.0 -3.0 -3.0 0.0 0.0 -3.0 -1.0 0.0 -3.0 -2.0 -1.0 -1.0 0.0 -1.0 -1.0 0.0 0.0 -1.0 -1.0 -2.0 0.0 -3.0 0.0 -2.0 -1.0 -3.0 -2.0 -3.0 0.0 -2.0 -3.0 -1.0 -3.0 0.0 -1.0 0.0 -2.0 -2.0 0.0 -3.0 -2.0 0.0 0.0 0.0 -3.0 0.0 -2.0 0.0 -2.0 -1.0 -1.0 -2.0 -3.0 -2.0 -3.0 -2.0 -1.0 -2.0 -2.0 0.0 -3.0 -2.0 -1.0 -3.0 0.0 0.0 0.0 
-3.0 -2.0 0.0 0.0 0.0 -2.0 -1.0 -3.0 -1.0 0.0 -2.0 -2.0 -1.0 -3.0 -1.0 0.0 -1.0 -3.0 -1.0 -2.0 -1.0 0.0 -1.0 164.0 -3.0 0.0 -2.0 0.0 -2.0 -1.0 0.0 -1.0 -1.0 -1.0 -3.0 -2.0 -1.0 0.0 -3.0 0.0 -2.0 -1.0 -3.0 -3.0 -2.0 0.0 -2.0 -3.0 0.0 -3.0 0.0 0.0 0.0 0.0 -2.0 -1.0 0.0 -3.0 -2.0 0.0 0.0 -2.0 -1.0 -2.0 0.0 0.0 -3.0 -3.0 -3.0 -2.0 -3.0 -3.0 0.0 -1.0 -2.0 0.0 -3.0 -3.0 -1.0 -3.0 0.0 0.0 0.0 -2.0 -2.0 -2.0 -1.0 -3.0 -1.0 -2.0 -1.0 -1.0 -3.0 -1.0 -1.0 -3.0 -2.0 -1.0 -1.0 -2.0 0.0 -3.0 -2.0 0.0 -1.0 0.0 -2.0 -2.0 -2.0 -3.0 0.0 -2.0 -1.0 -2.0 -3.0 
-2.0 -2.0 -1.0 -2.0 -1.0 0.0 0.0 -2.0 -2.0 0.0 0.0 -2.0 -2.0 -2.0 -2.0 0.0 0.0 -1.0 -3.0 0.0 0.0 -2.0 -3.0 -2.0 179.0 -1.0 -1.0 0.0 -3.0 0.0 -3.0 -2.0 0.0 -3.0 -2.0 -2.0 -2.0 0.0 -2.0 -2.0 0.0 -2.0 -2.0 -2.0 -3.0 0.0 0.0 -1.0 -2.0 -1.0 -2.0 -1.0 0.0 -3.0 0.0 -2.0 -1.0 -3.0 0.0 0.0 0.0 0.0 -2.0 -1.0 -3.0 -2.0 -1.0 -3.0 -2.0 -1.0 -3.0 -3.0 0.0 -1.0 -3.0 -2.0 -1.0 -3.0 -1.0 -3.0 0.0 0.0 -2.0 -3.0 -3.0 0.0 -1.0 -3.0 -3.0 -3.0 0.0 -3.0 -3.0 -2.0 -3.0 -3.0 -2.0 -3.0 -3.0 -1.0 -1.0 -3.0 -1.0 -2.0 -2.0 -2.0 0.0 -1.0 -1.0 -3.0 -1.0 -3.0 0.0 -3.0 -1.0 
0.0 0.0 -2.0 -3.0 -2.0 -1.0 -3.0 -1.0 0.0 -2.0 -3.0 -1.0 0.0 -3.0 -2.0 0.0 -3.0 0.0 -1.0 -2.0 0.0 0.0 -3.0 0.0 0.0 182.0 0.0 -3.0 -3.0 -2.0 -2.0 0.0 -2.0 -3.0 0.0 -3.0 -2.0 -1.0 -1.0 0.0 0.0 -3.0 -1.0 -2.0 -3.0 0.0 -1.0 -1.0 -3.0 -3.0 -2.0 -3.0 -3.0 0.0 -3.0 -2.0 -3.0 -1.0 -3.0 -1.0 0.0 -1.0 0.0 -2.0 -2.0 -1.0 0.0 -3.0 -2.0 0.0 -3.0 -1.0 -2.0 -3.0 -2.0 -1.0 -3.0 -2.0 -2.0 0.0 0.0 -3.0 -2.0 -3.0 -2.0 -1.0 0.0 -2.0 0.0 -3.0 -1.0 -1.0 -3.0 -2.0 -2.0 -3.0 -3.0 -3.0 -3.0 0.0 0.0 -3.0 -2.0 0.0 0.0 -3.0 -1.0 -3.0 -3.0 0.0 -3.0 0.0 -1.0 -2.0 -2.0 
0.0 -2.0 -3.0 0.0 -3.0 -2.0 0.0 -2.0 -1.0 -1.0 -2.0 -2.0 -2.0 -3.0 0.0 -2.0 -1.0 -2.0 -2.0 -2.0 -3.0 -1.0 -1.0 -1.0 -3.0 -1.0 175.0 -1.0 -3.0 0.0 -3.0 -2.0 -1.0 -1.0 -1.0 -2.0 -3.0 -2.0 -1.0 -2.0 -3.0 0.0 -2.0 -1.0 -2.0 -1.0 -3.0 -1.0 -3.0 -3.0 -1.0 -1.0 -1.0 -3.0 0.0 -2.0 0.0 -1.0 -3.0 -3.0 -3.0 0.0 -1.0 -2.0 -2.0 -1.0 0.0 -1.0 -1.0 -1.0 -1.0 0.0 0.0 -1.0 -2.0 -2.0 -3.0 -1.0 -2.0 -1.0 0.0 -2.0 -1.0 0.0 0.0 -2.0 0.0 -2.0 0.0 -3.0 0.0 -3.0 -2.0 0.0 -1.0 -1.0 -3.0 -3.0 -2.0 -3.0 -1.0 -2.0 -1.0 -3.0 -3.0 0.0 0.0 -3.0 0.0 -1.0 -1.0 -3.0 -3.0 -1.0 -2.0 
-2.0 -2.0 0.0 -1.0 -2.0 -1.0 -1.0 0.0 -3.0 -1.0 -2.0 -2.0 0.0 -1.0 -3.0 -1.0 0.0 0.0 0.0 -1.0 -1.0 -2.0 -3.0 0.0 -2.0 -2.0 0.0 149.0 0.0 -2.0 -2.0 -1.0 0.0 -3.0 -3.0 0.0 -1.0 -1.0 0.0 -1.0 -3.0 -3.0 -3.0 0.0 0.0 -1.0 0.0 -3.0 -2.0 0.0 0.0 -1.0 0.0 -1.0 -3.0 -3.0 -1.0 0.0 -1.0 -2.0 -1.0 -1.0 -3.0 -3.0 -1.0 0.0 -2.0 -1.0 -2.0 0.0 -3.0 -2.0 0.0 -1.0 -2.0 -3.0 -2.0 -1.0 -1.0 -1.0 -3.0 -2.0 0.0 -1.0 -2.0 0.0 -1.0 0.0 0.0 0.0 -1.0 0.0 -3.0 -2.0 0.0 -2.0 -3.0 -1.0 0.0 -2.0 0.0 -2.0 -3.0 -3.0 0.0 -1.0 -2.0 -1.0 0.0 0.0 -1.0 -2.0 -1.0 -3.0 -3.0 
-3.0 0.0 -3.0 -2.0 -3.0 -1.0 -2.0 -2.0 -2.0 -2.0 -1.0 -1.0 -1.0 0.0 -2.0 -1.0 -3.0 -3.0 -1.0 -2.0 -3.0 -3.0 0.0 -2.0 -1.0 0.0 -2.0 -1.0 160.0 -2.0 -1.0 -1.0 0.0 -2.0 -3.0 -2.0 0.0 -3.0 0.0 -2.0 -3.0 0.0 -1.0 -2.0 -2.0 -3.0 -2.0 -3.0 -1.0 0.0 -1.0 -1.0 -1.0 -3.0 -1.0 0.0 0.0 -1.0 0.0 -2.0 -1.0 -1.0 -3.0 -2.0 -3.0 -3.0 -1.0 -2.0 0.0 0.0 -1.0 0.0 0.0 -3.0 -2.0 -3.0 0.0 0.0 0.0 0.0 -3.0 -1.0 -1.0 -1.0 -3.0 0.0 0.0 0.0 0.0 0.0 -3.0 -1.0 -2.0 -2.0 -3.0 -1.0 0.0 0.0 -2.0 -3.0 0.0 -2.0 0.0 -3.0 -2.0 0.0 -2.0 -1.0 -2.0 0.0 0.0 -3.0 -1.0 0.0 -3.0 
-2.0 0.0 0.0 -1.0 -3.0 0.0 0.0 0.0 0.0 -2.0 -2.0 -3.0 -1.0 -3.0 -3.0 -1.0 -1.0 -2.0 -1.0 -1.0 -2.0 -1.0 -2.0 -2.0 -3.0 -2.0 -2.0 -2.0 -1.0 176.0 0.0 -2.0 -3.0 -1.0 0.0 -3.0 -2.0 -1.0 -1.0 -2.0 -3.0 -1.0 -1.0 -1.0 -1.0 0.0 0.0 -2.0 -2.0 -1.0 -2.0 -2.0 -2.0 -2.0 -1.0 -3.0 -3.0 -3.0 -3.0 -2.0 -1.0 -2.0 -3.0 -3.0 -2.0 0.0 -3.0 -1.0 -2.0 -2.0 0.0 -3.0 0.0 -2.0 0.0 -1.0 -3.0 0.0 0.0 -2.0 -1.0 -1.0 0.0 -1.0 -2.0 -3.0 -1.0 -2.0 0.0 -3.0 -3.0 -1.0 0.0 0.0 -3.0 -1.0 -2.0 -3.0 0.0 -3.0 -3.0 0.0 -3.0 -2.0 -1.0 0.0 -1.0 0.0 -2.0 -2.0 -3.0 -2.0 -1.0 -3.0 0.0 
-2.0 -1.0 -3.0 0.0 0.0 -3.0 -1.0 0.0 -3.0 0.0 -2.0 -2.0 -2.0 -1.0 -2.0 -3.0 -3.0 -2.0 -1.0 -2.0 -3.0 -3.0 -3.0 -2.0 -3.0 -2.0 -1.0 0.0 -1.0 -1.0 184.0 -3.0 -3.0 -3.0 0.0 -3.0 -1.0 -2.0 -3.0 -3.0 -3.0 -1.0 0.0 -2.0 -1.0 -3.0 -1.0 0.0 -3.0 -2.0 0.0 -3.0 0.0 -1.0 -3.0 -1.0 -2.0 -3.0 0.0 -2.0 -1.0 -1.0 -1.0 0.0 -1.0 0.0 -3.0 -3.0 -3.0 0.0 0.0 -3.0 -2.0 -3.0 -3.0 -2.0 0.0 -1.0 -2.0 -1.0 -3.0 0.0 -3.0 -3.0 -2.0 -1.0 -1.0 0.0 -1.0 0.0 -2.0 -3.0 0.0 0.0 -1.0 -1.0 -2.0 -3.0 -3.0 -2.0 0.0 -2.0 -2.0 0.0 -1.0 0.0 -1.0 -1.0 -1.0 -2.0 -1.0 -2.0 -2.0 -2.0 -2.0 
-2.0 -1.0 -1.0 -1.0 -2.0 -1.0 -1.0 -2.0 0.0 -3.0 -1.0 0.0 -3.0 -1.0 -3.0 0.0 -2.0 -2.0 -1.0 -1.0 -3.0 -3.0 -1.0 0.0 -2.0 -1.0 -3.0 0.0 -2.0 -3.0 0.0 174.0 0.0 -1.0 -1.0 -1.0 -3.0 -2.0 -3.0 -3.0 0.0 -1.0 0.0 -2.0 -2.0 -2.0 -1.0 0.0 -3.0 -2.0 -3.0 -1.0 -1.0 0.0 0.0 -3.0 -3.0 -2.0 -3.0 0.0 -3.0 0.0 0.0 -1.0 -3.0 0.0 -3.0 -2.0 -1.0 0.0 -3.0 -2.0 -1.0 -1.0 0.0 -3.0 -3.0 -3.0 -1.0 -2.0 -1.0 -1.0 0.0 -3.0 -2.0 -2.0 0.0 -2.0 -1.0 -1.0 0.0 -3.0 -2.0 -1.0 -3.0 -2.0 -1.0 0.0 -1.0 -3.0 0.0 0.0 -1.0 -1.0 -2.0 -2.0 0.0 -2.0 -3.0 -2.0 -2.0 -3.0 -2.0 -2.0 -2.0 
-1.0 -1.0 -1.0 -1.0 -3.0 -2.0 -1.0 -1.0 -3.0 -2.0 -1.0 -2.0 -2.0 0.0 0.0 0.0 -3.0 -2.0 -2.0 -3.0 -1.0 -2.0 0.0 -3.0 -3.0 -3.0 -2.0 0.0 0.0 0.0 0.0 -2.0 162.0 -3.0 -1.0 0.0 -2.0 0.0 -3.0 -2.0 -1.0 -1.0 -1.0 -3.0 -1.0 -3.0 0.0 0.0 0.0 -2.0 -3.0 -2.0 -2.0 0.0 0.0 -2.0 -3.0 -2.0 -2.0 -1.0 -1.0 -1.0 -2.0 -3.0 -3.0 0.0 -3.0 0.0 -3.0 0.0 0.0 0.0 -3.0 0.0 0.0 0.0 -2.0 -2.0 -1.0 0.0 0.0 -1.0 0.0 -3.0 -3.0 -3.0 0.0 0.0 -3.0 -2.0 -3.0 0.0 0.0 -2.0 0.0 0.0 -3.0 -1.0 -3.0 -2.0 -3.0 -3.0 -2.0 -1.0 0.0 -2.0 -3.0 0.0 0.0 -1.0 -2.0 0.0 -3.0 -2.0 0.0 
-1.0 -3.0 -1.0 -1.0 0.0 0.0 -1.0 -3.0 -2.0 -1.0 0.0 -1.0 0.0 -2.0 -2.0 -2.0 -1.0 0.0 0.0 -3.0 -3.0 0.0 0.0 -1.0 -3.0 0.0 0.0 -1.0 -3.0 -3.0 0.0 -1.0 -3.0 170.0 -2.0 -3.0 -2.0 -2.0 0.0 -3.0 -3.0 -2.0 -1.0 -3.0 -1.0 -3.0 -1.0 -2.0 -1.0 -1.0 -2.0 0.0 -2.0 -2.0 -1.0 -1.0 -2.0 -1.0 -3.0 -1.0 0.0 0.0 -3.0 0.0 0.0 0.0 -3.0 -2.0 -3.0 0.0 -1.0 0.0 0.0 -2.0 -3.0 -2.0 -2.0 -2.0 -3.0 -2.0 -3.0 -3.0 -1.0 0.0 -1.0 -3.0 -2.0 0.0 -1.0 -2.0 -2.0 -1.0 0.0 -1.0 -3.0 -1.0 -1.0 -1.0 0.0 -1.0 0.0 -3.0 -3.0 -3.0 -2.0 0.0 -3.0 -2.0 -2.0 -1.0 -1.0 -2.0 -3.0 -2.0 -1.0 
-1.0 -2.0 -1.0 -3.0 0.0 -2.0 -3.0 0.0 -1.0 -1.0 -1.0 -2.0 -3.0 -3.0 -2.0 0.0 -2.0 -1.0 0.0 -3.0 -3.0 0.0 -3.0 0.0 -2.0 -1.0 -1.0 -3.0 -3.0 0.0 -1.0 -3.0 0.0 -2.0 178.0 -1.0 -2.0 -1.0 0.0 -1.0 0.0 -2.0 0.0 -1.0 0.0 -3.0 -1.0 -3.0 -3.0 0.0 -2.0 -1.0 -3.0 -2.0 -1.0 -1.0 -1.0 -3.0 -1.0 0.0 -1.0 -3.0 -1.0 -1.0 -2.0 -3.0 -2.0 -3.0 0.0 -3.0 -1.0 -1.0 -1.0 -2.0 0.0 -1.0 -1.0 -3.0 0.0 0.0 -3.0 -2.0 -1.0 -3.0 -3.0 -2.0 0.0 -2.0 0.0 -3.0 -3.0 -2.0 0.0 0.0 -3.0 -1.0 -1.0 -3.0 0.0 -1.0 0.0 -3.0 -2.0 -3.0 -1.0 -3.0 -3.0 -3.0 -3.0 -1.0 -1.0 -2.0 0.0 -2.0 -3.0 
0.0 -3.0 -1.0 -3.0 -3.0 -1.0 -1.0 -1.0 -2.0 0.0 -2.0 -2.0 -3.0 0.0 -3.0 0.0 -1.0 -3.0 -1.0 -2.0 -3.0 -3.0 -2.0 -1.0 -1.0 -2.0 0.0 -1.0 -2.0 -2.0 -3.0 -1.0 -2.0 -1.0 -3.0 165.0 -3.0 -3.0 -3.0 0.0 -1.0 0.0 -1.0 -3.0 0.0 -3.0 -1.0 -2.0 -2.0 -1.0 0.0 -2.0 -2.0 -1.0 -1.0 -2.0 -2.0 -2.0 -2.0 -3.0 -3.0 -1.0 0.0 -3.0 -1.0 0.0 -3.0 -3.0 -1.0 0.0 0.0 -3.0 -1.0 0.0 -1.0 0.0 -2.0 0.0 -1.0 -3.0 -1.0 -1.0 -3.0 -1.0 -2.0 0.0 0.0 0.0 0.0 -2.0 -3.0 -1.0 0.0 -2.0 -2.0 0.0 0.0 -1.0 -1.0 -1.0 0.0 0.0 -2.0 0.0 -3.0 -1.0 -2.0 -1.0 -2.0 0.0 -1.0 -3.0 -1.0 -1.0 -2.0 
0.0 0.0 -3.0 0.0 -1.0 0.0 -1.0 -2.0 -1.0 -1.0 -1.0 -3.0 -1.0 0.0 -2.0 -2.0 -3.0 -3.0 -2.0 0.0 -1.0 -3.0 -3.0 -2.0 0.0 -1.0 -1.0 -2.0 0.0 -3.0 0.0 -2.0 -2.0 0.0 -3.0 0.0 163.0 -2.0 0.0 0.0 0.0 -2.0 -1.0 0.0 -1.0 -1.0 -1.0 -1.0 -2.0 -2.0 0.0 -2.0 -1.0 0.0 0.0 -1.0 0.0 0.0 -3.0 -2.0 -1.0 -2.0 -1.0 -3.0 -3.0 -3.0 -3.0 -2.0 -3.0 0.0 -2.0 -3.0 -2.0 -1.0 -3.0 -1.0 0.0 -2.0 -3.0 -2.0 -2.0 -2.0 -3.0 0.0 -1.0 0.0 0.0 -1.0 -1.0 -1.0 -3.0 0.0 -1.0 -1.0 -3.0 -2.0 -2.0 -2.0 0.0 0.0 0.0 -1.0 -3.0 -1.0 -3.0 -2.0 -3.0 -3.0 -1.0 -3.0 -1.0 -2.0 -1.0 -3.0 0.0 
-2.0 0.0 -3.0 -3.0 -3.0 -1.0 -1.0 0.0 -2.0 -1.0 0.0 -2.0 -2.0 -2.0 -2.0 -2.0 0.0 -2.0 -1.0 -2.0 -1.0 -2.0 -3.0 -1.0 -3.0 0.0 -1.0 -1.0 -1.0 0.0 0.0 -3.0 -1.0 -3.0 -1.0 -3.0 -1.0 175.0 -1.0 0.0 -3.0 -3.0 -1.0 -3.0 -3.0 -2.0 0.0 -1.0 -1.0 -3.0 -1.0 -3.0 0.0 -3.0 -3.0 -2.0 0.0 -2.0 -2.0 -2.0 -1.0 -1.0 -2.0 0.0 -3.0 -3.0 -3.0 0.0 -3.0 0.0 -3.0 -3.0 0.0 -2.0 -1.0 -2.0 -2.0 0.0 -1.0 -1.0 -2.0 0.0 -1.0 -3.0 0.0 -3.0 -1.0 -1.0 -1.0 -3.0 -1.0 -3.0 -2.0 0.0 0.0 0.0 -1.0 -1.0 -1.0 -3.0 0.0 -2.0 -1.0 -2.0 -3.0 -2.0 -2.0 -2.0 -2.0 0.0 -1.0 -2.0 -1.0 -1.0 -1.0 
-2.0 -2.0 -1.0 -2.0 -1.0 0.0 -2.0 -1.0 -1.0 -2.0 -2.0 -3.0 0.0 -2.0 -3.0 -1.0 0.0 0.0 -3.0 0.0 0.0 -3.0 -3.0 0.0 0.0 -1.0 -2.0 -2.0 -3.0 0.0 -3.0 -3.0 -2.0 -3.0 -1.0 0.0 -2.0 -3.0 168.0 0.0 0.0 0.0 -2.0 -3.0 -1.0 -2.0 -1.0 -3.0 -2.0 -3.0 -1.0 -2.0 -3.0 -3.0 -3.0 -2.0 0.0 -3.0 0.0 -3.0 -3.0 -1.0 -3.0 -3.0 -1.0 -2.0 -2.0 -2.0 0.0 -3.0 0.0 0.0 -3.0 0.0 -3.0 -3.0 -3.0 -3.0 -1.0 -3.0 -2.0 -3.0 -1.0 0.0 -1.0 0.0 0.0 0.0 0.0 -2.0 -1.0 0.0 -1.0 -1.0 0.0 -2.0 0.0 -3.0 -1.0 0.0 0.0 -3.0 -2.0 0.0 -3.0 -1.0 -1.0 -1.0 -2.0 0.0 -2.0 0.0 0.0 0.0 0.0 
-3.0 -3.0 -1.0 -2.0 0.0 -2.0 -2.0 0.0 -2.0 -2.0 -1.0 -3.0 0.0 -3.0 -1.0 -2.0 -2.0 -2.0 -2.0 -2.0 0.0 -2.0 0.0 -3.0 -2.0 0.0 -1.0 -2.0 0.0 -3.0 -3.0 0.0 -2.0 -2.0 0.0 0.0 0.0 -1.0 -3.0 173.0 -1.0 0.0 0.0 -1.0 -2.0 -1.0 -1.0 -1.0 -2.0 0.0 -2.0 -3.0 -3.0 -1.0 -2.0 -3.0 -1.0 -3.0 -1.0 -2.0 -3.0 -3.0 -1.0 -1.0 0.0 0.0 -2.0 -1.0 -3.0 0.0 -3.0 -2.0 -1.0 -2.0 -3.0 -3.0 -1.0 -2.0 -3.0 -2.0 0.0 0.0 0.0 -1.0 -1.0 -1.0 -2.0 0.0 0.0 -3.0 -1.0 0.0 -3.0 -1.0 -2.0 -2.0 -2.0 -1.0 -2.0 0.0 -2.0 -1.0 0.0 0.0 -3.0 -3.0 -3.0 -2.0 -2.0 -2.0 -3.0 -2.0 0.0 -3.0 0.0 
-1.0 0.0 0.0 -2.0 0.0 -1.0 0.0 -3.0 -3.0 -1.0 -2.0 0.0 -2.0 -1.0 0.0 0.0 0.0 -1.0 -2.0 -3.0 0.0 -2.0 -1.0 -1.0 0.0 -1.0 -3.0 -2.0 -1.0 -1.0 -2.0 -3.0 0.0 0.0 0.0 -1.0 -3.0 -1.0 -1.0 -1.0 166.0 -2.0 -3.0 0.0 -2.0 -2.0 -2.0 0.0 -2.0 -3.0 -2.0 -1.0 -1.0 -1.0 -1.0 -1.0 -1.0 0.0 -1.0 -2.0 0.0 -1.0 0.0 -2.0 -1.0 -2.0 0.0 -1.0 -3.0 -1.0 -3.0 -3.0 -2.0 -1.0 -3.0 -3.0 -1.0 -1.0 -2.0 -1.0 0.0 -2.0 0.0 -3.0 0.0 -2.0 -2.0 -2.0 -1.0 -3.0 -3.0 -3.0 -3.0 0.0 -3.0 -3.0 -1.0 -3.0 -3.0 -3.0 -2.0 -2.0 -1.0 -2.0 0.0 -2.0 -3.0 -2.0 -1.0 0.0 -1.0 -2.0 -3.0 0.0 -1.0 
0.0 0.0 -1.0 -2.0 -1.0 0.0 0.0 -1.0 -1.0 -3.0 -1.0 -1.0 -2.0 -1.0 -1.0 -3.0 -1.0 -2.0 -1.0 0.0 -1.0 -2.0 0.0 0.0 -2.0 -3.0 -2.0 -2.0 -2.0 -3.0 -2.0 -1.0 -3.0 -2.0 -2.0 -3.0 -2.0 -1.0 -1.0 -3.0 -2.0 168.0 -2.0 0.0 0.0 0.0 -3.0 -2.0 0.0 -2.0 -3.0 0.0 -1.0 -1.0 -1.0 -3.0 -2.0 -2.0 -1.0 -1.0 -2.0 -3.0 0.0 -2.0 -3.0 -1.0 -1.0 -1.0 -2.0 -3.0 -1.0 -2.0 -3.0 -2.0 0.0 0.0 -1.0 -1.0 0.0 -2.0 -3.0 -2.0 -1.0 -1.0 -3.0 -2.0 -1.0 -2.0 0.0 -3.0 0.0 -1.0 -2.0 -3.0 -3.0 0.0 0.0 -2.0 -3.0 -3.0 0.0 0.0 0.0 -3.0 -1.0 -1.0 -1.0 -3.0 -2.0 -1.0 -1.0 -2.0 -1.0 -1.0 -1.0 
0.0 -2.0 0.0 -2.0 -1.0 -1.0 -1.0 -1.0 0.0 0.0 -1.0 0.0 -1.0 -3.0 -1.0 0.0 -1.0 -3.0 -3.0 -2.0 -2.0 -3.0 -3.0 0.0 -2.0 -1.0 -1.0 -2.0 -1.0 0.0 -3.0 -2.0 -1.0 0.0 0.0 0.0 0.0 -1.0 -3.0 -1.0 0.0 -1.0 148.0 -2.0 0.0 -1.0 0.0 -3.0 -1.0 0.0 0.0 0.0 -3.0 -1.0 -1.0 -1.0 -1.0 -1.0 -3.0 -3.0 0.0 -2.0 -3.0 0.0 0.0 -1.0 -3.0 -2.0 -3.0 0.0 0.0 0.0 0.0 -3.0 0.0 -1.0 0.0 -1.0 -1.0 -1.0 -3.0 -1.0 -2.0 -1.0 -1.0 -2.0 -1.0 -2.0 -3.0 0.0 -3.0 -3.0 -1.0 -3.0 -1.0 -1.0 -2.0 0.0 -2.0 -3.0 -3.0 -1.0 0.0 -2.0 0.0 0.0 0.0 -3.0 -2.0 0.0 -3.0 -1.0 -2.0 -3.0 -1.0 
-3.0 -1.0 -3.0 -2.0 -1.0 -2.0 0.0 0.0 0.0 0.0 -3.0 -1.0 -2.0 -3.0 -1.0 -3.0 0.0 0.0 -2.0 0.0 -3.0 -3.0 -1.0 -1.0 -2.0 -3.0 -1.0 -1.0 -1.0 0.0 -3.0 0.0 -2.0 -1.0 -1.0 -1.0 -3.0 -2.0 0.0 -3.0 -1.0 -2.0 -3.0 172.0 0.0 -3.0 -1.0 -3.0 -3.0 -3.0 -2.0 -3.0 0.0 -2.0 -3.0 -2.0 -3.0 0.0 0.0 -1.0 -1.0 -1.0 -3.0 -1.0 -2.0 -2.0 -1.0 -3.0 -1.0 0.0 -3.0 -1.0 0.0 -2.0 -1.0 -1.0 0.0 -2.0 -3.0 -3.0 0.0 -3.0 0.0 -2.0 -3.0 -1.0 0.0 0.0 -2.0 0.0 0.0 0.0 -1.0 -3.0 0.0 -1.0 -2.0 -3.0 -3.0 -3.0 -2.0 -2.0 -1.0 -2.0 -1.0 -3.0 -1.0 -1.0 -1.0 -1.0 -2.0 -1.0 0.0 0.0 -2.0 
-1.0 -1.0 -1.0 0.0 -3.0 0.0 -1.0 0.0 -3.0 -2.0 -1.0 -3.0 0.0 -3.0 0.0 -2.0 -3.0 0.0 -2.0 0.0 0.0 -3.0 -2.0 -3.0 -2.0 -3.0 -2.0 -1.0 -2.0 -2.0 0.0 -3.0 -2.0 0.0 -2.0 -2.0 -1.0 -1.0 -1.0 -1.0 -3.0 -3.0 -1.0 0.0 181.0 -3.0 -3.0 -2.0 -2.0 0.0 -3.0 -2.0 -3.0 -2.0 0.0 -3.0 -1.0 -3.0 -2.0 -2.0 -3.0 -2.0 -2.0 -3.0 -1.0 -1.0 -3.0 -1.0 0.0 -2.0 -2.0 -2.0 -1.0 -3.0 -2.0 -3.0 -1.0 0.0 0.0 -2.0 -3.0 -1.0 -2.0 0.0 0.0 -1.0 -1.0 -1.0 -1.0 -3.0 -2.0 -3.0 -3.0 -2.0 0.0 -1.0 0.0 -3.0 -1.0 0.0 -1.0 -1.0 -2.0 -2.0 -2.0 -2.0 -1.0 -1.0 -3.0 -2.0 0.0 -1.0 -1.0 -2.0 -1.0 
0.0 0.0 -1.0 -2.0 -1.0 -1.0 -2.0 -1.0 -1.0 -3.0 -2.0 -2.0 0.0 -2.0 -2.0 0.0 -3.0 0.0 -3.0 -2.0 -3.0 -2.0 0.0 0.0 -3.0 -1.0 -1.0 -3.0 -1.0 -2.0 0.0 -3.0 -1.0 -3.0 -2.0 0.0 -3.0 -1.0 -1.0 -1.0 0.0 0.0 0.0 -2.0 -3.0 162.0 -2.0 -1.0 -3.0 -2.0 -1.0 0.0 -2.0 -3.0 0.0 -2.0 -2.0 0.0 -3.0 0.0 -1.0 -3.0 -1.0 0.0 -3.0 0.0 -3.0 -1.0 0.0 -2.0 0.0 -2.0 -2.0 -2.0 -2.0 0.0 -3.0 -2.0 0.0 -1.0 -2.0 -2.0 -1.0 0.0 0.0 -1.0 -1.0 -1.0 -1.0 -2.0 -3.0 -3.0 -2.0 0.0 -3.0 0.0 -3.0 0.0 0.0 -2.0 0.0 -2.0 -1.0 -3.0 -2.0 -1.0 -1.0 -1.0 0.0 0.0 -1.0 -3.0 -2.0 -2.0 -3.0 
-2.0 0.0 -1.0 -2.0 0.0 -1.0 -2.0 -3.0 -3.0 -1.0 -1.0 -1.0 0.0 -2.0 -3.0 -2.0 -3.0 0.0 0.0 -2.0 -2.0 -2.0 -3.0 -2.0 -2.0 -1.0 -1.0 0.0 -3.0 -3.0 0.0 0.0 0.0 -1.0 0.0 0.0 0.0 -3.0 -3.0 -1.0 -2.0 0.0 -3.0 -2.0 -2.0 -3.0 182.0 -1.0 -3.0 -1.0 -2.0 -3.0 -1.0 0.0 -1.0 0.0 -1.0 -2.0 -3.0 -2.0 -2.0 -2.0 -2.0 -3.0 0.0 0.0 -3.0 -2.0 -3.0 -2.0 -1.0 -2.0 -3.0 0.0 -3.0 -3.0 0.0 -2.0 -1.0 -3.0 -2.0 -1.0 -2.0 -3.0 -2.0 -3.0 -3.0 0.0 -1.0 0.0 -3.0 -3.0 0.0 0.0 -1.0 -3.0 -3.0 -3.0 0.0 -1.0 -3.0 0.0 -1.0 -1.0 -3.0 -1.0 0.0 -2.0 -1.0 -1.0 -1.0 -2.0 -3.0 -1.0 -3.0 
0.0 -3.0 -2.0 -2.0 -2.0 0.0 0.0 0.0 -1.0 -3.0 -1.0 -1.0 0.0 -1.0 -2.0 -2.0 -1.0 -2.0 -1.0 -1.0 -1.0 0.0 -2.0 -1.0 -2.0 -1.0 0.0 0.0 -1.0 -3.0 -1.0 -1.0 0.0 0.0 -1.0 0.0 -1.0 -2.0 -3.0 -3.0 -1.0 -1.0 0.0 -3.0 -1.0 -1.0 -1.0 163.0 -2.0 0.0 -1.0 -1.0 -3.0 -1.0 -2.0 -3.0 -2.0 -1.0 -1.0 0.0 -1.0 -2.0 -1.0 -2.0 -1.0 -1.0 -2.0 -3.0 -1.0 -3.0 -1.0 -1.0 -3.0 -3.0 -3.0 -1.0 -2.0 -1.0 -2.0 -2.0 -1.0 -2.0 -1.0 -1.0 -1.0 -3.0 0.0 -2.0 -3.0 0.0 -1.0 -2.0 -2.0 -1.0 -3.0 0.0 0.0 -3.0 -1.0 -1.0 -2.0 -3.0 0.0 -2.0 -3.0 -3.0 0.0 -2.0 0.0 -3.0 -2.0 -1.0 -2.0 -2.0 -1.0 
-2.0 0.0 -1.0 -1.0 -1.0 -1.0 -2.0 -1.0 -3.0 -1.0 -2.0 -1.0 -2.0 -2.0 -2.0 -3.0 -1.0 0.0 -2.0 0.0 -2.0 -1.0 -1.0 -3.0 0.0 -1.0 -3.0 0.0 -1.0 0.0 -3.0 -2.0 -1.0 -2.0 -2.0 -3.0 0.0 -2.0 -1.0 -1.0 -3.0 -1.0 0.0 -1.0 -2.0 -2.0 -3.0 0.0 151.0 0.0 0.0 0.0 0.0 -2.0 -1.0 0.0 0.0 0.0 -1.0 -3.0 0.0 -3.0 -2.0 0.0 -3.0 -2.0 -1.0 -1.0 -2.0 -2.0 0.0 -1.0 0.0 -3.0 0.0 0.0 -1.0 -2.0 -2.0 0.0 -3.0 0.0 -1.0 -2.0 -1.0 -3.0 -1.0 -3.0 -2.0 0.0 -3.0 -2.0 0.0 0.0 -3.0 0.0 -1.0 -1.0 -2.0 -3.0 -1.0 0.0 0.0 -1.0 0.0 -1.0 -3.0 -3.0 -2.0 0.0 -2.0 0.0 -1.0 -3.0 -2.0 
-3.0 0.0 0.0 0.0 0.0 -1.0 -3.0 -2.0 0.0 -3.0 0.0 -2.0 0.0 -1.0 -2.0 0.0 0.0 -3.0 -1.0 0.0 -2.0 -2.0 -2.0 -1.0 -2.0 -1.0 -1.0 -2.0 0.0 -1.0 -1.0 0.0 -2.0 -1.0 -3.0 -3.0 -2.0 0.0 0.0 -3.0 0.0 0.0 -3.0 -1.0 -1.0 -3.0 -2.0 -3.0 0.0 164.0 -3.0 0.0 0.0 -2.0 0.0 -2.0 -3.0 0.0 -2.0 0.0 0.0 -3.0 0.0 0.0 -2.0 0.0 -1.0 -2.0 -1.0 -1.0 -3.0 0.0 -2.0 -2.0 -3.0 -1.0 -2.0 -1.0 -1.0 -2.0 -3.0 0.0 -2.0 -3.0 -1.0 -2.0 -3.0 -2.0 -3.0 -1.0 -3.0 0.0 -3.0 0.0 -2.0 -1.0 -3.0 -3.0 -1.0 -2.0 -3.0 -3.0 -1.0 0.0 0.0 -1.0 -2.0 -3.0 -1.0 -2.0 -2.0 -2.0 -1.0 -1.0 -2.0 
0.0 -3.0 -1.0 -3.0 -1.0 -1.0 -2.0 -3.0 -3.0 0.0 -2.0 -3.0 -1.0 -1.0 -2.0 0.0 -1.0 0.0 -3.0 -3.0 -3.0 -2.0 -3.0 -1.0 -1.0 0.0 -3.0 -1.0 -1.0 -3.0 0.0 -2.0 0.0 0.0 0.0 -1.0 0.0 0.0 0.0 0.0 0.0 -1.0 -1.0 0.0 -1.0 -2.0 -1.0 -3.0 -2.0 -2.0 166.0 0.0 -2.0 -2.0 0.0 0.0 -1.0 0.0 -2.0 -1.0 0.0 -2.0 0.0 -3.0 -3.0 -3.0 -2.0 -3.0 -2.0 -3.0 -2.0 -1.0 0.0 -2.0 -2.0 -3.0 -1.0 -2.0 -1.0 0.0 -3.0 0.0 -1.0 -2.0 -1.0 -2.0 -1.0 -3.0 -1.0 -1.0 0.0 -2.0 -3.0 0.0 -2.0 -1.0 -2.0 0.0 -3.0 -3.0 0.0 0.0 -2.0 -3.0 -2.0 -3.0 -2.0 -3.0 -3.0 0.0 -2.0 -3.0 0.0 0.0 -2.0 
-2.0 -1.0 -1.0 0.0 -3.0 0.0 -1.0 -1.0 0.0 -3.0 -1.0 -2.0 -2.0 -1.0 -2.0 -3.0 -1.0 0.0 -1.0 -3.0 0.0 -2.0 0.0 -2.0 -2.0 0.0 -2.0 -2.0 0.0 -3.0 0.0 -3.0 -3.0 0.0 -3.0 -2.0 -3.0 0.0 -2.0 -3.0 -2.0 -2.0 -3.0 0.0 -1.0 -1.0 -1.0 -3.0 0.0 -3.0 -1.0 177.0 -3.0 0.0 -2.0 -3.0 -3.0 -3.0 -2.0 -2.0 -2.0 -3.0 -1.0 -2.0 -3.0 -2.0 -3.0 -1.0 -3.0 -3.0 -1.0 -1.0 -1.0 -1.0 -2.0 -1.0 0.0 0.0 -1.0 -3.0 -1.0 0.0 -1.0 0.0 -3.0 -2.0 0.0 -1.0 0.0 -1.0 0.0 -1.0 -3.0 0.0 -1.0 -3.0 0.0 -2.0 -2.0 -2.0 -3.0 -1.0 -3.0 0.0 -3.0 0.0 -3.0 -3.0 -1.0 -3.0 -1.0 -1.0 -3.0 0.0 0.0 
-2.0 -2.0 -2.0 -3.0 0.0 0.0 -1.0 -1.0 -2.0 -3.0 -1.0 -2.0 -1.0 -2.0 -2.0 -1.0 -3.0 -2.0 -3.0 0.0 -3.0 -1.0 -2.0 -1.0 -1.0 -3.0 0.0 -2.0 -3.0 -3.0 -1.0 -2.0 0.0 -2.0 -2.0 -3.0 0.0 0.0 -1.0 0.0 -1.0 -2.0 -2.0 0.0 0.0 -2.0 0.0 0.0 -2.0 -2.0 -1.0 -3.0 163.0 0.0 -2.0 -3.0 0.0 -2.0 0.0 0.0 0.0 -2.0 -1.0 -1.0 0.0 -1.0 -3.0 -1.0 -1.0 -1.0 -3.0 -3.0 -1.0 -1.0 -3.0 -3.0 -1.0 -1.0 -1.0 0.0 -3.0 -3.0 -3.0 0.0 -2.0 -1.0 0.0 -1.0 -1.0 -3.0 -1.0 -2.0 -2.0 0.0 -1.0 -3.0 -3.0 -2.0 0.0 -2.0 -3.0 -1.0 0.0 -1.0 0.0 -1.0 -3.0 -1.0 0.0 -2.0 0.0 -2.0 -2.0 -1.0 0.0 
0.0 -2.0 0.0 -2.0 -1.0 -1.0 -3.0 0.0 0.0 -3.0 0.0 -1.0 -2.0 -1.0 -1.0 -1.0 -2.0 -2.0 -3.0 -3.0 0.0 -1.0 -3.0 -1.0 0.0 0.0 -1.0 0.0 -1.0 -1.0 -3.0 -3.0 -1.0 -1.0 -1.0 0.0 -1.0 0.0 -2.0 -3.0 0.0 0.0 0.0 -3.0 0.0 -1.0 0.0 -3.0 -1.0 0.0 -2.0 0.0 0.0 158.0 -3.0 0.0 -1.0 -1.0 -2.0 -1.0 -1.0 -1.0 -2.0 0.0 -2.0 -3.0 -3.0 0.0 -1.0 -2.0 -1.0 -2.0 0.0 -3.0 -3.0 -3.0 -1.0 0.0 -3.0 -2.0 0.0 -1.0 -2.0 -1.0 -2.0 -3.0 -2.0 -1.0 0.0 -2.0 -1.0 -3.0 0.0 -1.0 0.0 -1.0 -1.0 -3.0 -3.0 -2.0 -2.0 -2.0 -3.0 -2.0 -2.0 -3.0 -3.0 -3.0 -2.0 0.0 -2.0 0.0 -3.0 0.0 0.0 
0.0 0.0 -2.0 -2.0 -3.0 -2.0 -3.0 0.0 -3.0 -1.0 -1.0 -1.0 0.0 -3.0 0.0 -1.0 -3.0 0.0 -3.0 0.0 -3.0 -2.0 -3.0 -2.0 0.0 -3.0 -2.0 -1.0 -1.0 -2.0 -2.0 -3.0 -3.0 -2.0 -3.0 -2.0 0.0 -2.0 0.0 0.0 -3.0 -1.0 -1.0 -3.0 0.0 -1.0 -3.0 0.0 -2.0 -1.0 -1.0 0.0 0.0 -2.0 177.0 -3.0 -2.0 0.0 -1.0 0.0 -2.0 -1.0 -1.0 -1.0 0.0 -1.0 -1.0 -2.0 -3.0 -2.0 -2.0 -2.0 -3.0 -3.0 -1.0 -2.0 -2.0 -1.0 -3.0 -1.0 -2.0 -1.0 -2.0 -3.0 0.0 -2.0 -3.0 -2.0 0.0 -2.0 -1.0 -1.0 -2.0 0.0 -3.0 -3.0 0.0 -2.0 -2.0 -3.0 0.0 -1.0 -2.0 -2.0 -2.0 -3.0 -2.0 -2.0 0.0 -1.0 0.0 -2.0 -1.0 0.0 -3.0 
-1.0 -1.0 0.0 -1.0 -1.0 -2.0 -1.0 -2.0 -1.0 -1.0 -1.0 0.0 0.0 -3.0 -3.0 -1.0 -3.0 -1.0 -2.0 -2.0 -2.0 -1.0 -1.0 -2.0 -2.0 -1.0 -1.0 -3.0 -3.0 0.0 -1.0 0.0 -2.0 0.0 0.0 -1.0 0.0 -1.0 -1.0 0.0 -3.0 -2.0 -1.0 0.0 0.0 -1.0 0.0 -3.0 -2.0 -1.0 -2.0 -2.0 0.0 0.0 -1.0 154.0 0.0 0.0 -3.0 -3.0 0.0 0.0 0.0 -3.0 -2.0 -1.0 0.0 -3.0 -2.0 -2.0 -1.0 -3.0 -1.0 -1.0 0.0 -2.0 -1.0 -2.0 0.0 -2.0 -1.0 0.0 -3.0 -2.0 0.0 0.0 -2.0 -1.0 -3.0 -2.0 -2.0 -3.0 0.0 0.0 -3.0 -3.0 -1.0 -1.0 -3.0 -1.0 -1.0 -2.0 -1.0 -3.0 -2.0 -1.0 -1.0 -2.0 -2.0 0.0 -1.0 -1.0 -3.0 -1.0 -3.0 
0.0 -2.0 -2.0 -2.0 -2.0 -2.0 -2.0 -1.0 0.0 -2.0 -2.0 -1.0 0.0 -1.0 -2.0 -1.0 0.0 -3.0 0.0 -3.0 -2.0 -2.0 -3.0 -2.0 -2.0 -1.0 0.0 -3.0 -2.0 -1.0 -3.0 -1.0 -3.0 -3.0 -3.0 -3.0 0.0 -3.0 0.0 -3.0 -2.0 -1.0 0.0 -3.0 0.0 -2.0 -1.0 -1.0 -1.0 -3.0 -3.0 -2.0 -3.0 -3.0 -2.0 0.0 162.0 0.0 -1.0 0.0 -1.0 -1.0 -1.0 -1.0 -1.0 0.0 -2.0 -1.0 -3.0 0.0 0.0 -2.0 0.0 0.0 0.0 -2.0 0.0 0.0 0.0 -3.0 -1.0 0.0 -1.0 -2.0 -2.0 0.0 -1.0 -2.0 -2.0 -1.0 -2.0 0.0 -2.0 -2.0 -3.0 -2.0 -2.0 0.0 -2.0 -3.0 0.0 0.0 0.0 -1.0 -1.0 0.0 0.0 -1.0 -3.0 -2.0 -2.0 -2.0 -3.0 -3.0 0.0 
-3.0 -1.0 0.0 -1.0 -1.0 -1.0 -2.0 -3.0 0.0 0.0 0.0 -3.0 -2.0 -2.0 -3.0 0.0 -1.0 -2.0 0.0 -3.0 -3.0 -3.0 -1.0 -2.0 0.0 -1.0 -2.0 -1.0 -1.0 -2.0 0.0 -2.0 -3.0 -1.0 0.0 -2.0 -3.0 -2.0 -1.0 0.0 0.0 -2.0 -3.0 -3.0 0.0 0.0 -2.0 -2.0 -2.0 0.0 -2.0 -3.0 0.0 -2.0 0.0 -2.0 -2.0 167.0 -2.0 0.0 -2.0 -3.0 -1.0 -3.0 -3.0 0.0 -3.0 -1.0 -3.0 -2.0 -1.0 -2.0 -1.0 -2.0 0.0 0.0 -1.0 0.0 -2.0 -3.0 0.0 0.0 -2.0 -1.0 -3.0 0.0 -1.0 -1.0 -3.0 -1.0 -3.0 -2.0 -2.0 -1.0 0.0 -2.0 -3.0 -3.0 -1.0 0.0 -2.0 -2.0 -3.0 0.0 -1.0 -3.0 -1.0 -2.0 0.0 -1.0 -2.0 0.0 0.0 0.0 -3.0 
-3.0 -1.0 -1.0 -2.0 -1.0 -3.0 -3.0 -2.0 -2.0 0.0 -3.0 -2.0 -2.0 -3.0 -2.0 0.0 0.0 0.0 -3.0 -3.0 -3.0 -3.0 -3.0 -2.0 -3.0 -3.0 0.0 -2.0 -3.0 0.0 -3.0 0.0 -3.0 -3.0 -1.0 0.0 -2.0 -2.0 -2.0 -1.0 0.0 -3.0 0.0 -3.0 -3.0 0.0 -3.0 -3.0 -2.0 0.0 -3.0 0.0 0.0 0.0 -2.0 -2.0 -2.0 -2.0 181.0 -3.0 0.0 0.0 -1.0 -2.0 0.0 0.0 -3.0 -3.0 0.0 -2.0 -1.0 0.0 -2.0 -2.0 -3.0 0.0 -1.0 0.0 -2.0 -2.0 -3.0 0.0 -2.0 0.0 -1.0 0.0 0.0 0.0 -2.0 -2.0 -2.0 -2.0 -3.0 0.0 -1.0 -3.0 -3.0 0.0 -3.0 -3.0 -3.0 -2.0 -3.0 0.0 -1.0 -1.0 0.0 -3.0 -1.0 -1.0 0.0 0.0 -3.0 -3.0 0.0 
-1.0 0.0 -1.0 -2.0 -3.0 -2.0 0.0 -1.0 -2.0 0.0 -1.0 0.0 -2.0 -1.0 0.0 -2.0 0.0 -2.0 -1.0 -3.0 0.0 0.0 -1.0 0.0 -2.0 0.0 0.0 -1.0 -3.0 0.0 -3.0 -2.0 -2.0 0.0 -1.0 0.0 -2.0 -2.0 0.0 -1.0 -3.0 0.0 -2.0 -2.0 -3.0 -1.0 -1.0 0.0 -1.0 -2.0 -2.0 -2.0 -1.0 0.0 -3.0 -2.0 -1.0 -1.0 -1.0 155.0 -3.0 -3.0 -3.0 0.0 0.0 -2.0 -3.0 -3.0 -3.0 0.0 -1.0 -3.0 -2.0 0.0 -3.0 -3.0 -1.0 -2.0 -2.0 -1.0 0.0 0.0 0.0 -2.0 -1.0 -2.0 -3.0 -1.0 -1.0 -1.0 -1.0 0.0 0.0 -2.0 -1.0 -3.0 -1.0 -2.0 0.0 0.0 0.0 -3.0 0.0 -3.0 -2.0 -3.0 0.0 -3.0 -1.0 -2.0 -1.0 -3.0 0.0 -1.0 -2.0 
0.0 0.0 -1.0 -1.0 -2.0 -3.0 -2.0 -3.0 -2.0 0.0 -2.0 -1.0 -3.0 0.0 -3.0 0.0 0.0 -3.0 0.0 -1.0 -2.0 -2.0 0.0 -2.0 -2.0 -3.0 0.0 -2.0 -3.0 -2.0 -1.0 -1.0 -2.0 -3.0 -3.0 0.0 0.0 -1.0 0.0 0.0 -3.0 0.0 -1.0 -2.0 -3.0 -3.0 -3.0 -1.0 -2.0 -2.0 -3.0 -1.0 0.0 0.0 -2.0 -2.0 -3.0 -2.0 0.0 0.0 179.0 0.0 -2.0 -1.0 -3.0 -1.0 -2.0 -3.0 0.0 -1.0 -1.0 0.0 -3.0 -3.0 -2.0 -3.0 -1.0 -2.0 -2.0 -3.0 0.0 -2.0 -3.0 -2.0 -2.0 -1.0 -1.0 -2.0 0.0 0.0 0.0 -3.0 -3.0 0.0 -1.0 0.0 -3.0 -2.0 -3.0 -3.0 0.0 -3.0 -3.0 -3.0 -1.0 0.0 0.0 0.0 -1.0 -3.0 -2.0 -3.0 -3.0 -2.0 -2.0 
-1.0 0.0 -3.0 -3.0 0.0 -2.0 0.0 -3.0 -1.0 -2.0 -2.0 -3.0 0.0 0.0 -3.0 -3.0 0.0 -1.0 -2.0 0.0 -3.0 0.0 0.0 -3.0 -3.0 -1.0 0.0 0.0 -2.0 -1.0 -2.0 -2.0 -2.0 -1.0 0.0 0.0 0.0 0.0 -3.0 -2.0 -1.0 -3.0 -1.0 -2.0 -3.0 -1.0 -2.0 -2.0 0.0 0.0 0.0 0.0 -1.0 -2.0 0.0 -1.0 -3.0 0.0 -2.0 -1.0 -3.0 149.0 0.0 0.0 0.0 0.0 -3.0 -2.0 -1.0 -1.0 -1.0 -2.0 -3.0 0.0 -3.0 -2.0 -2.0 0.0 0.0 -1.0 0.0 -2.0 -2.0 -1.0 0.0 -3.0 -3.0 -1.0 0.0 0.0 -3.0 -3.0 -3.0 -1.0 -2.0 0.0 -2.0 -2.0 0.0 0.0 -3.0 -3.0 -1.0 -2.0 0.0 0.0 -2.0 0.0 -1.0 0.0 0.0 -1.0 -1.0 -1.0 -3.0 
-3.0 -3.0 0.0 0.0 -3.0 -1.0 -2.0 0.0 -3.0 -1.0 -2.0 0.0 -2.0 -3.0 -2.0 0.0 -3.0 -1.0 -3.0 -2.0 -1.0 -2.0 -2.0 -1.0 -1.0 -2.0 0.0 0.0 0.0 -3.0 0.0 -3.0 -2.0 0.0 -2.0 -1.0 -2.0 -1.0 -2.0 0.0 0.0 -1.0 -3.0 0.0 -3.0 0.0 -2.0 -3.0 -3.0 -1.0 0.0 -2.0 -2.0 -2.0 -2.0 -1.0 -3.0 0.0 -2.0 -3.0 -3.0 -2.0 171.0 -3.0 -2.0 0.0 -3.0 -3.0 0.0 0.0 -1.0 -3.0 0.0 -3.0 0.0 0.0 -1.0 0.0 -1.0 -1.0 -2.0 -2.0 -1.0 -3.0 -2.0 -2.0 -1.0 0.0 -1.0 0.0 -3.0 -1.0 0.0 -3.0 -2.0 0.0 -3.0 -3.0 0.0 -3.0 -3.0 0.0 0.0 0.0 0.0 -2.0 -1.0 -3.0 0.0 -2.0 -3.0 -2.0 0.0 -2.0 -3.0 
-3.0 -2.0 0.0 -2.0 -3.0 -1.0 0.0 -1.0 -3.0 0.0 -2.0 -1.0 0.0 -3.0 0.0 -2.0 -2.0 -3.0 -1.0 -1.0 -2.0 0.0 -3.0 -2.0 -2.0 -3.0 -1.0 -1.0 -2.0 -2.0 0.0 -2.0 -1.0 0.0 -2.0 -2.0 -1.0 0.0 0.0 0.0 -1.0 -1.0 -1.0 -2.0 0.0 -2.0 -3.0 0.0 0.0 0.0 -2.0 -3.0 -2.0 0.0 -1.0 -2.0 -2.0 0.0 -2.0 -3.0 0.0 -3.0 -2.0 155.0 0.0 -3.0 -2.0 -1.0 -2.0 -1.0 -3.0 -1.0 -3.0 0.0 -1.0 -1.0 0.0 0.0 0.0 0.0 -2.0 -1.0 -1.0 -1.0 0.0 -2.0 -1.0 0.0 -3.0 0.0 0.0 -3.0 -1.0 0.0 -1.0 -3.0 -2.0 -3.0 -3.0 0.0 -2.0 -3.0 0.0 -2.0 -1.0 -1.0 -3.0 0.0 -1.0 -2.0 -2.0 0.0 -3.0 0.0 -2.0 
-1.0 -1.0 0.0 0.0 -3.0 -2.0 -3.0 -2.0 -1.0 -3.0 0.0 -3.0 -3.0 0.0 0.0 -1.0 0.0 0.0 -2.0 -1.0 -3.0 -1.0 -2.0 0.0 -1.0 0.0 -1.0 -3.0 -3.0 -1.0 -2.0 -2.0 -1.0 0.0 -3.0 0.0 -1.0 -1.0 -1.0 0.0 -3.0 0.0 -2.0 -2.0 -2.0 0.0 0.0 -1.0 0.0 -1.0 -2.0 0.0 -1.0 -3.0 -3.0 0.0 -2.0 -2.0 0.0 -2.0 -2.0 -2.0 -1.0 -2.0 160.0 -2.0 -2.0 0.0 -2.0 -2.0 -1.0 -1.0 0.0 -2.0 0.0 0.0 -2.0 -3.0 -2.0 -1.0 -2.0 -3.0 -1.0 0.0 -2.0 -3.0 -1.0 -1.0 -1.0 -3.0 -3.0 -3.0 0.0 0.0 -1.0 -2.0 -1.0 -3.0 -3.0 -2.0 0.0 0.0 -3.0 -1.0 -3.0 -3.0 -1.0 0.0 -2.0 0.0 0.0 -1.0 -1.0 -3.0 -2.0 
-1.0 0.0 0.0 -3.0 -2.0 0.0 -3.0 -2.0 -1.0 0.0 -1.0 -3.0 -3.0 0.0 -3.0 0.0 -2.0 -2.0 -2.0 0.0 -1.0 -1.0 -1.0 0.0 -3.0 -3.0 -3.0 -1.0 -1.0 -3.0 -3.0 -3.0 -3.0 0.0 -1.0 -1.0 -1.0 -3.0 -2.0 -3.0 -3.0 -3.0 -3.0 -3.0 -3.0 -1.0 -1.0 -1.0 0.0 0.0 -3.0 0.0 -3.0 0.0 -3.0 -3.0 0.0 0.0 -1.0 0.0 0.0 -2.0 0.0 -3.0 -1.0 175.0 -2.0 -2.0 0.0 -1.0 -2.0 -3.0 -2.0 -3.0 -3.0 -1.0 -1.0 -1.0 -3.0 -1.0 -3.0 -3.0 -2.0 -2.0 -1.0 0.0 0.0 -1.0 -1.0 -2.0 0.0 -2.0 0.0 0.0 -1.0 -2.0 0.0 -1.0 -3.0 0.0 0.0 -3.0 -1.0 -1.0 -3.0 -2.0 0.0 -2.0 -2.0 -3.0 -2.0 -1.0 -3.0 -1.0 0.0 
-2.0 -1.0 -2.0 -1.0 -1.0 0.0 -1.0 -3.0 -2.0 0.0 -2.0 0.0 -1.0 -1.0 -2.0 -2.0 -3.0 -2.0 -1.0 -1.0 -2.0 -3.0 -1.0 -2.0 -1.0 0.0 -2.0 -1.0 0.0 -2.0 -2.0 -3.0 -3.0 -3.0 -3.0 -2.0 -1.0 0.0 0.0 -3.0 -1.0 -3.0 -1.0 -3.0 -1.0 -3.0 -1.0 -3.0 -1.0 -2.0 -3.0 -2.0 -3.0 -3.0 -3.0 -3.0 -2.0 -3.0 0.0 -2.0 -1.0 -3.0 -2.0 0.0 -2.0 -1.0 193.0 -3.0 -2.0 -2.0 -3.0 -1.0 -1.0 0.0 -2.0 -3.0 -3.0 0.0 -2.0 -2.0 -3.0 0.0 -3.0 -2.0 0.0 -1.0 0.0 -1.0 -1.0 -1.0 -3.0 -3.0 0.0 0.0 -3.0 -3.0 -2.0 -3.0 -1.0 -3.0 0.0 -2.0 -2.0 -1.0 -3.0 0.0 -3.0 -2.0 -2.0 -2.0 0.0 -1.0 -2.0 0.0 -2.0 
-1.0 -2.0 -1.0 -3.0 -1.0 -1.0 -2.0 -3.0 -1.0 0.0 -2.0 -1.0 0.0 -1.0 -1.0 0.0 -3.0 -2.0 -2.0 -2.0 -3.0 -1.0 -3.0 -1.0 -2.0 -2.0 -1.0 0.0 0.0 -2.0 -2.0 -3.0 -3.0 -3.0 -2.0 0.0 -3.0 -2.0 -1.0 0.0 -3.0 0.0 -3.0 -2.0 -1.0 -1.0 0.0 0.0 0.0 -3.0 -1.0 0.0 -2.0 0.0 -3.0 -3.0 -1.0 -1.0 -1.0 -1.0 0.0 -2.0 -1.0 -3.0 0.0 -3.0 -2.0 177.0 0.0 -3.0 0.0 0.0 -3.0 -1.0 0.0 -2.0 0.0 0.0 -1.0 -3.0 -3.0 0.0 -3.0 -1.0 -1.0 -2.0 -2.0 0.0 -3.0 -2.0 -1.0 -2.0 -3.0 -3.0 -2.0 -2.0 -1.0 -3.0 -2.0 -2.0 -1.0 -1.0 -2.0 -3.0 -3.0 -1.0 -2.0 -2.0 -2.0 -2.0 -3.0 -1.0 0.0 -1.0 -2.0 
-2.0 -1.0 -2.0 -1.0 -3.0 0.0 -1.0 0.0 -3.0 -1.0 -1.0 -1.0 -2.0 0.0 -1.0 -1.0 -1.0 -2.0 0.0 -2.0 0.0 -1.0 -2.0 -3.0 -3.0 -2.0 -3.0 -1.0 -2.0 -3.0 -3.0 -3.0 -1.0 -3.0 0.0 -2.0 -1.0 0.0 0.0 0.0 0.0 -1.0 -3.0 -2.0 -1.0 -1.0 -3.0 -2.0 0.0 -1.0 -1.0 -1.0 0.0 0.0 0.0 0.0 0.0 -2.0 -2.0 0.0 -2.0 -1.0 0.0 0.0 -3.0 -3.0 -3.0 -3.0 165.0 -2.0 -2.0 0.0 -2.0 0.0 0.0 -2.0 -2.0 -2.0 -3.0 -3.0 -1.0 -1.0 -3.0 0.0 -1.0 -3.0 -2.0 -3.0 0.0 0.0 -2.0 -1.0 -3.0 -2.0 -2.0 -1.0 -3.0 -3.0 -2.0 -1.0 -1.0 -1.0 -3.0 0.0 -3.0 0.0 -3.0 -2.0 -2.0 -1.0 0.0 -1.0 0.0 -2.0 -1.0 
-3.0 -1.0 -2.0 0.0 -1.0 -1.0 0.0 -3.0 -2.0 -1.0 -1.0 0.0 -2.0 -3.0 0.0 -3.0 -1.0 -2.0 -3.0 0.0 -2.0 -1.0 0.0 -1.0 -1.0 -1.0 -2.0 -2.0 0.0 -3.0 -2.0 -1.0 0.0 0.0 -2.0 -2.0 -1.0 -2.0 0.0 -3.0 -3.0 0.0 -2.0 0.0 -3.0 -3.0 -1.0 -3.0 -2.0 0.0 -2.0 0.0 -2.0 -1.0 -1.0 0.0 -1.0 -2.0 -2.0 -1.0 0.0 -1.0 -3.0 -3.0 -1.0 -1.0 -1.0 -3.0 -1.0 160.0 0.0 -1.0 -3.0 -1.0 -2.0 -2.0 -2.0 -2.0 -1.0 -1.0 -1.0 0.0 0.0 -3.0 -3.0 -1.0 -1.0 -1.0 -1.0 -1.0 -3.0 -3.0 0.0 0.0 0.0 -1.0 -3.0 0.0 -1.0 -1.0 -1.0 0.0 -2.0 -1.0 -3.0 -3.0 0.0 -2.0 -2.0 0.0 -1.0 -1.0 -3.0 -1.0 -3.0 
0.0 -3.0 0.0 -3.0 -3.0 -2.0 -1.0 -2.0 -3.0 -3.0 -3.0 -2.0 0.0 -3.0 -1.0 -1.0 -3.0 0.0 -3.0 -3.0 -1.0 -1.0 0.0 -1.0 -2.0 -2.0 -1.0 -3.0 0.0 0.0 -3.0 -2.0 0.0 0.0 -2.0 -1.0 0.0 0.0 -1.0 -2.0 -3.0 -1.0 -2.0 -1.0 -1.0 -1.0 0.0 -1.0 -1.0 0.0 -1.0 0.0 -3.0 -3.0 -3.0 -1.0 -3.0 -1.0 -2.0 0.0 -3.0 -2.0 -1.0 -2.0 0.0 -1.0 -3.0 0.0 -3.0 -3.0 183.0 -1.0 -3.0 -2.0 -2.0 -3.0 -1.0 -1.0 -3.0 -2.0 0.0 -1.0 -1.0 -1.0 -3.0 -3.0 -2.0 -3.0 -1.0 -2.0 -3.0 0.0 -2.0 -3.0 -3.0 -3.0 -1.0 -3.0 -2.0 -1.0 0.0 0.0 -1.0 -2.0 -2.0 -3.0 -2.0 0.0 -1.0 0.0 0.0 -1.0 -3.0 -2.0 -3.0 
-2.0 -1.0 -3.0 -3.0 0.0 0.0 -2.0 -2.0 -1.0 0.0 -2.0 -1.0 -2.0 -3.0 -1.0 0.0 -1.0 0.0 -2.0 -2.0 -3.0 -3.0 -2.0 -2.0 -2.0 -1.0 0.0 -3.0 -2.0 -2.0 -1.0 -3.0 -3.0 -3.0 -1.0 -3.0 -2.0 0.0 -2.0 0.0 0.0 -3.0 -3.0 -3.0 -3.0 -2.0 -2.0 -1.0 0.0 -3.0 -2.0 -1.0 -3.0 -1.0 -3.0 -1.0 0.0 0.0 -1.0 -2.0 -2.0 0.0 -3.0 -2.0 0.0 -2.0 0.0 -2.0 -1.0 -3.0 0.0 183.0 -3.0 -3.0 -1.0 0.0 -2.0 0.0 0.0 -2.0 -1.0 0.0 -1.0 -3.0 -2.0 -2.0 -3.0 -1.0 -2.0 -3.0 -3.0 -3.0 -1.0 -2.0 -2.0 -3.0 -2.0 0.0 -2.0 0.0 -1.0 -1.0 -3.0 -2.0 0.0 0.0 -2.0 -2.0 0.0 -2.0 -3.0 -3.0 -1.0 0.0 -1.0 
0.0 -3.0 -3.0 -1.0 0.0 -2.0 0.0 -3.0 -2.0 -2.0 -2.0 0.0 -3.0 -1.0 -3.0 0.0 0.0 -2.0 -3.0 -1.0 0.0 -3.0 0.0 -3.0 -2.0 -3.0 -1.0 -1.0 -3.0 -1.0 -1.0 -3.0 -1.0 -3.0 -2.0 -3.0 -2.0 -3.0 -1.0 0.0 0.0 -3.0 -3.0 0.0 -1.0 -1.0 -3.0 -2.0 0.0 -2.0 -1.0 -2.0 -1.0 -1.0 0.0 -2.0 -3.0 -1.0 -1.0 0.0 0.0 -3.0 -2.0 -3.0 -3.0 -3.0 -3.0 -2.0 -2.0 -1.0 -2.0 -1.0 183.0 -2.0 -3.0 0.0 0.0 -2.0 -3.0 -3.0 -3.0 -2.0 -2.0 -3.0 -1.0 0.0 -1.0 -3.0 -1.0 -1.0 0.0 -2.0 -1.0 -3.0 -3.0 0.0 0.0 -1.0 -2.0 -2.0 -2.0 0.0 -2.0 -1.0 -2.0 -2.0 0.0 -3.0 0.0 -2.0 0.0 -3.0 0.0 0.0 -3.0 
-1.0 -1.0 -2.0 -1.0 0.0 -1.0 -3.0 0.0 0.0 0.0 -1.0 -2.0 -3.0 0.0 -3.0 0.0 -1.0 -3.0 -3.0 -1.0 -2.0 -2.0 0.0 -1.0 -2.0 -1.0 -1.0 -2.0 0.0 -1.0 -1.0 -3.0 -2.0 -1.0 -2.0 0.0 -1.0 -2.0 -1.0 -1.0 -3.0 0.0 -3.0 -2.0 0.0 0.0 -1.0 0.0 -3.0 -2.0 0.0 -2.0 -2.0 -2.0 0.0 0.0 0.0 -3.0 -2.0 -1.0 -3.0 -3.0 -2.0 -2.0 -1.0 -2.0 -1.0 0.0 -1.0 0.0 0.0 -3.0 -2.0 160.0 -2.0 -1.0 0.0 -2.0 -2.0 0.0 -2.0 -2.0 0.0 -3.0 -2.0 -1.0 0.0 -2.0 -1.0 -2.0 -1.0 -2.0 -3.0 0.0 -2.0 -1.0 0.0 -3.0 -3.0 -3.0 0.0 0.0 -1.0 -1.0 -1.0 -3.0 -1.0 -2.0 -2.0 -2.0 -2.0 -2.0 -2.0 -2.0 -1.0 
0.0 -1.0 -2.0 -3.0 -2.0 -2.0 -3.0 -2.0 -1.0 -1.0 0.0 0.0 -2.0 -3.0 0.0 0.0 0.0 -3.0 -3.0 0.0 -3.0 -1.0 -2.0 0.0 -1.0 -2.0 0.0 -3.0 0.0 -3.0 -2.0 -2.0 -1.0 -2.0 -1.0 -2.0 0.0 -2.0 -2.0 -3.0 0.0 -3.0 -1.0 -1.0 -2.0 -2.0 -3.0 -1.0 0.0 -1.0 -1.0 0.0 -2.0 0.0 0.0 -2.0 -1.0 -3.0 0.0 -2.0 -2.0 -3.0 -2.0 0.0 -3.0 -3.0 -3.0 -3.0 -1.0 -1.0 -3.0 -2.0 -2.0 -2.0 173.0 -2.0 -3.0 -1.0 -2.0 -3.0 -2.0 0.0 0.0 0.0 -3.0 -2.0 -2.0 -1.0 0.0 -2.0 -1.0 -3.0 -3.0 0.0 -3.0 -2.0 -2.0 0.0 -1.0 -1.0 -1.0 -2.0 -2.0 0.0 0.0 -1.0 -2.0 -2.0 -2.0 0.0 -2.0 0.0 -2.0 -1.0 -2.0 
-3.0 0.0 -1.0 0.0 0.0 -2.0 -3.0 0.0 -3.0 0.0 0.0 -1.0 -1.0 -2.0 -1.0 -1.0 0.0 0.0 -3.0 -2.0 -2.0 -3.0 -2.0 -1.0 -3.0 -3.0 -1.0 -2.0 -2.0 -2.0 -2.0 0.0 0.0 -1.0 0.0 0.0 0.0 -1.0 0.0 -2.0 0.0 0.0 -2.0 -2.0 -3.0 -1.0 -2.0 0.0 0.0 -2.0 -3.0 -1.0 -3.0 -3.0 -3.0 0.0 -3.0 -1.0 0.0 -3.0 -1.0 0.0 -3.0 -3.0 -1.0 -2.0 -1.0 0.0 -3.0 -3.0 -3.0 -2.0 -3.0 -2.0 0.0 171.0 -2.0 0.0 0.0 -3.0 0.0 0.0 0.0 -2.0 -1.0 -3.0 -1.0 0.0 -3.0 -3.0 -3.0 -2.0 -1.0 -2.0 -2.0 -3.0 -1.0 -3.0 -3.0 -3.0 -2.0 -2.0 -2.0 0.0 -3.0 -1.0 -1.0 -3.0 0.0 -1.0 -2.0 0.0 -1.0 -3.0 0.0 
-2.0 -2.0 0.0 -3.0 0.0 -1.0 -3.0 0.0 -1.0 -2.0 -3.0 -2.0 -2.0 -1.0 -2.0 -3.0 -1.0 -3.0 -3.0 -3.0 -1.0 0.0 -3.0 0.0 -1.0 0.0 -1.0 -2.0 0.0 -2.0 -1.0 -1.0 0.0 -1.0 0.0 0.0 -2.0 -1.0 -3.0 0.0 -2.0 -2.0 0.0 -1.0 0.0 0.0 -3.0 -1.0 -3.0 0.0 -1.0 -3.0 -3.0 -1.0 -1.0 -2.0 -3.0 0.0 -3.0 -2.0 -2.0 -1.0 -3.0 0.0 0.0 0.0 0.0 -3.0 0.0 0.0 0.0 -2.0 -3.0 -1.0 -2.0 -3.0 169.0 -2.0 -3.0 -2.0 0.0 -3.0 -1.0 0.0 -1.0 0.0 -2.0 -2.0 0.0 -1.0 -2.0 0.0 -2.0 0.0 -3.0 -2.0 -2.0 0.0 -3.0 -3.0 -2.0 -2.0 -1.0 -3.0 -1.0 0.0 -3.0 -3.0 0.0 -2.0 -3.0 -2.0 -2.0 -1.0 -3.0 
-2.0 0.0 0.0 0.0 -3.0 -1.0 -1.0 -3.0 -3.0 -3.0 -3.0 0.0 -2.0 -2.0 -3.0 -3.0 -1.0 -3.0 0.0 -2.0 -1.0 -1.0 -3.0 -1.0 -2.0 0.0 0.0 0.0 -1.0 -3.0 0.0 -2.0 -1.0 0.0 -2.0 0.0 0.0 -2.0 -1.0 -3.0 0.0 -2.0 -2.0 0.0 -2.0 -3.0 -1.0 0.0 -3.0 -3.0 -2.0 -2.0 0.0 -1.0 -3.0 0.0 -2.0 -3.0 -3.0 -1.0 -3.0 -3.0 -1.0 0.0 -1.0 0.0 -3.0 0.0 -2.0 -2.0 -3.0 0.0 0.0 -1.0 -1.0 0.0 -3.0 170.0 -2.0 -3.0 -1.0 -1.0 -3.0 -1.0 -1.0 -3.0 -2.0 -1.0 0.0 -3.0 -2.0 0.0 -3.0 -3.0 -2.0 0.0 -2.0 0.0 0.0 0.0 -3.0 -2.0 -2.0 -3.0 -3.0 -3.0 0.0 0.0 -1.0 -1.0 0.0 -3.0 -2.0 0.0 0.0 
-3.0 -2.0 0.0 -2.0 -2.0 -2.0 -1.0 -3.0 0.0 0.0 -2.0 0.0 0.0 -2.0 -1.0 -1.0 -2.0 -3.0 -2.0 -1.0 -1.0 -2.0 -2.0 -2.0 -1.0 -1.0 0.0 -2.0 -3.0 -1.0 -3.0 -2.0 -3.0 -3.0 0.0 -3.0 -3.0 -3.0 -1.0 -2.0 -1.0 0.0 -2.0 0.0 -3.0 -2.0 -3.0 -2.0 0.0 -2.0 -2.0 0.0 0.0 0.0 -1.0 -3.0 -1.0 0.0 -3.0 -1.0 -2.0 -3.0 -2.0 -3.0 -3.0 -3.0 -3.0 -2.0 -1.0 0.0 -2.0 -1.0 -3.0 0.0 -3.0 -3.0 -2.0 0.0 178.0 0.0 -2.0 0.0 -1.0 -1.0 0.0 -3.0 0.0 0.0 -1.0 -2.0 -1.0 0.0 -1.0 0.0 -2.0 -2.0 -1.0 -3.0 -2.0 -2.0 -3.0 -2.0 -3.0 -1.0 -3.0 -1.0 -2.0 -2.0 -2.0 0.0 0.0 -3.0 -2.0 0.0 -1.0 
-3.0 -2.0 0.0 -3.0 0.0 -1.0 -3.0 -3.0 -1.0 -2.0 -3.0 -2.0 -3.0 -1.0 -3.0 -3.0 -1.0 -1.0 0.0 0.0 0.0 0.0 0.0 0.0 -2.0 -2.0 -1.0 -3.0 -1.0 -1.0 -3.0 0.0 -2.0 -2.0 -2.0 -1.0 -1.0 -1.0 -3.0 -3.0 0.0 -1.0 -1.0 0.0 -1.0 -2.0 0.0 -1.0 -2.0 -1.0 -3.0 -3.0 0.0 0.0 -1.0 -1.0 0.0 -1.0 0.0 -3.0 -3.0 0.0 -1.0 0.0 -3.0 -3.0 0.0 -1.0 -3.0 -3.0 -3.0 -3.0 -3.0 -3.0 -3.0 -3.0 -3.0 -3.0 -3.0 186.0 -3.0 -2.0 -3.0 -3.0 0.0 -2.0 -1.0 -1.0 -1.0 -3.0 -1.0 -2.0 -1.0 -2.0 0.0 -1.0 -1.0 -1.0 -2.0 -1.0 -2.0 -1.0 -3.0 0.0 -3.0 -3.0 -3.0 -1.0 -2.0 -2.0 -2.0 0.0 -2.0 -2.0 -1.0 
-2.0 -2.0 -3.0 0.0 -1.0 -3.0 -2.0 -2.0 -3.0 -2.0 -2.0 -2.0 0.0 -3.0 -1.0 -3.0 -3.0 -1.0 -3.0 -2.0 -1.0 0.0 -2.0 -2.0 -3.0 -1.0 -3.0 -2.0 -3.0 0.0 -1.0 -1.0 0.0 0.0 -2.0 -3.0 -1.0 -2.0 -3.0 -2.0 -3.0 -1.0 -1.0 0.0 0.0 -2.0 -3.0 0.0 -2.0 0.0 -1.0 -2.0 -1.0 -1.0 -2.0 -1.0 -2.0 0.0 0.0 -3.0 -2.0 -1.0 -3.0 -3.0 -3.0 -3.0 -1.0 -1.0 -2.0 -1.0 -1.0 -2.0 -3.0 -1.0 0.0 -1.0 -3.0 -2.0 0.0 -2.0 179.0 0.0 -1.0 -3.0 -3.0 -3.0 0.0 0.0 0.0 0.0 -1.0 -3.0 0.0 -3.0 -2.0 -1.0 0.0 0.0 0.0 -1.0 -1.0 -3.0 -1.0 -3.0 -1.0 0.0 -3.0 -1.0 -2.0 0.0 -3.0 -3.0 -3.0 -1.0 -1.0 
-3.0 -1.0 -1.0 -1.0 -1.0 -2.0 0.0 0.0 -3.0 -3.0 0.0 0.0 -1.0 -3.0 -1.0 -1.0 -2.0 -2.0 -1.0 -1.0 -2.0 -1.0 -2.0 -1.0 -2.0 -3.0 -2.0 -2.0 0.0 0.0 -2.0 -2.0 0.0 0.0 0.0 -1.0 -2.0 0.0 -2.0 -3.0 0.0 -1.0 0.0 -2.0 0.0 -1.0 -1.0 -2.0 -1.0 -1.0 0.0 -2.0 -1.0 0.0 -3.0 -2.0 0.0 0.0 -1.0 0.0 -2.0 0.0 -1.0 0.0 0.0 -2.0 -3.0 -2.0 -3.0 -2.0 -2.0 -3.0 0.0 0.0 -1.0 -2.0 -2.0 -3.0 -2.0 -2.0 -1.0 154.0 -1.0 -2.0 -3.0 0.0 -3.0 -3.0 -3.0 -1.0 0.0 -2.0 -1.0 -3.0 -3.0 -1.0 -3.0 -2.0 -1.0 -2.0 0.0 -1.0 -2.0 0.0 -1.0 -1.0 0.0 -2.0 -1.0 -3.0 0.0 -2.0 0.0 -1.0 -1.0 
-2.0 0.0 -2.0 -3.0 -3.0 -3.0 -1.0 -2.0 -3.0 0.0 -2.0 0.0 -2.0 0.0 -3.0 0.0 -2.0 -2.0 -2.0 0.0 -3.0 -3.0 -1.0 -1.0 0.0 -1.0 -3.0 -3.0 -2.0 -3.0 -3.0 -3.0 -3.0 -2.0 -2.0 -2.0 -2.0 -2.0 0.0 -3.0 -2.0 -1.0 -2.0 -1.0 -1.0 -2.0 0.0 -3.0 -2.0 -2.0 -3.0 0.0 -3.0 -3.0 0.0 -3.0 0.0 0.0 -1.0 -3.0 0.0 -3.0 0.0 0.0 -2.0 -1.0 0.0 -1.0 -2.0 0.0 -1.0 -3.0 -2.0 -2.0 -3.0 -2.0 -3.0 -3.0 -2.0 0.0 -3.0 0.0 183.0 -2.0 -3.0 -2.0 -1.0 -3.0 -3.0 0.0 0.0 -1.0 -1.0 0.0 -3.0 -2.0 0.0 0.0 0.0 -1.0 -1.0 0.0 0.0 -2.0 -1.0 -3.0 0.0 -3.0 0.0 -1.0 -3.0 0.0 -3.0 -2.0 -3.0 
0.0 -1.0 -2.0 -1.0 0.0 0.0 0.0 0.0 0.0 -3.0 -2.0 -2.0 -3.0 -2.0 -1.0 -2.0 -2.0 -3.0 0.0 -1.0 -2.0 -3.0 -3.0 -2.0 0.0 0.0 -1.0 -1.0 -1.0 -1.0 0.0 0.0 -2.0 -2.0 -2.0 0.0 -2.0 0.0 -2.0 -3.0 -2.0 -2.0 -2.0 0.0 0.0 -3.0 -2.0 -2.0 -3.0 0.0 0.0 -1.0 -1.0 0.0 -3.0 -2.0 -1.0 -2.0 -1.0 -3.0 -1.0 -1.0 -1.0 -3.0 -2.0 -1.0 -3.0 -1.0 -3.0 -3.0 0.0 -2.0 0.0 -3.0 -2.0 -2.0 -3.0 0.0 -3.0 -1.0 0.0 0.0 -1.0 145.0 -1.0 0.0 -1.0 -1.0 -3.0 -1.0 0.0 -1.0 -1.0 -2.0 0.0 0.0 -1.0 -3.0 0.0 0.0 0.0 0.0 -3.0 0.0 0.0 -3.0 0.0 0.0 -1.0 -1.0 -2.0 0.0 -2.0 0.0 0.0 
-2.0 -2.0 -2.0 -1.0 -3.0 0.0 -3.0 -2.0 -3.0 -2.0 -1.0 -1.0 -3.0 -1.0 -1.0 -2.0 -1.0 -1.0 0.0 -2.0 -1.0 -1.0 0.0 -3.0 -3.0 -3.0 -3.0 -3.0 -2.0 -2.0 0.0 0.0 -2.0 -1.0 -2.0 -3.0 0.0 -3.0 -1.0 -2.0 -2.0 -3.0 0.0 0.0 -2.0 -1.0 0.0 -3.0 -1.0 -2.0 0.0 -2.0 -2.0 -2.0 -2.0 -3.0 -2.0 -3.0 -2.0 -2.0 -2.0 -3.0 -1.0 -1.0 -3.0 -3.0 -2.0 -3.0 -2.0 -1.0 0.0 0.0 0.0 -1.0 0.0 -1.0 0.0 0.0 -2.0 -3.0 -2.0 0.0 -1.0 0.0 185.0 -2.0 -1.0 -3.0 -1.0 -2.0 -2.0 -3.0 -1.0 -3.0 -1.0 0.0 0.0 -3.0 -2.0 -2.0 -1.0 -1.0 -2.0 0.0 -2.0 -1.0 -3.0 -2.0 0.0 -3.0 -2.0 -3.0 -2.0 -2.0 -2.0 
-1.0 0.0 -2.0 -2.0 -1.0 -1.0 0.0 -2.0 -2.0 0.0 -2.0 -2.0 0.0 -3.0 -3.0 0.0 -3.0 -1.0 0.0 -3.0 0.0 -1.0 -2.0 -1.0 -2.0 -2.0 -1.0 -2.0 0.0 -3.0 -2.0 0.0 -3.0 -1.0 -1.0 0.0 -2.0 -2.0 -2.0 -1.0 -1.0 -3.0 -1.0 -1.0 -2.0 -3.0 -3.0 0.0 -1.0 -2.0 -3.0 -1.0 0.0 0.0 -3.0 -3.0 -2.0 -2.0 -2.0 -1.0 0.0 -2.0 0.0 -3.0 -1.0 0.0 -2.0 0.0 -1.0 -3.0 -3.0 0.0 -3.0 0.0 -1.0 -2.0 -1.0 0.0 -2.0 -2.0 0.0 0.0 0.0 0.0 0.0 156.0 -1.0 0.0 0.0 -1.0 -2.0 -3.0 0.0 -2.0 -3.0 0.0 -1.0 -3.0 0.0 -2.0 -1.0 -3.0 -1.0 0.0 -3.0 -2.0 0.0 -3.0 -1.0 -2.0 -2.0 -1.0 -2.0 0.0 -1.0 
0.0 -3.0 -2.0 0.0 -1.0 -3.0 0.0 -3.0 -2.0 0.0 -1.0 -2.0 0.0 -1.0 -1.0 -2.0 0.0 -1.0 -2.0 -2.0 -3.0 -2.0 -1.0 -2.0 0.0 -3.0 0.0 -1.0 0.0 -3.0 -2.0 -3.0 -3.0 -1.0 -3.0 0.0 -3.0 -1.0 -3.0 0.0 -3.0 0.0 -3.0 -1.0 -2.0 -3.0 -1.0 -3.0 -1.0 0.0 -2.0 -2.0 0.0 -2.0 -2.0 0.0 0.0 -2.0 0.0 -3.0 -1.0 -1.0 -1.0 -2.0 0.0 -1.0 -2.0 -2.0 -2.0 -3.0 -3.0 -3.0 -1.0 -3.0 -3.0 -3.0 -2.0 -3.0 -3.0 -2.0 -2.0 0.0 -1.0 -1.0 -1.0 -3.0 174.0 -1.0 -1.0 0.0 -1.0 -1.0 -2.0 0.0 -2.0 -1.0 -2.0 -3.0 0.0 -1.0 0.0 0.0 0.0 -1.0 -3.0 -2.0 -1.0 -3.0 0.0 -2.0 -2.0 -1.0 -3.0 0.0 -2.0 
0.0 -3.0 -1.0 -2.0 0.0 0.0 -2.0 -3.0 -3.0 0.0 -1.0 -2.0 -3.0 -1.0 -1.0 -2.0 -1.0 0.0 -3.0 0.0 -2.0 -3.0 -1.0 0.0 -1.0 -2.0 -2.0 -1.0 -3.0 -3.0 -1.0 -3.0 -3.0 0.0 0.0 -1.0 -1.0 -2.0 0.0 -2.0 -3.0 -2.0 -2.0 0.0 -3.0 -3.0 0.0 -1.0 -2.0 -3.0 -1.0 0.0 0.0 -3.0 0.0 0.0 0.0 -1.0 0.0 -1.0 -3.0 -2.0 0.0 -3.0 -2.0 -1.0 -3.0 -1.0 0.0 -2.0 0.0 -3.0 -2.0 -1.0 -3.0 -2.0 -1.0 -2.0 0.0 -3.0 -2.0 0.0 0.0 -1.0 -1.0 -2.0 0.0 169.0 -3.0 -1.0 -1.0 -3.0 -1.0 -2.0 -2.0 -3.0 -1.0 -1.0 -3.0 -3.0 -2.0 0.0 -2.0 -3.0 0.0 -2.0 -2.0 0.0 0.0 -1.0 0.0 -3.0 -1.0 -2.0 -3.0 
-2.0 -2.0 -3.0 -2.0 -1.0 0.0 -1.0 -3.0 0.0 -3.0 -1.0 0.0 -1.0 0.0 -1.0 -1.0 0.0 -1.0 0.0 -3.0 -1.0 -1.0 -3.0 0.0 -1.0 -2.0 -2.0 -1.0 0.0 0.0 -1.0 0.0 -1.0 -1.0 -3.0 -3.0 -2.0 -3.0 -2.0 0.0 0.0 0.0 -3.0 -3.0 -3.0 -2.0 -3.0 -2.0 0.0 -1.0 -3.0 -3.0 0.0 -1.0 -1.0 -2.0 -1.0 0.0 0.0 -2.0 -3.0 -1.0 -1.0 -3.0 -3.0 -1.0 0.0 -3.0 0.0 -3.0 -3.0 -2.0 -1.0 -3.0 0.0 -2.0 0.0 -1.0 -3.0 0.0 -1.0 -1.0 -3.0 -3.0 0.0 0.0 -1.0 -3.0 169.0 0.0 -1.0 0.0 -2.0 0.0 -3.0 -1.0 0.0 -3.0 -3.0 -2.0 -3.0 -3.0 0.0 -2.0 -3.0 -3.0 -2.0 -2.0 0.0 -2.0 -3.0 -1.0 0.0 -1.0 -2.0 
-2.0 0.0 -1.0 -3.0 0.0 -3.0 -3.0 -3.0 -1.0 -2.0 0.0 -2.0 -3.0 -1.0 -1.0 -1.0 -1.0 0.0 -3.0 0.0 0.0 -2.0 -3.0 -1.0 -3.0 -2.0 -3.0 0.0 -2.0 -1.0 -2.0 0.0 0.0 0.0 0.0 -3.0 -3.0 -1.0 0.0 -2.0 -3.0 -2.0 -2.0 0.0 -3.0 -1.0 0.0 -1.0 0.0 0.0 -2.0 -2.0 -1.0 -3.0 -2.0 -2.0 -1.0 -2.0 -2.0 -2.0 -2.0 0.0 -1.0 -3.0 -3.0 -1.0 -3.0 0.0 -3.0 -3.0 -3.0 0.0 0.0 0.0 -1.0 -2.0 -2.0 -1.0 -2.0 -1.0 -3.0 -1.0 -1.0 -3.0 -3.0 -1.0 0.0 -3.0 0.0 169.0 -3.0 -1.0 0.0 -1.0 -1.0 -2.0 0.0 0.0 -1.0 0.0 -3.0 -2.0 0.0 -2.0 -3.0 -1.0 -2.0 -3.0 0.0 -1.0 0.0 -3.0 0.0 -3.0 -2.0 
-1.0 0.0 -3.0 -3.0 -2.0 0.0 0.0 -1.0 -2.0 -1.0 -1.0 -2.0 -2.0 -2.0 -1.0 -3.0 -2.0 -2.0 -1.0 0.0 -2.0 -3.0 -1.0 -2.0 -1.0 -2.0 -1.0 -3.0 -1.0 0.0 -1.0 -2.0 -3.0 -1.0 -2.0 0.0 -1.0 -3.0 -3.0 -3.0 0.0 -2.0 -1.0 -3.0 -1.0 -2.0 -1.0 0.0 0.0 -2.0 -2.0 -2.0 -2.0 -1.0 -3.0 -3.0 -1.0 -3.0 -1.0 -1.0 -1.0 -3.0 -1.0 -1.0 -3.0 0.0 0.0 0.0 -1.0 0.0 -2.0 -3.0 -2.0 0.0 -1.0 -2.0 -1.0 -1.0 0.0 -3.0 -2.0 -3.0 0.0 0.0 -1.0 -2.0 -1.0 -3.0 -3.0 -1.0 178.0 -3.0 -3.0 -3.0 -1.0 -1.0 -2.0 -2.0 -1.0 -3.0 -3.0 -1.0 0.0 0.0 0.0 -3.0 -2.0 -1.0 -1.0 -3.0 -3.0 0.0 0.0 -3.0 -3.0 
0.0 -2.0 -1.0 -3.0 -2.0 0.0 -2.0 0.0 -2.0 -3.0 -2.0 0.0 -2.0 0.0 -2.0 -1.0 -2.0 0.0 -2.0 -2.0 -2.0 -2.0 -3.0 0.0 -3.0 -3.0 0.0 -1.0 -3.0 0.0 -3.0 -3.0 0.0 -1.0 -2.0 0.0 0.0 -3.0 -2.0 -2.0 -2.0 -2.0 0.0 -1.0 -1.0 -1.0 -1.0 -2.0 0.0 -2.0 -3.0 0.0 0.0 -2.0 0.0 0.0 -2.0 0.0 -3.0 -1.0 -3.0 -1.0 -3.0 0.0 -2.0 -3.0 -3.0 -2.0 -1.0 -3.0 -1.0 -3.0 -3.0 -2.0 -2.0 0.0 -1.0 -1.0 -3.0 -3.0 0.0 -2.0 -1.0 -1.0 -2.0 0.0 -3.0 -2.0 0.0 -2.0 0.0 170.0 -3.0 0.0 -1.0 -1.0 -1.0 -2.0 0.0 -1.0 -3.0 -1.0 -1.0 -3.0 0.0 -2.0 -3.0 -1.0 -1.0 0.0 -1.0 -2.0 -2.0 -3.0 -1.0 
-3.0 0.0 -2.0 -1.0 -1.0 -1.0 -1.0 -3.0 0.0 0.0 -3.0 -1.0 0.0 -2.0 -1.0 0.0 -3.0 -2.0 -1.0 -1.0 -2.0 -2.0 -1.0 -2.0 -1.0 -3.0 -3.0 -2.0 -3.0 -2.0 -2.0 0.0 -1.0 0.0 -2.0 0.0 -2.0 -2.0 -1.0 -3.0 -1.0 0.0 -2.0 -2.0 -2.0 0.0 -2.0 -2.0 0.0 -1.0 -2.0 -1.0 -2.0 -1.0 -3.0 -1.0 -1.0 0.0 -2.0 -3.0 0.0 -1.0 -3.0 -3.0 -3.0 -3.0 -1.0 0.0 -3.0 -2.0 -3.0 -2.0 -1.0 0.0 -2.0 0.0 -3.0 -3.0 -3.0 -1.0 0.0 -1.0 -1.0 -3.0 -2.0 -1.0 -1.0 -3.0 -3.0 -3.0 -2.0 -3.0 188.0 -2.0 -1.0 0.0 -3.0 -2.0 -3.0 -3.0 -3.0 -1.0 -3.0 -3.0 -1.0 -2.0 0.0 -3.0 0.0 -2.0 -3.0 -2.0 0.0 -1.0 -2.0 
-2.0 -3.0 -1.0 -3.0 -1.0 -1.0 0.0 -1.0 0.0 0.0 -3.0 -2.0 0.0 0.0 -1.0 -1.0 0.0 -3.0 -1.0 -1.0 0.0 -3.0 -3.0 -2.0 -3.0 -1.0 -2.0 -2.0 -2.0 -1.0 -1.0 -2.0 -2.0 0.0 0.0 -2.0 -3.0 -1.0 0.0 -2.0 -2.0 0.0 0.0 -2.0 0.0 -2.0 -1.0 -1.0 -2.0 -3.0 0.0 0.0 -3.0 0.0 0.0 -1.0 0.0 -1.0 -1.0 -1.0 -2.0 -3.0 -3.0 -1.0 -3.0 0.0 0.0 0.0 0.0 -1.0 0.0 -2.0 -2.0 -3.0 -2.0 -2.0 0.0 -3.0 -1.0 -2.0 -1.0 -2.0 -1.0 -2.0 -2.0 -2.0 -1.0 0.0 -1.0 -1.0 -3.0 0.0 -3.0 169.0 -2.0 -3.0 -3.0 -1.0 -3.0 -3.0 -3.0 -1.0 -3.0 -3.0 -2.0 -3.0 -2.0 -3.0 -1.0 -3.0 0.0 0.0 -3.0 -2.0 0.0 
0.0 -3.0 0.0 -2.0 -3.0 -1.0 0.0 -2.0 -3.0 0.0 -3.0 -1.0 -1.0 -2.0 0.0 -2.0 0.0 -2.0 -1.0 0.0 -2.0 -1.0 0.0 -1.0 0.0 -1.0 0.0 -1.0 -3.0 -1.0 0.0 -1.0 -3.0 -3.0 -3.0 -2.0 -2.0 -2.0 -2.0 -1.0 -3.0 -2.0 0.0 -2.0 -2.0 -3.0 -1.0 -2.0 -1.0 -1.0 -3.0 -3.0 -2.0 -3.0 0.0 -2.0 -3.0 -1.0 -2.0 -1.0 -3.0 -1.0 -2.0 0.0 -3.0 0.0 -3.0 -1.0 -1.0 0.0 -2.0 0.0 -3.0 -1.0 -2.0 0.0 -2.0 -2.0 -1.0 -3.0 -1.0 -1.0 -1.0 -1.0 -3.0 -2.0 -2.0 -1.0 0.0 0.0 -3.0 -3.0 -1.0 -1.0 172.0 -3.0 -3.0 0.0 -1.0 -3.0 -3.0 -1.0 -2.0 0.0 -2.0 -1.0 0.0 0.0 0.0 -3.0 -2.0 -2.0 -2.0 0.0 -2.0 
0.0 -1.0 -2.0 0.0 -2.0 0.0 0.0 -1.0 0.0 -2.0 0.0 -3.0 -2.0 0.0 -3.0 -1.0 -3.0 -1.0 -1.0 -2.0 -3.0 -1.0 -3.0 0.0 -1.0 -3.0 -3.0 0.0 0.0 -3.0 -3.0 -1.0 -3.0 -3.0 -2.0 0.0 -1.0 -2.0 -3.0 -1.0 -3.0 -2.0 -3.0 -3.0 -2.0 -2.0 -3.0 0.0 -2.0 -1.0 -3.0 -3.0 -1.0 0.0 0.0 -2.0 -3.0 -1.0 -1.0 0.0 -2.0 -2.0 -1.0 -3.0 -2.0 0.0 -1.0 -2.0 0.0 0.0 0.0 -2.0 -2.0 0.0 -2.0 0.0 -3.0 -1.0 0.0 -2.0 -1.0 -1.0 -1.0 -1.0 -1.0 0.0 0.0 -2.0 -1.0 0.0 0.0 -2.0 -2.0 -1.0 0.0 158.0 0.0 -1.0 0.0 -2.0 -3.0 -2.0 -1.0 -3.0 0.0 -1.0 -2.0 0.0 -2.0 -2.0 -1.0 0.0 -2.0 -3.0 0.0 
0.0 0.0 -3.0 -1.0 -3.0 0.0 -2.0 -2.0 0.0 -2.0 -3.0 -2.0 0.0 -2.0 -3.0 -3.0 0.0 -1.0 -2.0 -1.0 -2.0 -2.0 0.0 -1.0 -2.0 -1.0 -1.0 -2.0 -1.0 0.0 -1.0 -1.0 -3.0 -1.0 -2.0 -2.0 -1.0 0.0 -2.0 0.0 -1.0 -3.0 0.0 -2.0 -3.0 -1.0 -3.0 -1.0 -1.0 -3.0 -3.0 -2.0 -3.0 0.0 -3.0 0.0 0.0 -2.0 -1.0 -3.0 -3.0 -3.0 0.0 -2.0 -1.0 -1.0 -3.0 -2.0 -1.0 0.0 -2.0 -1.0 -3.0 -2.0 -3.0 -1.0 -3.0 -3.0 -3.0 -1.0 -3.0 -2.0 -1.0 -2.0 -2.0 -1.0 -2.0 0.0 -2.0 0.0 -3.0 0.0 0.0 0.0 0.0 -3.0 181.0 -1.0 -3.0 0.0 0.0 -1.0 -3.0 -3.0 -3.0 0.0 -2.0 -2.0 -2.0 -2.0 -3.0 -2.0 -2.0 -1.0 -2.0 
-1.0 0.0 -3.0 0.0 0.0 -2.0 -1.0 0.0 -3.0 -1.0 -3.0 0.0 -3.0 -1.0 -2.0 -3.0 -3.0 -3.0 -2.0 -2.0 -1.0 -3.0 -3.0 0.0 -3.0 -3.0 -1.0 -2.0 -1.0 -3.0 -3.0 -2.0 -2.0 0.0 0.0 -2.0 0.0 0.0 -1.0 -3.0 -3.0 -1.0 -1.0 -1.0 -1.0 0.0 -3.0 -1.0 -1.0 -1.0 -2.0 -1.0 -3.0 -2.0 -2.0 -3.0 -3.0 0.0 -3.0 -3.0 -3.0 -3.0 -3.0 0.0 -3.0 -2.0 -1.0 0.0 -3.0 -2.0 -3.0 -3.0 -3.0 0.0 -3.0 -2.0 -3.0 -2.0 -1.0 -3.0 -3.0 -1.0 -1.0 -2.0 -1.0 -3.0 0.0 -2.0 -3.0 -2.0 -1.0 0.0 -1.0 -2.0 -1.0 -3.0 -3.0 200.0 -3.0 -2.0 -2.0 -3.0 -1.0 -3.0 0.0 0.0 0.0 -3.0 -2.0 -1.0 -2.0 0.0 -1.0 -2.0 -2.0 
0.0 -1.0 -3.0 -2.0 -3.0 0.0 0.0 -2.0 -1.0 -1.0 -2.0 -1.0 -3.0 -3.0 -2.0 -1.0 0.0 -3.0 0.0 0.0 -3.0 -3.0 -2.0 0.0 -1.0 0.0 -1.0 -3.0 -3.0 -2.0 -2.0 -3.0 -1.0 -2.0 -1.0 -3.0 -3.0 -1.0 0.0 -1.0 -1.0 -1.0 -2.0 -3.0 -3.0 0.0 -1.0 -1.0 -3.0 -1.0 -1.0 0.0 -3.0 0.0 -1.0 0.0 -1.0 -2.0 0.0 -3.0 -3.0 -1.0 -2.0 -3.0 -3.0 -1.0 -1.0 -2.0 0.0 -2.0 -1.0 -2.0 -3.0 -1.0 -2.0 -2.0 -2.0 -3.0 0.0 -2.0 0.0 -1.0 -3.0 -1.0 -3.0 -2.0 -1.0 -1.0 -2.0 -2.0 -2.0 0.0 -2.0 -1.0 -1.0 -1.0 -3.0 -3.0 178.0 -1.0 -2.0 -3.0 -1.0 0.0 -1.0 -2.0 0.0 -3.0 -3.0 0.0 0.0 -2.0 -1.0 -2.0 -2.0 
0.0 -2.0 -3.0 -1.0 -3.0 0.0 -3.0 -1.0 -2.0 -2.0 -3.0 0.0 -1.0 -1.0 0.0 -2.0 -3.0 0.0 -2.0 -3.0 -2.0 0.0 0.0 -1.0 -2.0 -1.0 -2.0 0.0 -2.0 -1.0 0.0 -3.0 -3.0 0.0 -2.0 -2.0 -2.0 0.0 -3.0 -3.0 -2.0 0.0 -1.0 -3.0 -3.0 -2.0 0.0 -3.0 -2.0 -1.0 -1.0 0.0 -3.0 -2.0 -1.0 -2.0 -2.0 -3.0 0.0 -1.0 -2.0 0.0 -1.0 0.0 -2.0 0.0 -3.0 0.0 -1.0 -3.0 -2.0 -2.0 -2.0 -2.0 -3.0 -3.0 -2.0 -2.0 -1.0 0.0 -3.0 -3.0 0.0 -1.0 -3.0 0.0 -2.0 0.0 -3.0 -1.0 -1.0 -2.0 0.0 -3.0 -1.0 -3.0 -3.0 -3.0 -3.0 185.0 -2.0 -1.0 -3.0 -2.0 -1.0 -3.0 -3.0 -2.0 -2.0 0.0 0.0 -3.0 -2.0 -2.0 0.0 
-3.0 -1.0 -1.0 -3.0 -2.0 0.0 0.0 -3.0 -2.0 -2.0 0.0 0.0 -3.0 -2.0 -1.0 -2.0 0.0 -2.0 0.0 -2.0 -3.0 -1.0 -3.0 -2.0 0.0 -3.0 -3.0 0.0 0.0 -1.0 -3.0 0.0 -3.0 0.0 -2.0 -2.0 -1.0 -3.0 -2.0 -1.0 -1.0 -2.0 -1.0 0.0 -3.0 0.0 -2.0 -3.0 0.0 -3.0 -3.0 -2.0 0.0 -1.0 0.0 -2.0 0.0 -1.0 -3.0 -2.0 -1.0 -3.0 0.0 -1.0 -3.0 0.0 -1.0 -1.0 -2.0 -1.0 -1.0 -1.0 0.0 -1.0 -1.0 -3.0 -2.0 0.0 0.0 -2.0 -2.0 -3.0 -3.0 0.0 0.0 -1.0 0.0 -2.0 -2.0 -1.0 -1.0 -3.0 -3.0 0.0 -3.0 -1.0 0.0 -2.0 -2.0 0.0 156.0 0.0 -3.0 -2.0 0.0 0.0 -1.0 0.0 0.0 -3.0 -1.0 -1.0 -1.0 0.0 0.0 
-2.0 0.0 0.0 -1.0 0.0 -2.0 -1.0 -1.0 -3.0 0.0 -2.0 -2.0 -3.0 -3.0 -2.0 -1.0 0.0 -2.0 -2.0 -1.0 -1.0 -2.0 -2.0 0.0 -3.0 -2.0 -2.0 -1.0 -1.0 -1.0 -1.0 0.0 -3.0 -1.0 -3.0 -1.0 -2.0 -2.0 -2.0 -3.0 -1.0 -3.0 0.0 -3.0 0.0 0.0 -1.0 -3.0 -3.0 -1.0 -3.0 -1.0 -2.0 -2.0 -1.0 0.0 0.0 -1.0 0.0 -2.0 -3.0 -3.0 -3.0 0.0 0.0 0.0 0.0 -2.0 -1.0 -2.0 -1.0 -3.0 0.0 -1.0 -3.0 -2.0 -3.0 0.0 0.0 0.0 -1.0 0.0 -1.0 -1.0 -1.0 0.0 -2.0 0.0 -1.0 -2.0 -2.0 0.0 -1.0 -2.0 0.0 0.0 -1.0 -2.0 -1.0 -2.0 -1.0 150.0 -1.0 -1.0 0.0 -1.0 -1.0 -1.0 -3.0 0.0 -1.0 -2.0 -3.0 0.0 0.0 
0.0 -1.0 -3.0 -2.0 0.0 -2.0 -1.0 -3.0 -2.0 -1.0 0.0 -1.0 -3.0 -1.0 0.0 0.0 -2.0 -1.0 -2.0 -1.0 -3.0 -3.0 -3.0 -1.0 0.0 0.0 -2.0 0.0 -1.0 0.0 -3.0 0.0 -1.0 -3.0 -1.0 -1.0 -2.0 0.0 -2.0 -1.0 -2.0 -3.0 0.0 -1.0 -2.0 0.0 -1.0 -3.0 -1.0 -2.0 -3.0 0.0 0.0 -3.0 -3.0 0.0 0.0 -3.0 -1.0 -3.0 -2.0 -3.0 0.0 -3.0 -3.0 -2.0 -3.0 -2.0 -3.0 0.0 -1.0 -3.0 0.0 -3.0 -3.0 -1.0 -3.0 -2.0 -2.0 -3.0 -1.0 -3.0 -1.0 -1.0 -1.0 0.0 -1.0 -3.0 -1.0 -2.0 -3.0 -3.0 -1.0 0.0 -3.0 -2.0 -1.0 0.0 -2.0 -1.0 -2.0 -1.0 177.0 -2.0 -2.0 -2.0 -1.0 -2.0 -1.0 -2.0 -1.0 -2.0 0.0 -2.0 -1.0 
-1.0 -2.0 0.0 0.0 0.0 0.0 -2.0 -1.0 -2.0 -3.0 -3.0 -2.0 -3.0 0.0 0.0 -2.0 -1.0 -3.0 0.0 -3.0 -2.0 0.0 -1.0 -1.0 0.0 -2.0 -2.0 -3.0 0.0 -3.0 0.0 -2.0 -1.0 -3.0 -1.0 -1.0 -3.0 -2.0 -1.0 -1.0 0.0 0.0 -3.0 -2.0 0.0 -1.0 -3.0 -2.0 -1.0 0.0 -2.0 0.0 -1.0 -3.0 -1.0 -1.0 -1.0 -2.0 -2.0 -2.0 0.0 -3.0 -1.0 -3.0 -1.0 -2.0 0.0 -1.0 -1.0 -3.0 -2.0 -1.0 -2.0 0.0 -1.0 -1.0 -3.0 -2.0 -2.0 0.0 0.0 -1.0 -3.0 -3.0 -2.0 -1.0 -3.0 -3.0 -1.0 -3.0 0.0 -2.0 -2.0 -3.0 -1.0 -3.0 -3.0 0.0 -2.0 -3.0 -1.0 -2.0 0.0 170.0 0.0 -1.0 -2.0 -2.0 0.0 0.0 -2.0 0.0 -3.0 -3.0 -2.0 
0.0 0.0 -3.0 -3.0 -1.0 -2.0 -2.0 -2.0 -3.0 -1.0 0.0 -2.0 -1.0 -2.0 -3.0 -1.0 0.0 -1.0 -2.0 0.0 -2.0 -2.0 0.0 0.0 0.0 -2.0 0.0 0.0 -2.0 -1.0 0.0 -2.0 -2.0 0.0 -3.0 -3.0 0.0 -3.0 -3.0 -1.0 -1.0 -2.0 -2.0 -1.0 -2.0 0.0 -1.0 -1.0 0.0 -1.0 -3.0 -3.0 -1.0 -3.0 -3.0 -1.0 0.0 -3.0 -3.0 -2.0 -2.0 -3.0 -3.0 -3.0 -1.0 -3.0 0.0 -2.0 0.0 0.0 0.0 -3.0 -1.0 -1.0 0.0 -3.0 -1.0 -2.0 -2.0 -2.0 -3.0 -3.0 -1.0 0.0 -1.0 -2.0 0.0 0.0 -1.0 0.0 -3.0 0.0 -1.0 -2.0 -1.0 -3.0 -1.0 -3.0 -1.0 -3.0 0.0 -2.0 -3.0 -3.0 179.0 -3.0 -3.0 -3.0 -2.0 -2.0 0.0 0.0 -3.0 -3.0 -3.0 
-2.0 -1.0 -1.0 -2.0 -3.0 -3.0 -1.0 -2.0 -3.0 -1.0 -1.0 -2.0 -1.0 0.0 -3.0 -3.0 -1.0 -1.0 0.0 -3.0 0.0 0.0 0.0 -3.0 -2.0 -1.0 -1.0 -2.0 -1.0 -1.0 0.0 -1.0 -3.0 -2.0 0.0 -3.0 0.0 -3.0 -3.0 -3.0 -2.0 -2.0 -2.0 0.0 0.0 -2.0 -2.0 -2.0 -2.0 -2.0 -1.0 -1.0 -2.0 -1.0 0.0 -3.0 -1.0 -1.0 -1.0 -2.0 -1.0 -2.0 -2.0 -3.0 -1.0 -2.0 -3.0 -3.0 -3.0 -1.0 -1.0 0.0 -3.0 -2.0 0.0 -3.0 0.0 -1.0 0.0 -3.0 -2.0 -2.0 -3.0 -2.0 -3.0 -1.0 0.0 -3.0 -1.0 -2.0 -1.0 -3.0 0.0 0.0 -2.0 -3.0 -1.0 -3.0 -2.0 -3.0 0.0 -2.0 -3.0 -2.0 -2.0 187.0 -2.0 -2.0 0.0 -3.0 0.0 0.0 -3.0 -2.0 -3.0 
0.0 0.0 0.0 -3.0 -3.0 0.0 -2.0 0.0 -1.0 -3.0 0.0 0.0 -2.0 -2.0 -1.0 -2.0 0.0 -1.0 -2.0 -1.0 -1.0 -1.0 -3.0 0.0 -3.0 -1.0 -3.0 -1.0 -2.0 0.0 -3.0 0.0 -1.0 -2.0 0.0 -3.0 -1.0 -1.0 -1.0 -3.0 -1.0 -2.0 -1.0 -1.0 0.0 0.0 -2.0 -2.0 0.0 0.0 -1.0 0.0 -3.0 0.0 -3.0 0.0 -2.0 -3.0 -1.0 -3.0 -2.0 -2.0 -2.0 -1.0 -1.0 -1.0 0.0 -1.0 -1.0 0.0 0.0 -1.0 0.0 -2.0 -1.0 0.0 -1.0 -1.0 -3.0 -1.0 -3.0 0.0 -2.0 0.0 0.0 -2.0 -3.0 -1.0 0.0 -2.0 -3.0 -1.0 -1.0 0.0 -1.0 -2.0 -1.0 -3.0 -3.0 0.0 -1.0 -2.0 -1.0 -2.0 -2.0 -3.0 148.0 -2.0 0.0 -2.0 -3.0 0.0 -1.0 -2.0 0.0 
0.0 -3.0 -1.0 -2.0 -1.0 -3.0 -3.0 -2.0 -3.0 -1.0 -1.0 -3.0 0.0 0.0 -1.0 -3.0 -3.0 0.0 -3.0 -1.0 -1.0 -3.0 -2.0 -3.0 -3.0 0.0 -3.0 -1.0 -1.0 -3.0 0.0 -2.0 -2.0 -2.0 0.0 0.0 -1.0 -2.0 -2.0 0.0 -3.0 -3.0 0.0 -1.0 -3.0 -3.0 -2.0 -2.0 -3.0 0.0 -2.0 -1.0 -2.0 -3.0 -3.0 -1.0 0.0 -1.0 -3.0 -3.0 -3.0 -3.0 -2.0 -3.0 -1.0 -1.0 -3.0 0.0 -1.0 -1.0 -2.0 -2.0 -1.0 0.0 0.0 0.0 -1.0 0.0 -1.0 0.0 0.0 -3.0 -2.0 -2.0 0.0 -3.0 -1.0 -1.0 -3.0 -3.0 -2.0 0.0 -3.0 -1.0 -3.0 -1.0 -3.0 -1.0 -2.0 -1.0 -1.0 -1.0 0.0 -1.0 -3.0 -2.0 -1.0 182.0 0.0 -3.0 -1.0 -2.0 0.0 -1.0 -2.0 
0.0 -1.0 -1.0 -2.0 -3.0 -2.0 -2.0 -3.0 -3.0 -3.0 -2.0 -2.0 -1.0 -3.0 -1.0 0.0 -2.0 -2.0 -1.0 -2.0 -1.0 -2.0 -3.0 -3.0 -1.0 -2.0 -3.0 -3.0 0.0 -1.0 0.0 -3.0 -3.0 0.0 -1.0 -3.0 -1.0 0.0 -1.0 -3.0 -3.0 -1.0 -1.0 -3.0 -3.0 -1.0 -3.0 -2.0 0.0 0.0 0.0 0.0 -3.0 -3.0 -1.0 -3.0 -3.0 -1.0 0.0 -1.0 0.0 -1.0 -1.0 -1.0 0.0 0.0 0.0 0.0 -2.0 0.0 -1.0 0.0 0.0 -1.0 -2.0 -3.0 -1.0 -3.0 -1.0 -3.0 -3.0 -1.0 -1.0 -3.0 -2.0 0.0 -2.0 -3.0 -3.0 0.0 -3.0 -2.0 -2.0 -1.0 -2.0 -3.0 -2.0 0.0 0.0 -2.0 -2.0 -2.0 0.0 -2.0 -1.0 -3.0 -3.0 -3.0 182.0 -1.0 -2.0 -2.0 -2.0 -1.0 -1.0 
-2.0 0.0 -3.0 -1.0 -2.0 -3.0 -1.0 -2.0 -1.0 -1.0 -1.0 -2.0 -3.0 -1.0 -2.0 -1.0 -3.0 -3.0 0.0 -1.0 -3.0 -1.0 -1.0 -1.0 -2.0 -2.0 0.0 -1.0 -2.0 -2.0 -2.0 -2.0 -3.0 -1.0 -2.0 -2.0 -1.0 -2.0 0.0 -2.0 0.0 -1.0 -3.0 0.0 0.0 0.0 -2.0 -2.0 -2.0 -1.0 -3.0 -3.0 -3.0 -1.0 0.0 0.0 0.0 0.0 -2.0 0.0 -1.0 -3.0 -1.0 -1.0 -2.0 -3.0 -2.0 -2.0 -3.0 -1.0 -2.0 -3.0 -2.0 -1.0 -2.0 -1.0 -3.0 -3.0 -3.0 -3.0 -3.0 -1.0 -3.0 -3.0 -2.0 0.0 0.0 -1.0 -2.0 -1.0 -1.0 -3.0 -1.0 -2.0 -2.0 -3.0 0.0 -2.0 -2.0 -3.0 -2.0 -1.0 -3.0 -3.0 0.0 -2.0 -1.0 0.0 -3.0 190.0 -3.0 -2.0 -1.0 -3.0 -1.0 
-1.0 -3.0 -2.0 -1.0 -1.0 -3.0 -2.0 -1.0 -2.0 -1.0 -1.0 -2.0 0.0 -3.0 0.0 0.0 -3.0 -2.0 0.0 0.0 -1.0 -3.0 0.0 0.0 0.0 -3.0 -1.0 -2.0 -2.0 -2.0 -1.0 -1.0 -3.0 -3.0 -1.0 -1.0 -1.0 -3.0 -1.0 -3.0 0.0 -2.0 -2.0 -2.0 0.0 -1.0 -2.0 -1.0 0.0 0.0 -2.0 -3.0 -1.0 -2.0 -3.0 0.0 -2.0 0.0 -3.0 -3.0 -1.0 0.0 -1.0 -3.0 0.0 -2.0 0.0 0.0 -3.0 -3.0 -1.0 -3.0 -3.0 -1.0 -1.0 -3.0 -1.0 -2.0 0.0 0.0 0.0 -3.0 -3.0 0.0 0.0 -1.0 0.0 -2.0 -2.0 -2.0 -1.0 -1.0 -3.0 -1.0 -2.0 0.0 -1.0 0.0 0.0 -1.0 -2.0 0.0 -2.0 -3.0 0.0 -3.0 -2.0 -3.0 -2.0 -2.0 168.0 -3.0 -2.0 -2.0 -2.0 
-2.0 -2.0 -1.0 -1.0 -1.0 -2.0 -2.0 -1.0 -3.0 0.0 0.0 -1.0 0.0 -3.0 -1.0 -2.0 0.0 -1.0 -3.0 0.0 -3.0 0.0 0.0 -1.0 0.0 -2.0 0.0 -3.0 -1.0 -3.0 -3.0 -1.0 -2.0 -3.0 -3.0 -1.0 -1.0 -1.0 -2.0 -3.0 -1.0 -1.0 0.0 0.0 0.0 0.0 -1.0 0.0 0.0 -1.0 -3.0 -1.0 -1.0 -1.0 0.0 -1.0 0.0 0.0 0.0 -1.0 -3.0 -2.0 -2.0 -3.0 0.0 -3.0 0.0 0.0 -1.0 -2.0 0.0 -1.0 -1.0 -3.0 0.0 -3.0 0.0 0.0 0.0 0.0 -3.0 -1.0 0.0 -1.0 0.0 -2.0 0.0 -2.0 -3.0 -2.0 -3.0 -2.0 -1.0 0.0 -1.0 -3.0 -2.0 -1.0 -1.0 0.0 0.0 -2.0 -3.0 -3.0 -1.0 -2.0 -2.0 -2.0 -1.0 -1.0 -1.0 147.0 -1.0 -3.0 -2.0 
0.0 -3.0 0.0 -2.0 -3.0 0.0 -3.0 -1.0 -2.0 -2.0 -1.0 -2.0 -3.0 0.0 -1.0 0.0 -3.0 0.0 0.0 -1.0 -3.0 0.0 -2.0 -3.0 -1.0 0.0 0.0 -3.0 -3.0 -3.0 -3.0 -2.0 -2.0 0.0 -2.0 -3.0 -1.0 0.0 -2.0 0.0 -3.0 0.0 -3.0 0.0 0.0 -2.0 -2.0 -1.0 -2.0 -1.0 -3.0 -1.0 -2.0 -1.0 -3.0 -2.0 -3.0 -2.0 -3.0 -1.0 -2.0 -1.0 -3.0 0.0 0.0 -2.0 -1.0 -3.0 -2.0 0.0 0.0 -3.0 -1.0 0.0 0.0 0.0 -1.0 -2.0 -1.0 0.0 -1.0 -3.0 -2.0 -3.0 0.0 -2.0 -1.0 -3.0 -3.0 -3.0 -1.0 -1.0 -1.0 -1.0 -1.0 -1.0 0.0 -3.0 -1.0 -1.0 -1.0 -1.0 0.0 -2.0 -3.0 -2.0 -3.0 0.0 -3.0 -2.0 -3.0 0.0 170.0 0.0 -1.0 
-2.0 -3.0 -2.0 -3.0 -1.0 -1.0 -1.0 -2.0 -1.0 -1.0 0.0 -1.0 0.0 -1.0 0.0 0.0 -1.0 -3.0 -3.0 -1.0 -3.0 -3.0 -1.0 -3.0 -1.0 0.0 -2.0 -1.0 0.0 0.0 -2.0 -3.0 -2.0 0.0 -2.0 -3.0 -3.0 -3.0 -1.0 0.0 -3.0 -2.0 -1.0 0.0 -1.0 -2.0 -2.0 -3.0 -1.0 -2.0 -3.0 -1.0 -3.0 0.0 -1.0 -3.0 0.0 -3.0 -2.0 0.0 -2.0 0.0 0.0 -1.0 0.0 -1.0 -3.0 -3.0 0.0 0.0 -1.0 -1.0 -2.0 0.0 0.0 0.0 0.0 0.0 -3.0 -3.0 -1.0 -2.0 -3.0 -1.0 -1.0 0.0 -1.0 -2.0 -1.0 -1.0 -2.0 -3.0 -2.0 -1.0 0.0 -3.0 -3.0 -2.0 -1.0 -1.0 -2.0 -2.0 0.0 -1.0 -3.0 0.0 -3.0 -2.0 0.0 -1.0 -1.0 -1.0 0.0 163.0 -3.0 
0.0 -3.0 -1.0 -1.0 0.0 -1.0 -2.0 0.0 -1.0 -1.0 -3.0 -3.0 -1.0 -1.0 -1.0 -3.0 -1.0 -2.0 0.0 -2.0 -3.0 -1.0 -3.0 -2.0 -1.0 -3.0 -1.0 -1.0 -1.0 0.0 -2.0 -3.0 0.0 -1.0 0.0 -3.0 -1.0 -3.0 -3.0 -1.0 -3.0 -2.0 -1.0 -1.0 -1.0 -2.0 -3.0 0.0 -1.0 -3.0 -1.0 -1.0 0.0 -3.0 0.0 -3.0 -2.0 -1.0 -2.0 -3.0 -1.0 -2.0 -2.0 0.0 -1.0 -1.0 -2.0 0.0 -3.0 0.0 -2.0 -1.0 0.0 -1.0 -2.0 -2.0 -1.0 -3.0 -2.0 -2.0 -1.0 0.0 -2.0 -3.0 -3.0 -2.0 -2.0 -2.0 -1.0 -2.0 -2.0 0.0 -3.0 0.0 -3.0 -3.0 0.0 -2.0 -1.0 -1.0 -1.0 -2.0 -3.0 0.0 -3.0 -3.0 -1.0 -1.0 -2.0 -1.0 -3.0 0.0 -1.0 -1.0 176.0 

-10722.000114 -10690.0 -10170.0 -9021.0 -9995.0 -7977.0 -8549.0 -7787.0 -7910.0 -9187.0 -8708.0 -9117.0 -7656.0 -6682.0 -7738.0 -7280.0 -6478.0 -7292.0 -6206.0 -7181.0 -7444.0 -6116.0 -5607.0 -6050.0 -6805.0 -6331.0 -5303.0 -4676.0 -4013.0 -5111.0 -4482.0 -4771.0 -3940.0 -4518.0 -4497.0 -2863.0 -4004.0 -3299.0 -2530.0 -3154.0 -3805.0 -2911.0 -2748.0 -2220.0 -2291.0 -1969.0 -2321.0 -2334.0 -1340.0 -2115.0 -1460.0 -1072.0 -475.0 -1343.0 -562.0 -805.0 322.0 72.0 873.0 -140.0 129.0 808.0 976.0 1071.0 823.0 1655.0 1673.0 1458.0 1609.0 1930.0 2276.0 2765.0 2982.0 2167.0 2969.0 2523.0 2923.0 3555.0 3922.0 3738.0 4689.0 3516.0 5190.0 4300.0 5178.0 4599.0 5112.0 5020.0 4842.0 5543.0 5757.0 5816.0 5976.0 5391.0 6281.0 6532.0 6761.0 7927.0 7331.0 7432.0 7430.0 7269.0 7652.0 7491.0 7835.0 8753.0 7091.0 9650.0 9538.0 9568.0 8809.0 7810.0 9543.0 9399.0 9939.0 