20.999986 0.0 0.0 -2.0 0.0 -2.0 -1.0 -2.0 -3.0 -3.0 0.0 -2.0 -2.0 -3.0 -1.0 
0.0 19.0 -3.0 -1.0 -2.0 0.0 -1.0 0.0 -3.0 0.0 -3.0 -3.0 -1.0 -2.0 0.0 
0.0 -1.0 15.0 0.0 -1.0 -3.0 -1.0 -2.0 -1.0 0.0 0.0 0.0 0.0 -3.0 -3.0 
-3.0 -1.0 -1.0 17.0 0.0 -2.0 0.0 -2.0 -3.0 -2.0 0.0 -2.0 0.0 0.0 -1.0 
0.0 0.0 0.0 -1.0 15.0 0.0 -1.0 -1.0 -2.0 -3.0 0.0 -1.0 -1.0 -3.0 -2.0 
-1.0 -2.0 -2.0 -1.0 -1.0 24.0 -3.0 0.0 0.0 -3.0 -1.0 -3.0 -3.0 -1.0 -3.0 
-1.0 -1.0 0.0 -2.0 -3.0 0.0 21.0 -3.0 -1.0 -3.0 -3.0 0.0 -2.0 -1.0 -1.0 
0.0 -1.0 -3.0 -3.0 -2.0 -1.0 -3.0 20.0 -1.0 -3.0 0.0 -1.0 0.0 -1.0 -1.0 
0.0 -1.0 -2.0 -3.0 -3.0 -2.0 -1.0 -1.0 25.0 -1.0 -3.0 -3.0 -2.0 -1.0 -2.0 
-3.0 0.0 0.0 -2.0 -3.0 -2.0 0.0 -1.0 -3.0 17.0 -3.0 0.0 0.0 0.0 0.0 
-1.0 -3.0 -1.0 0.0 -3.0 -1.0 -3.0 0.0 -2.0 -2.0 23.0 0.0 -3.0 -1.0 -3.0 
-2.0 -3.0 0.0 -1.0 -2.0 -2.0 -3.0 -3.0 0.0 -1.0 -3.0 25.0 -1.0 -1.0 -3.0 
-3.0 -1.0 -3.0 -2.0 -3.0 -2.0 -2.0 0.0 -2.0 -1.0 0.0 -3.0 23.0 0.0 -1.0 
0.0 -1.0 -1.0 -3.0 -1.0 -2.0 -1.0 -2.0 -2.0 -1.0 -2.0 -2.0 -2.0 23.0 -3.0 
-1.0 -2.0 -3.0 0.0 -2.0 0.0 -2.0 0.0 0.0 0.0 -2.0 -1.0 -1.0 -2.0 16.0 

-186.000014 -129.0 -99.0 -54.0 -89.0 -72.0 -30.0 20.0 14.0 64.0 65.0 106.0 157.0 120.0 127.0 