65
116.000001 0.0 -4.0 0.0 -3.0 -1.0 -3.0 -1.0 0.0 0.0 0.0 -2.0 0.0 -2.0 -1.0 -2.0 -4.0 -1.0 -4.0 0.0 -3.0 0.0 -1.0 -3.0 -1.0 -1.0 -4.0 -3.0 -3.0 0.0 0.0 0.0 -3.0 -4.0 -1.0 -2.0 -4.0 -3.0 -1.0 -4.0 -3.0 0.0 0.0 -2.0 -2.0 0.0 -1.0 -4.0 -4.0 -4.0 -3.0 -2.0 -4.0 0.0 0.0 0.0 -4.0 -4.0 0.0 -3.0 -3.0 0.0 -3.0 0.0 -1.0 
-1.0 129.0 0.0 -3.0 -3.0 0.0 -2.0 -1.0 0.0 -2.0 -4.0 -4.0 0.0 -4.0 -2.0 -1.0 -4.0 0.0 -1.0 0.0 -1.0 -4.0 -3.0 -3.0 -2.0 -1.0 0.0 -2.0 0.0 -4.0 -4.0 0.0 -2.0 -3.0 -4.0 -4.0 -4.0 -2.0 -1.0 -2.0 -1.0 -4.0 -3.0 -1.0 -2.0 -3.0 -1.0 -4.0 0.0 -2.0 -3.0 -4.0 -3.0 0.0 -2.0 0.0 -2.0 -3.0 -1.0 -1.0 -2.0 -2.0 -3.0 -2.0 -2.0 
-3.0 0.0 125.0 -2.0 -1.0 -4.0 -3.0 -1.0 -2.0 0.0 -1.0 -2.0 -3.0 0.0 -4.0 -3.0 0.0 0.0 -4.0 -2.0 -4.0 0.0 -3.0 -4.0 0.0 -1.0 -4.0 -1.0 -4.0 -2.0 -1.0 -4.0 -4.0 0.0 -1.0 -3.0 -2.0 0.0 -1.0 -2.0 -3.0 -2.0 -1.0 -2.0 -3.0 0.0 -3.0 -1.0 -1.0 -1.0 -1.0 -4.0 -1.0 0.0 -1.0 0.0 0.0 -3.0 -4.0 -1.0 -3.0 -4.0 -4.0 -2.0 -4.0 
-2.0 -4.0 -1.0 113.0 -3.0 0.0 -1.0 -1.0 -2.0 -2.0 -4.0 0.0 -3.0 0.0 -1.0 -1.0 -4.0 -4.0 -2.0 -4.0 -4.0 -1.0 -4.0 -3.0 0.0 0.0 -1.0 0.0 0.0 -2.0 -4.0 0.0 -4.0 -1.0 -4.0 0.0 -3.0 -2.0 -3.0 0.0 -1.0 0.0 -3.0 -2.0 -3.0 -1.0 -1.0 0.0 -2.0 -2.0 -1.0 0.0 -2.0 -1.0 -2.0 -3.0 0.0 -2.0 -2.0 0.0 -3.0 -1.0 -2.0 -3.0 -1.0 
-4.0 -4.0 -2.0 -2.0 116.0 0.0 0.0 -1.0 0.0 -4.0 -3.0 -1.0 -4.0 -2.0 -1.0 -2.0 0.0 -3.0 -3.0 -4.0 -1.0 -3.0 -1.0 0.0 -1.0 -4.0 -2.0 -2.0 -2.0 -1.0 0.0 -2.0 -2.0 -4.0 -1.0 -2.0 -3.0 -3.0 -1.0 -1.0 -1.0 -3.0 -2.0 -4.0 -2.0 -2.0 -1.0 -1.0 0.0 0.0 -4.0 0.0 -1.0 -3.0 0.0 -2.0 0.0 -2.0 -3.0 -1.0 -3.0 0.0 -1.0 0.0 -4.0 
-2.0 0.0 -4.0 0.0 -2.0 110.0 -2.0 -1.0 0.0 -3.0 0.0 0.0 -4.0 -3.0 -4.0 -2.0 -2.0 -3.0 -1.0 -1.0 -3.0 -4.0 -1.0 0.0 0.0 0.0 -3.0 -4.0 0.0 0.0 0.0 -3.0 -1.0 -1.0 -2.0 0.0 0.0 -2.0 -2.0 -4.0 -1.0 -2.0 -2.0 0.0 -3.0 -4.0 -1.0 -3.0 0.0 -3.0 -3.0 -4.0 -2.0 -1.0 -3.0 0.0 0.0 -4.0 -2.0 0.0 0.0 0.0 -1.0 -3.0 -4.0 
-3.0 -1.0 -4.0 -3.0 -2.0 -2.0 140.0 -3.0 -1.0 -3.0 -3.0 -3.0 -1.0 -2.0 -3.0 -2.0 -1.0 -2.0 -1.0 0.0 -4.0 -3.0 -2.0 -4.0 -3.0 0.0 -3.0 -1.0 -3.0 -1.0 -3.0 0.0 -2.0 -3.0 -3.0 -4.0 -2.0 0.0 -3.0 0.0 -3.0 -2.0 -2.0 -4.0 -3.0 -1.0 -2.0 -2.0 -2.0 -2.0 -4.0 -2.0 0.0 -1.0 -2.0 0.0 -3.0 -4.0 -2.0 -4.0 -1.0 -1.0 -4.0 -4.0 -1.0 
-4.0 0.0 -4.0 -3.0 0.0 -3.0 0.0 142.0 -3.0 0.0 -4.0 -4.0 -1.0 -1.0 -4.0 -1.0 -4.0 -1.0 -1.0 -3.0 -4.0 -4.0 -3.0 0.0 -1.0 -1.0 -4.0 -1.0 0.0 -1.0 -1.0 -1.0 0.0 -1.0 -4.0 -3.0 -4.0 -4.0 -1.0 -2.0 -2.0 -4.0 -4.0 -4.0 -3.0 -4.0 -4.0 -1.0 -3.0 -1.0 -2.0 -4.0 -2.0 0.0 -3.0 -1.0 0.0 -4.0 -3.0 -2.0 -3.0 0.0 -3.0 -4.0 0.0 
0.0 -3.0 -4.0 -4.0 -3.0 0.0 0.0 -3.0 121.0 -1.0 0.0 -1.0 -1.0 -3.0 0.0 -2.0 0.0 -1.0 -1.0 0.0 -1.0 -4.0 -4.0 -1.0 0.0 -3.0 -2.0 0.0 -3.0 0.0 0.0 -2.0 -4.0 -4.0 -3.0 -4.0 -1.0 -4.0 0.0 -4.0 0.0 -3.0 -4.0 0.0 -2.0 -4.0 -4.0 -3.0 -2.0 -1.0 0.0 -1.0 -3.0 0.0 0.0 -3.0 -1.0 -4.0 -1.0 -3.0 -2.0 -1.0 -4.0 -4.0 0.0 
0.0 -4.0 0.0 -2.0 -4.0 -3.0 -2.0 -2.0 -4.0 114.0 -2.0 -2.0 0.0 -1.0 -2.0 -3.0 -2.0 -1.0 -3.0 -2.0 -2.0 -2.0 -4.0 0.0 0.0 -4.0 0.0 -1.0 -3.0 -2.0 -2.0 0.0 0.0 -4.0 -2.0 -4.0 0.0 0.0 -2.0 -2.0 -2.0 0.0 0.0 -1.0 -2.0 -2.0 -4.0 -4.0 -4.0 -3.0 -2.0 -1.0 -2.0 0.0 -1.0 0.0 -2.0 -1.0 -1.0 0.0 -2.0 -1.0 -1.0 -2.0 -3.0 
-2.0 -2.0 -1.0 -1.0 -1.0 0.0 -1.0 -3.0 0.0 -4.0 119.0 -1.0 -3.0 -4.0 -4.0 -2.0 0.0 -3.0 -1.0 -4.0 -2.0 -3.0 -3.0 0.0 0.0 -3.0 -3.0 -2.0 -1.0 -3.0 0.0 -4.0 -4.0 0.0 0.0 -4.0 -1.0 -4.0 -1.0 0.0 -2.0 -3.0 -3.0 -3.0 0.0 -3.0 0.0 -2.0 -2.0 -3.0 0.0 -3.0 -2.0 0.0 -2.0 0.0 -1.0 -1.0 -2.0 -2.0 -3.0 -1.0 -2.0 -1.0 -3.0 
-1.0 0.0 -2.0 -4.0 -4.0 -4.0 -2.0 -1.0 -4.0 -4.0 -2.0 135.0 0.0 -2.0 0.0 0.0 -1.0 -2.0 -3.0 -1.0 0.0 -4.0 -3.0 -2.0 -4.0 -3.0 -3.0 -2.0 0.0 -2.0 -4.0 0.0 -1.0 -4.0 0.0 0.0 0.0 -4.0 0.0 -3.0 -3.0 -4.0 -4.0 -2.0 -2.0 -1.0 -2.0 -4.0 -4.0 -3.0 0.0 -2.0 -4.0 0.0 0.0 0.0 -4.0 -1.0 -1.0 -4.0 -2.0 -4.0 -2.0 -3.0 -3.0 
-3.0 -1.0 -3.0 0.0 -4.0 -4.0 -1.0 -1.0 -1.0 -2.0 0.0 0.0 141.0 -4.0 -4.0 -4.0 -2.0 -1.0 -3.0 -4.0 -1.0 -1.0 -2.0 -4.0 -4.0 -2.0 -1.0 0.0 -2.0 -3.0 -4.0 -3.0 0.0 -3.0 0.0 -2.0 -3.0 -4.0 -2.0 -2.0 -1.0 -3.0 -1.0 -2.0 0.0 -2.0 -2.0 -2.0 -2.0 -3.0 -2.0 -4.0 -3.0 -4.0 -4.0 -2.0 -2.0 -4.0 0.0 -2.0 -1.0 -2.0 -3.0 -4.0 -1.0 
-2.0 0.0 -4.0 -3.0 -3.0 -1.0 -1.0 -1.0 -3.0 -3.0 0.0 -1.0 -1.0 124.0 -3.0 -1.0 0.0 -2.0 0.0 -4.0 -1.0 -4.0 -4.0 -4.0 0.0 -3.0 -2.0 -3.0 -3.0 -2.0 -3.0 0.0 -2.0 -4.0 0.0 0.0 -4.0 0.0 -3.0 -1.0 0.0 -4.0 -4.0 -2.0 -2.0 -2.0 -4.0 0.0 -4.0 -1.0 -4.0 -2.0 -1.0 0.0 -2.0 0.0 -2.0 -1.0 0.0 -4.0 -4.0 -1.0 -3.0 -1.0 0.0 
-4.0 -3.0 -3.0 0.0 -1.0 -2.0 -2.0 -3.0 0.0 -4.0 -1.0 -3.0 -1.0 -3.0 148.0 0.0 -3.0 -2.0 -3.0 -1.0 -4.0 0.0 -4.0 -4.0 -1.0 -3.0 -2.0 -3.0 -1.0 -3.0 -2.0 -3.0 0.0 -4.0 0.0 -3.0 -3.0 -1.0 -1.0 -4.0 -1.0 -4.0 -3.0 -2.0 -2.0 -4.0 0.0 -3.0 -3.0 -4.0 0.0 -3.0 -1.0 -4.0 -4.0 -4.0 -4.0 0.0 -1.0 -4.0 -3.0 -1.0 -1.0 -4.0 -3.0 
-4.0 -3.0 -2.0 0.0 -4.0 -4.0 -2.0 -2.0 -1.0 -2.0 -3.0 -1.0 -1.0 0.0 -1.0 144.0 -3.0 -4.0 -3.0 -4.0 -4.0 0.0 -4.0 -2.0 -3.0 -1.0 -3.0 -3.0 -4.0 -4.0 -4.0 -1.0 -3.0 0.0 -4.0 -3.0 -3.0 0.0 -4.0 -3.0 -1.0 0.0 -2.0 0.0 -4.0 -2.0 -3.0 -3.0 0.0 -4.0 0.0 -1.0 -2.0 -1.0 -1.0 -2.0 -2.0 -4.0 -2.0 0.0 -2.0 -3.0 -3.0 -4.0 -1.0 
-2.0 0.0 -3.0 -1.0 -1.0 -4.0 -4.0 0.0 0.0 0.0 -2.0 -1.0 -2.0 -1.0 -3.0 -1.0 126.0 0.0 -4.0 -4.0 0.0 -4.0 -2.0 -3.0 -4.0 -4.0 -1.0 -3.0 -3.0 0.0 -1.0 -1.0 -2.0 0.0 -2.0 -3.0 0.0 -4.0 -3.0 -2.0 -4.0 -3.0 0.0 -1.0 0.0 -2.0 -3.0 -3.0 -1.0 0.0 -4.0 -3.0 -3.0 -3.0 -3.0 -1.0 -3.0 -4.0 -4.0 -4.0 0.0 0.0 0.0 0.0 -2.0 
-4.0 -3.0 -1.0 0.0 -1.0 -2.0 -4.0 -4.0 -1.0 -1.0 -4.0 -3.0 -4.0 -3.0 -1.0 0.0 -4.0 119.0 -2.0 -1.0 0.0 -1.0 -1.0 0.0 -2.0 -2.0 -2.0 -2.0 0.0 0.0 -2.0 -3.0 -1.0 -1.0 0.0 -4.0 -3.0 -2.0 -2.0 -2.0 -1.0 -2.0 0.0 0.0 -1.0 -4.0 -3.0 0.0 0.0 -3.0 -4.0 0.0 -3.0 -4.0 -4.0 -4.0 0.0 0.0 -1.0 -3.0 -4.0 -3.0 0.0 0.0 -2.0 
-2.0 0.0 -4.0 -1.0 -2.0 -2.0 -4.0 0.0 -1.0 -3.0 -1.0 -2.0 -1.0 -3.0 -3.0 -4.0 -1.0 -1.0 119.0 -4.0 0.0 -3.0 0.0 0.0 -4.0 -3.0 -2.0 -1.0 0.0 -2.0 -3.0 -1.0 -3.0 -3.0 -1.0 -3.0 -1.0 -2.0 -3.0 -3.0 -2.0 -2.0 -1.0 -1.0 -2.0 0.0 -4.0 0.0 -2.0 0.0 0.0 0.0 -2.0 -4.0 -3.0 0.0 -2.0 0.0 -1.0 -4.0 -1.0 -4.0 -3.0 -2.0 -2.0 
-3.0 -2.0 -1.0 -4.0 -4.0 -4.0 -3.0 -3.0 -3.0 0.0 -1.0 -2.0 -2.0 -4.0 0.0 -3.0 -2.0 -1.0 0.0 108.0 0.0 -3.0 -2.0 0.0 -1.0 -3.0 -1.0 -2.0 -1.0 0.0 -4.0 -1.0 0.0 0.0 -2.0 -2.0 0.0 0.0 -3.0 0.0 0.0 -2.0 -2.0 -4.0 -2.0 -2.0 0.0 -4.0 0.0 -2.0 0.0 0.0 -3.0 -1.0 -4.0 -3.0 -2.0 0.0 -3.0 0.0 -4.0 -1.0 -1.0 0.0 -1.0 
0.0 -1.0 0.0 0.0 -1.0 -4.0 -3.0 -1.0 -4.0 -1.0 -2.0 -2.0 -4.0 0.0 -3.0 0.0 0.0 -1.0 -2.0 -4.0 123.0 -2.0 -2.0 0.0 -4.0 -3.0 -3.0 -4.0 -2.0 0.0 -1.0 -2.0 -1.0 -2.0 -2.0 -2.0 -2.0 0.0 -2.0 -3.0 -3.0 -1.0 -3.0 -4.0 -4.0 -2.0 -1.0 -4.0 -1.0 -1.0 0.0 0.0 -4.0 -2.0 -4.0 -2.0 -4.0 0.0 -3.0 -2.0 -2.0 -1.0 -2.0 0.0 -3.0 
-1.0 -4.0 0.0 -4.0 -2.0 -1.0 -4.0 -2.0 -4.0 -1.0 -1.0 -1.0 -1.0 0.0 -1.0 -1.0 0.0 -2.0 -3.0 -1.0 -4.0 126.0 -2.0 -3.0 -2.0 0.0 -3.0 0.0 -3.0 0.0 -3.0 -3.0 0.0 -2.0 -3.0 -3.0 -4.0 0.0 -1.0 -3.0 0.0 -2.0 -2.0 -4.0 -1.0 -2.0 -4.0 -2.0 -1.0 -1.0 -4.0 -1.0 -4.0 -4.0 -4.0 0.0 -2.0 -4.0 -1.0 -2.0 -3.0 -1.0 -2.0 0.0 -2.0 
-4.0 -4.0 -3.0 -1.0 -1.0 0.0 -1.0 -4.0 -3.0 -3.0 -4.0 0.0 0.0 -4.0 -2.0 -3.0 -4.0 0.0 0.0 -3.0 -2.0 -2.0 123.0 -3.0 -2.0 -2.0 -1.0 0.0 -3.0 0.0 -2.0 -2.0 -1.0 -1.0 -2.0 0.0 -2.0 -4.0 -3.0 -1.0 -3.0 -3.0 0.0 -4.0 -1.0 -1.0 -1.0 -4.0 -1.0 -4.0 -2.0 -1.0 -1.0 0.0 -1.0 -4.0 0.0 -3.0 -2.0 0.0 0.0 -2.0 -4.0 -3.0 -1.0 
-3.0 -2.0 -2.0 -4.0 0.0 0.0 0.0 -4.0 -4.0 -1.0 -4.0 -2.0 -3.0 -1.0 -3.0 -2.0 -2.0 0.0 -1.0 -4.0 0.0 -3.0 -1.0 130.0 -2.0 0.0 -3.0 0.0 -4.0 0.0 -4.0 -4.0 -4.0 -4.0 -2.0 -4.0 -1.0 -1.0 0.0 -4.0 -2.0 0.0 0.0 0.0 -1.0 -3.0 0.0 -1.0 -1.0 -1.0 -4.0 -1.0 -3.0 -2.0 -2.0 -2.0 0.0 -4.0 -3.0 -3.0 -4.0 -3.0 0.0 -4.0 -3.0 
-3.0 -3.0 -4.0 -1.0 -3.0 0.0 -3.0 -3.0 -3.0 -3.0 -1.0 -2.0 -4.0 0.0 -1.0 -4.0 0.0 -3.0 -1.0 -3.0 -1.0 -3.0 0.0 0.0 129.0 0.0 -2.0 0.0 -4.0 0.0 -3.0 -1.0 -4.0 -3.0 -3.0 -2.0 -2.0 -1.0 -2.0 0.0 -3.0 0.0 -3.0 -3.0 -3.0 -3.0 -1.0 -3.0 -2.0 -4.0 0.0 -4.0 0.0 0.0 -2.0 -4.0 0.0 -2.0 0.0 -2.0 -4.0 -4.0 -1.0 -4.0 -1.0 
-4.0 -2.0 -3.0 -3.0 -4.0 0.0 0.0 -2.0 -4.0 0.0 -3.0 -1.0 -1.0 0.0 -1.0 -2.0 -1.0 -3.0 -2.0 -1.0 -4.0 -1.0 -4.0 -3.0 -4.0 138.0 -3.0 0.0 -4.0 -4.0 -3.0 -2.0 -3.0 -4.0 0.0 -4.0 -3.0 -1.0 -1.0 -3.0 -3.0 -4.0 -1.0 -2.0 -3.0 -4.0 -1.0 -1.0 -2.0 -3.0 -2.0 -1.0 0.0 -2.0 -3.0 -4.0 0.0 -2.0 -3.0 -1.0 0.0 -1.0 -4.0 -2.0 -1.0 
-1.0 0.0 -3.0 -4.0 -4.0 -2.0 -3.0 0.0 -3.0 -4.0 -3.0 -1.0 -1.0 -4.0 0.0 0.0 -1.0 -4.0 -4.0 0.0 -3.0 -3.0 -2.0 0.0 -4.0 -4.0 134.0 -4.0 0.0 -3.0 -4.0 -4.0 0.0 -4.0 -1.0 -1.0 0.0 -3.0 0.0 -2.0 -2.0 -2.0 0.0 -2.0 0.0 -3.0 -3.0 -1.0 -1.0 -4.0 -4.0 -1.0 -2.0 -2.0 0.0 -4.0 -1.0 -4.0 -2.0 -3.0 -1.0 -3.0 -3.0 0.0 -2.0 
0.0 0.0 -2.0 -4.0 -4.0 -4.0 -2.0 -3.0 -3.0 -1.0 -3.0 0.0 -4.0 -2.0 -1.0 -4.0 -2.0 -2.0 -4.0 -3.0 -2.0 -3.0 -1.0 -4.0 -2.0 -1.0 -2.0 132.0 -3.0 -2.0 -3.0 -2.0 -3.0 -2.0 -4.0 -1.0 0.0 0.0 0.0 -4.0 -1.0 -1.0 -2.0 0.0 -2.0 -3.0 -2.0 -3.0 0.0 -3.0 -2.0 -3.0 -1.0 -4.0 -2.0 -2.0 0.0 -1.0 0.0 -4.0 -4.0 -2.0 0.0 0.0 -3.0 
0.0 -1.0 -2.0 -1.0 -3.0 -4.0 0.0 -3.0 -4.0 -1.0 0.0 0.0 0.0 -1.0 -1.0 0.0 0.0 -1.0 -1.0 -2.0 0.0 -4.0 -4.0 -1.0 -1.0 -4.0 -3.0 -2.0 129.0 0.0 -1.0 -1.0 -4.0 -3.0 -3.0 -4.0 -4.0 -3.0 0.0 -3.0 -3.0 -2.0 -3.0 -1.0 -1.0 -3.0 -4.0 -3.0 -4.0 -2.0 -4.0 -3.0 -1.0 0.0 -1.0 -3.0 -4.0 -2.0 -2.0 -1.0 -3.0 -2.0 -4.0 -3.0 0.0 
0.0 -3.0 -2.0 -4.0 -4.0 0.0 -1.0 -2.0 -1.0 -3.0 -3.0 0.0 0.0 0.0 -3.0 -2.0 -4.0 -3.0 0.0 0.0 -4.0 -2.0 -1.0 -4.0 -4.0 -3.0 -1.0 -4.0 -4.0 127.0 -3.0 0.0 -2.0 -4.0 -1.0 -4.0 -2.0 -3.0 0.0 -2.0 -4.0 0.0 0.0 -1.0 0.0 -4.0 0.0 -4.0 -3.0 -4.0 0.0 -3.0 0.0 -3.0 0.0 0.0 0.0 0.0 -4.0 -3.0 -3.0 0.0 -4.0 -1.0 -3.0 
-2.0 -4.0 0.0 -4.0 -1.0 -1.0 0.0 -1.0 -3.0 0.0 -3.0 -4.0 0.0 -3.0 -3.0 -3.0 -4.0 -1.0 -4.0 -4.0 0.0 -4.0 -3.0 -4.0 -4.0 -4.0 -3.0 -3.0 -2.0 -4.0 145.0 0.0 0.0 -3.0 -3.0 -4.0 -1.0 0.0 -1.0 -3.0 0.0 -3.0 0.0 -1.0 -2.0 -1.0 -3.0 -1.0 -3.0 -3.0 0.0 -4.0 -2.0 -3.0 -2.0 -4.0 -1.0 -4.0 -2.0 -3.0 0.0 -1.0 -4.0 -3.0 -4.0 
-1.0 -2.0 -4.0 -2.0 0.0 0.0 -1.0 -3.0 -1.0 0.0 -3.0 -3.0 -3.0 -3.0 -3.0 -4.0 -1.0 -1.0 0.0 -1.0 0.0 0.0 -1.0 -3.0 -4.0 -1.0 0.0 -1.0 -1.0 -3.0 -4.0 123.0 -1.0 -2.0 -1.0 -2.0 -3.0 -2.0 -2.0 0.0 -1.0 -4.0 0.0 -2.0 -2.0 -2.0 -4.0 -4.0 -2.0 -2.0 -1.0 -1.0 -3.0 -2.0 -4.0 -3.0 -1.0 -4.0 -3.0 -1.0 -3.0 -1.0 -4.0 0.0 -2.0 
-2.0 -3.0 -4.0 0.0 -2.0 0.0 -1.0 -3.0 -3.0 -4.0 -2.0 -2.0 0.0 -1.0 -2.0 0.0 -1.0 -1.0 -2.0 -3.0 -3.0 -2.0 -4.0 -1.0 -4.0 -1.0 -1.0 0.0 -1.0 0.0 -4.0 -1.0 140.0 0.0 -2.0 -4.0 -2.0 -3.0 -1.0 -2.0 -1.0 -4.0 -1.0 -4.0 -1.0 -1.0 -1.0 -2.0 -4.0 -2.0 -2.0 -4.0 -3.0 -4.0 -2.0 -2.0 -4.0 -3.0 -2.0 -4.0 -4.0 -2.0 -3.0 -4.0 -4.0 
0.0 -3.0 -2.0 -1.0 -4.0 -2.0 -2.0 -2.0 -4.0 -3.0 -4.0 -1.0 -1.0 -1.0 -2.0 -2.0 -1.0 -4.0 -4.0 -1.0 0.0 -4.0 -3.0 -2.0 0.0 -3.0 -1.0 -3.0 -2.0 -1.0 -1.0 -3.0 0.0 131.0 -1.0 -2.0 -1.0 -3.0 -3.0 -2.0 -3.0 0.0 -4.0 -4.0 -2.0 -4.0 -1.0 0.0 -1.0 -3.0 -2.0 -3.0 -3.0 -4.0 -2.0 0.0 0.0 -1.0 -1.0 0.0 0.0 -4.0 -4.0 -3.0 -3.0 
-1.0 -2.0 0.0 -4.0 -2.0 -4.0 -1.0 0.0 -4.0 -4.0 -3.0 0.0 -3.0 -4.0 -2.0 0.0 -4.0 -4.0 -2.0 -2.0 0.0 0.0 -3.0 -1.0 0.0 -3.0 -2.0 0.0 -3.0 -2.0 -4.0 -1.0 -1.0 -4.0 152.0 -3.0 -1.0 -4.0 0.0 -1.0 -4.0 0.0 -4.0 -4.0 -1.0 -3.0 -4.0 -4.0 -4.0 -3.0 -4.0 -2.0 -4.0 -2.0 -4.0 -4.0 -2.0 -4.0 0.0 -1.0 -2.0 -3.0 -2.0 -4.0 -4.0 
-2.0 -1.0 -4.0 -2.0 0.0 -3.0 -4.0 -1.0 -2.0 -4.0 -1.0 -4.0 -2.0 -2.0 -4.0 -4.0 -1.0 -4.0 -2.0 -2.0 -4.0 -3.0 -3.0 -4.0 -2.0 0.0 0.0 -1.0 -2.0 -4.0 -2.0 -2.0 -3.0 -4.0 -1.0 150.0 -3.0 -4.0 -1.0 -2.0 -3.0 -1.0 -3.0 -4.0 -1.0 -3.0 -3.0 -4.0 0.0 -3.0 -3.0 -1.0 0.0 -4.0 0.0 -4.0 0.0 -4.0 -1.0 -1.0 -2.0 -2.0 -3.0 -2.0 -4.0 
-3.0 -1.0 0.0 -2.0 -1.0 -4.0 -4.0 -4.0 -2.0 -2.0 -4.0 0.0 -4.0 0.0 -4.0 -4.0 0.0 -4.0 0.0 -4.0 -1.0 -4.0 0.0 0.0 -3.0 -1.0 -1.0 -3.0 -2.0 0.0 -4.0 -1.0 -4.0 0.0 -3.0 -1.0 130.0 -2.0 -1.0 -4.0 -2.0 -2.0 0.0 0.0 -2.0 -4.0 -1.0 -3.0 -4.0 -1.0 -3.0 -1.0 -2.0 -4.0 -2.0 -4.0 -2.0 -2.0 0.0 0.0 -4.0 0.0 0.0 -1.0 -4.0 
-2.0 0.0 -3.0 -2.0 0.0 -3.0 0.0 -2.0 -3.0 0.0 -1.0 -4.0 -3.0 0.0 -1.0 -4.0 -1.0 -1.0 -2.0 -3.0 -3.0 0.0 -1.0 -4.0 -1.0 -4.0 -1.0 -4.0 -4.0 -3.0 -2.0 0.0 -4.0 -1.0 -2.0 -2.0 -3.0 146.0 -3.0 -2.0 -2.0 -3.0 -3.0 -4.0 0.0 -1.0 -1.0 -3.0 -4.0 -4.0 -1.0 -1.0 -4.0 -4.0 -4.0 -4.0 -3.0 -4.0 -2.0 -4.0 -1.0 -1.0 -2.0 -3.0 -4.0 
-4.0 -1.0 -4.0 0.0 0.0 -4.0 -1.0 -2.0 0.0 -1.0 0.0 -4.0 0.0 0.0 0.0 0.0 -2.0 -4.0 -3.0 0.0 -4.0 -1.0 -2.0 -1.0 -4.0 -4.0 0.0 -2.0 -3.0 -1.0 -3.0 -4.0 -2.0 -1.0 -2.0 -3.0 0.0 0.0 127.0 -1.0 -2.0 -2.0 -1.0 -2.0 -4.0 -4.0 0.0 -2.0 -3.0 -4.0 -4.0 -3.0 -2.0 -3.0 -2.0 -3.0 -2.0 -3.0 -2.0 0.0 -4.0 -3.0 -2.0 -1.0 -1.0 
-3.0 -2.0 -1.0 0.0 -2.0 0.0 -2.0 0.0 0.0 -1.0 -4.0 -2.0 -4.0 -4.0 -2.0 0.0 -2.0 -3.0 -4.0 -1.0 -3.0 0.0 -1.0 -2.0 -2.0 -3.0 -1.0 0.0 -4.0 0.0 -3.0 -1.0 -3.0 -1.0 -2.0 0.0 -4.0 -1.0 -2.0 123.0 -4.0 0.0 0.0 0.0 -3.0 -3.0 -3.0 -1.0 -4.0 -4.0 0.0 -4.0 -4.0 0.0 -3.0 -2.0 -3.0 -1.0 -3.0 -3.0 -3.0 -1.0 -2.0 0.0 -2.0 
-1.0 -3.0 -3.0 -1.0 -1.0 -4.0 -2.0 -4.0 0.0 -4.0 0.0 0.0 0.0 -3.0 -4.0 -3.0 -1.0 0.0 -4.0 0.0 -4.0 -3.0 -3.0 -1.0 -4.0 -4.0 -4.0 -2.0 -1.0 0.0 -1.0 0.0 0.0 -2.0 -3.0 -1.0 -1.0 0.0 -2.0 -2.0 129.0 -2.0 -3.0 0.0 -3.0 -4.0 -2.0 -3.0 0.0 0.0 -2.0 -2.0 -3.0 -2.0 -2.0 -3.0 -2.0 -3.0 -2.0 -3.0 -3.0 -3.0 -2.0 -1.0 -3.0 
-2.0 -1.0 -2.0 -3.0 -3.0 -4.0 0.0 0.0 -2.0 -2.0 -3.0 -4.0 -4.0 -4.0 -4.0 -1.0 -4.0 -2.0 -3.0 -2.0 -3.0 0.0 -3.0 -3.0 0.0 0.0 -1.0 0.0 -2.0 -2.0 -2.0 -4.0 -4.0 -2.0 0.0 -2.0 -3.0 -3.0 -3.0 -4.0 -4.0 141.0 -3.0 -2.0 0.0 -1.0 -3.0 -4.0 -3.0 -2.0 -4.0 -4.0 -2.0 -3.0 -2.0 -2.0 -2.0 -1.0 0.0 -1.0 -1.0 -3.0 -3.0 0.0 0.0 
-1.0 0.0 -3.0 -1.0 0.0 -3.0 -4.0 -4.0 -3.0 -1.0 0.0 -2.0 -1.0 0.0 -1.0 0.0 -1.0 -2.0 -3.0 0.0 -4.0 -2.0 -1.0 -2.0 -4.0 -3.0 0.0 -3.0 -4.0 -1.0 0.0 -1.0 -2.0 -1.0 -2.0 -3.0 -2.0 0.0 -1.0 -3.0 -1.0 -2.0 119.0 -3.0 0.0 -1.0 -4.0 -3.0 -4.0 -3.0 -4.0 -2.0 -2.0 -2.0 0.0 -2.0 -1.0 0.0 0.0 -3.0 -3.0 -2.0 -3.0 -4.0 -1.0 
-4.0 -2.0 -4.0 -4.0 -3.0 -1.0 -4.0 -2.0 -3.0 -4.0 0.0 -2.0 -3.0 -3.0 -3.0 -4.0 -3.0 -1.0 -1.0 -2.0 -1.0 -1.0 -2.0 -4.0 0.0 0.0 0.0 -1.0 -3.0 -4.0 -1.0 -2.0 0.0 -3.0 0.0 -4.0 -4.0 -1.0 -3.0 -3.0 -2.0 -4.0 0.0 130.0 0.0 0.0 -3.0 0.0 -4.0 -4.0 -3.0 -2.0 0.0 -2.0 -2.0 -3.0 0.0 -2.0 -2.0 0.0 -3.0 0.0 -1.0 0.0 -3.0 
-3.0 0.0 -1.0 -4.0 -4.0 -4.0 -2.0 -2.0 -1.0 0.0 -4.0 -4.0 -2.0 -4.0 -2.0 -2.0 -4.0 -1.0 -4.0 0.0 -2.0 -1.0 0.0 -1.0 -1.0 -3.0 -3.0 -1.0 -2.0 -1.0 -3.0 -2.0 -3.0 -4.0 -4.0 -4.0 -3.0 -1.0 -4.0 -4.0 -4.0 -3.0 -1.0 -1.0 138.0 -2.0 -3.0 -1.0 -2.0 0.0 0.0 -1.0 -1.0 -4.0 -1.0 -4.0 -3.0 0.0 -2.0 0.0 -1.0 0.0 -2.0 -3.0 -4.0 
-4.0 -1.0 0.0 -1.0 -3.0 -1.0 0.0 -4.0 -3.0 -4.0 -2.0 0.0 -1.0 0.0 -2.0 -2.0 0.0 -2.0 -2.0 -3.0 -2.0 -2.0 -1.0 -3.0 -1.0 -3.0 -2.0 -2.0 -3.0 -1.0 -1.0 0.0 -3.0 0.0 -1.0 -4.0 -3.0 -3.0 -1.0 -3.0 -1.0 -3.0 -1.0 -1.0 -4.0 125.0 -2.0 -2.0 -4.0 -3.0 0.0 0.0 -3.0 -4.0 -2.0 -4.0 -1.0 -1.0 -1.0 -4.0 0.0 -2.0 -2.0 -2.0 -4.0 
-3.0 -2.0 -2.0 -3.0 -1.0 0.0 0.0 -2.0 0.0 -1.0 -4.0 -1.0 0.0 -4.0 -2.0 -3.0 -1.0 -3.0 -1.0 -4.0 -4.0 -4.0 0.0 -1.0 -1.0 -3.0 -3.0 -2.0 -3.0 -4.0 -3.0 -3.0 -4.0 -3.0 -3.0 0.0 -3.0 -2.0 0.0 -4.0 0.0 -3.0 -4.0 -4.0 -2.0 -3.0 136.0 -4.0 -1.0 -1.0 -2.0 -4.0 0.0 -2.0 -3.0 -1.0 0.0 -3.0 -1.0 -2.0 -1.0 -3.0 -2.0 -2.0 -1.0 
-1.0 -3.0 -2.0 -3.0 -3.0 0.0 -4.0 -2.0 -1.0 -1.0 -1.0 -1.0 -3.0 0.0 -3.0 -2.0 -4.0 -2.0 -2.0 -3.0 -2.0 -3.0 -2.0 -2.0 -3.0 -4.0 -3.0 0.0 0.0 -1.0 -1.0 -4.0 -4.0 -2.0 -2.0 -1.0 -4.0 -2.0 -2.0 0.0 -2.0 0.0 -4.0 0.0 -2.0 -4.0 -4.0 134.0 0.0 0.0 0.0 -2.0 -2.0 -2.0 -1.0 -4.0 -4.0 0.0 -3.0 -4.0 -2.0 0.0 -3.0 -4.0 -4.0 
-1.0 0.0 -4.0 -2.0 -3.0 -1.0 -1.0 0.0 0.0 -4.0 -1.0 -1.0 -2.0 -2.0 -2.0 0.0 -1.0 -1.0 0.0 -4.0 -3.0 -2.0 -4.0 0.0 -3.0 0.0 -2.0 -3.0 -4.0 -3.0 -2.0 -2.0 -2.0 0.0 -2.0 -1.0 -4.0 -1.0 -3.0 -2.0 -2.0 -3.0 -4.0 -4.0 -1.0 -1.0 -3.0 -2.0 123.0 0.0 -1.0 0.0 -1.0 -4.0 -4.0 -3.0 0.0 -4.0 -4.0 0.0 -4.0 -2.0 -2.0 0.0 -1.0 
-3.0 -1.0 0.0 -3.0 -4.0 -1.0 -2.0 -3.0 -4.0 -4.0 -3.0 -4.0 -2.0 -1.0 -2.0 -1.0 -2.0 -4.0 0.0 -2.0 -2.0 0.0 -3.0 -2.0 -2.0 -2.0 -2.0 0.0 0.0 -2.0 -3.0 -2.0 -2.0 0.0 0.0 -1.0 -4.0 -2.0 -3.0 -4.0 -3.0 -4.0 0.0 -2.0 -3.0 -4.0 -2.0 -3.0 -1.0 132.0 -3.0 0.0 -4.0 -1.0 -4.0 -1.0 0.0 0.0 0.0 -3.0 -4.0 -1.0 -4.0 -1.0 -2.0 
-2.0 -2.0 -2.0 -4.0 -2.0 -2.0 -1.0 -1.0 -1.0 -3.0 -1.0 -4.0 -1.0 -2.0 -4.0 -2.0 -1.0 -2.0 -4.0 -1.0 -4.0 -1.0 -1.0 -2.0 -2.0 -1.0 0.0 -1.0 -2.0 -3.0 -4.0 -4.0 -4.0 -1.0 -2.0 -2.0 -1.0 -1.0 -3.0 -2.0 0.0 -2.0 -1.0 0.0 -4.0 -2.0 -4.0 -4.0 -1.0 -3.0 135.0 -4.0 0.0 -3.0 0.0 -4.0 0.0 -2.0 -3.0 -3.0 -3.0 -4.0 -1.0 -2.0 -2.0 
-4.0 -3.0 -2.0 -2.0 -3.0 -1.0 0.0 -4.0 -3.0 -4.0 -4.0 -1.0 -2.0 -3.0 -4.0 0.0 -3.0 -2.0 -3.0 -4.0 -3.0 -4.0 -4.0 -2.0 -3.0 0.0 -3.0 -1.0 0.0 0.0 -2.0 -4.0 -2.0 -1.0 -4.0 -4.0 -1.0 -3.0 -3.0 -1.0 -2.0 -1.0 -4.0 -2.0 -3.0 -2.0 -1.0 -3.0 0.0 -3.0 -3.0 143.0 -3.0 -2.0 -1.0 -3.0 -4.0 0.0 0.0 -3.0 0.0 -1.0 0.0 -2.0 -3.0 
-1.0 -1.0 -4.0 0.0 -3.0 -2.0 -3.0 -4.0 -4.0 -3.0 -1.0 -2.0 -3.0 -3.0 -1.0 -3.0 -3.0 -4.0 -2.0 -3.0 -2.0 -4.0 -1.0 -3.0 -3.0 -2.0 -3.0 0.0 -1.0 -4.0 -3.0 -2.0 -1.0 -1.0 -4.0 -3.0 -2.0 -1.0 -4.0 -1.0 0.0 -2.0 -2.0 -4.0 -4.0 0.0 -2.0 -4.0 -1.0 -1.0 -4.0 -3.0 148.0 -4.0 -1.0 -4.0 -1.0 -2.0 -1.0 -3.0 -1.0 -3.0 0.0 -3.0 -3.0 
-1.0 -1.0 0.0 -4.0 -1.0 -1.0 0.0 -4.0 -3.0 -2.0 -3.0 -3.0 -2.0 -4.0 -1.0 -1.0 -3.0 -4.0 -2.0 -1.0 -3.0 0.0 -4.0 -1.0 -2.0 -4.0 -4.0 -4.0 -4.0 -2.0 -4.0 -3.0 -1.0 0.0 -1.0 -2.0 0.0 -2.0 -2.0 0.0 -3.0 0.0 -1.0 -1.0 -4.0 -4.0 -3.0 0.0 -1.0 -4.0 0.0 0.0 -2.0 127.0 -1.0 -1.0 -3.0 -4.0 -4.0 0.0 0.0 0.0 -4.0 -3.0 0.0 
-2.0 -2.0 -4.0 -3.0 -4.0 -2.0 -3.0 -1.0 -4.0 -1.0 -4.0 -1.0 -1.0 -3.0 -3.0 -3.0 -4.0 -3.0 0.0 0.0 -4.0 0.0 -2.0 -3.0 -3.0 -2.0 -3.0 -1.0 -1.0 -3.0 -2.0 -2.0 -3.0 0.0 -1.0 -1.0 -4.0 -4.0 -3.0 -4.0 -3.0 -2.0 -3.0 -4.0 -4.0 -4.0 -1.0 -4.0 -4.0 0.0 -3.0 -3.0 -2.0 -2.0 149.0 -2.0 -1.0 -2.0 -2.0 -4.0 0.0 -2.0 -2.0 0.0 -1.0 
-1.0 -1.0 -3.0 -1.0 -4.0 -3.0 -4.0 -2.0 -3.0 -2.0 -1.0 -4.0 -1.0 -3.0 -2.0 -3.0 -3.0 -1.0 0.0 -1.0 -2.0 -4.0 0.0 -2.0 -2.0 -2.0 -2.0 -3.0 -4.0 -4.0 0.0 -2.0 -1.0 -2.0 -3.0 -3.0 -1.0 -4.0 0.0 -3.0 0.0 0.0 -1.0 -1.0 0.0 -4.0 -1.0 0.0 -4.0 -3.0 -4.0 -1.0 -4.0 -4.0 -4.0 131.0 -1.0 0.0 -1.0 -1.0 -4.0 -1.0 -1.0 -4.0 0.0 
-3.0 -1.0 -1.0 -1.0 -3.0 -1.0 0.0 -3.0 -3.0 -4.0 -1.0 -3.0 -1.0 0.0 -2.0 -4.0 -1.0 0.0 -4.0 -3.0 -4.0 -3.0 -3.0 -4.0 -4.0 -4.0 -2.0 -2.0 -3.0 -1.0 0.0 -2.0 -3.0 -3.0 -2.0 -4.0 -1.0 -2.0 -1.0 -3.0 -1.0 -2.0 -3.0 -4.0 -3.0 -4.0 -1.0 -2.0 0.0 -4.0 0.0 -3.0 -1.0 -1.0 -2.0 0.0 137.0 -1.0 -1.0 -4.0 -4.0 -1.0 -4.0 -1.0 0.0 
-4.0 -3.0 -4.0 -1.0 -1.0 -3.0 -3.0 -4.0 0.0 -2.0 -1.0 -1.0 -2.0 0.0 -3.0 -4.0 -2.0 -4.0 0.0 -1.0 -2.0 -3.0 -3.0 -4.0 -2.0 -4.0 0.0 0.0 0.0 -4.0 -2.0 -3.0 -2.0 -3.0 -2.0 0.0 -4.0 -4.0 -1.0 -3.0 -1.0 -2.0 -1.0 -3.0 0.0 0.0 -4.0 -4.0 -1.0 -3.0 -3.0 0.0 -4.0 -2.0 -1.0 -1.0 0.0 132.0 -1.0 -2.0 -3.0 0.0 -2.0 -2.0 -3.0 
-2.0 -2.0 -4.0 -3.0 -1.0 -2.0 -4.0 -3.0 -1.0 -3.0 -2.0 -3.0 -4.0 -3.0 -4.0 -1.0 -1.0 -2.0 0.0 -1.0 -3.0 0.0 0.0 -4.0 -2.0 0.0 -4.0 -3.0 0.0 0.0 -3.0 -4.0 0.0 -3.0 -2.0 -3.0 -1.0 -1.0 -4.0 -2.0 -4.0 -3.0 -3.0 -2.0 -2.0 -2.0 -2.0 0.0 -3.0 -4.0 0.0 -2.0 -3.0 -2.0 -1.0 -2.0 -1.0 -1.0 136.0 -1.0 -2.0 -2.0 -4.0 -3.0 -2.0 
-1.0 -2.0 -3.0 -4.0 -3.0 0.0 0.0 -2.0 -1.0 -3.0 -4.0 -3.0 -4.0 -4.0 -3.0 -2.0 -1.0 -1.0 -1.0 -2.0 0.0 0.0 -1.0 -1.0 -1.0 0.0 -1.0 -2.0 -1.0 0.0 -2.0 -4.0 -4.0 -2.0 -4.0 -3.0 -1.0 0.0 -3.0 -1.0 -2.0 -4.0 -3.0 0.0 -3.0 -4.0 -1.0 -4.0 -1.0 -2.0 -4.0 0.0 -3.0 -1.0 0.0 -4.0 -3.0 -1.0 -2.0 125.0 -4.0 -1.0 -1.0 -1.0 -1.0 
-4.0 0.0 -2.0 -2.0 -1.0 0.0 -2.0 -1.0 -3.0 0.0 -3.0 -2.0 -2.0 0.0 0.0 -3.0 -3.0 -4.0 -1.0 -4.0 -3.0 -4.0 -3.0 0.0 -4.0 -4.0 -3.0 -3.0 -4.0 -3.0 -3.0 -3.0 0.0 0.0 0.0 -1.0 -2.0 -4.0 -1.0 -1.0 -4.0 -3.0 -1.0 -2.0 0.0 -1.0 -4.0 -2.0 -2.0 -2.0 -4.0 -4.0 -1.0 0.0 -2.0 -3.0 -2.0 -4.0 -3.0 -1.0 134.0 -1.0 0.0 -3.0 -2.0 
0.0 -1.0 -1.0 -4.0 -3.0 -2.0 -3.0 -2.0 -2.0 -4.0 0.0 -2.0 -4.0 -2.0 -1.0 -3.0 -4.0 -1.0 -2.0 0.0 -3.0 -1.0 -1.0 -1.0 -4.0 -4.0 -4.0 -1.0 -1.0 0.0 -2.0 -4.0 -4.0 -3.0 -4.0 -2.0 0.0 -2.0 -3.0 0.0 -1.0 0.0 -4.0 -3.0 -1.0 -1.0 -4.0 -3.0 0.0 -4.0 -4.0 0.0 -4.0 0.0 0.0 -4.0 -1.0 -3.0 0.0 -1.0 0.0 133.0 -4.0 -4.0 -2.0 
-2.0 -1.0 0.0 -2.0 -4.0 -3.0 -3.0 -1.0 0.0 -3.0 0.0 -2.0 -1.0 0.0 -3.0 0.0 -1.0 -2.0 -3.0 -4.0 -4.0 -3.0 0.0 -2.0 0.0 0.0 -1.0 0.0 -3.0 -4.0 -3.0 0.0 -2.0 -1.0 -1.0 -4.0 -2.0 -4.0 -1.0 0.0 -4.0 -4.0 0.0 -4.0 -3.0 0.0 -2.0 0.0 0.0 -1.0 0.0 -1.0 -3.0 -2.0 -3.0 -4.0 0.0 -4.0 -2.0 -4.0 -3.0 -4.0 121.0 -3.0 0.0 
-3.0 -2.0 -4.0 -4.0 -2.0 -2.0 -2.0 0.0 -4.0 0.0 0.0 -2.0 0.0 -1.0 -2.0 -1.0 -3.0 -1.0 -3.0 0.0 -4.0 0.0 -4.0 -2.0 0.0 -4.0 -2.0 0.0 0.0 0.0 0.0 -2.0 -2.0 -4.0 -3.0 -2.0 -3.0 0.0 -3.0 0.0 0.0 -4.0 -4.0 -1.0 -1.0 -1.0 -4.0 -4.0 -2.0 -4.0 -4.0 -1.0 0.0 -1.0 -3.0 -4.0 -2.0 0.0 -2.0 -3.0 -4.0 -1.0 -3.0 128.0 -4.0 
-1.0 -4.0 0.0 0.0 0.0 -3.0 -3.0 -4.0 0.0 -4.0 -1.0 -3.0 -1.0 0.0 0.0 -1.0 -4.0 -4.0 -2.0 0.0 -1.0 0.0 -2.0 -1.0 0.0 -3.0 -3.0 -2.0 -1.0 -1.0 -3.0 0.0 -4.0 -4.0 -1.0 -1.0 -4.0 -1.0 0.0 -4.0 -1.0 -3.0 -2.0 -4.0 -2.0 0.0 -1.0 -2.0 0.0 -4.0 -1.0 -1.0 0.0 -2.0 -4.0 -2.0 -3.0 -2.0 -4.0 -1.0 -4.0 -2.0 -1.0 0.0 117.0 

-3979.999999 -4193.0 -3893.0 -3127.0 -3067.0 -3065.0 -3654.0 -3663.0 -3155.0 -2444.0 -2581.0 -2973.0 -2971.0 -2331.0 -2888.0 -2309.0 -2156.0 -1720.0 -1650.0 -1087.0 -1693.0 -1532.0 -1038.0 -1250.0 -999.0 -873.0 -718.0 -402.0 -984.0 -313.0 -337.0 -376.0 -511.0 178.0 -77.0 556.0 679.0 241.0 474.0 683.0 975.0 1467.0 1007.0 1921.0 1894.0 1454.0 1907.0 1944.0 1798.0 2383.0 2382.0 3139.0 3109.0 2879.0 3510.0 3200.0 3437.0 3574.0 3709.0 3453.0 3765.0 3945.0 3465.0 3803.0 3669.0 