115
213.00001 -4.0 0.0 -4.0 0.0 -1.0 -2.0 0.0 -1.0 -4.0 -2.0 -2.0 -2.0 -4.0 -4.0 -4.0 0.0 -1.0 -4.0 -3.0 -3.0 -2.0 -2.0 -1.0 -3.0 -3.0 0.0 -4.0 -2.0 -2.0 -4.0 -4.0 0.0 -4.0 0.0 0.0 -3.0 0.0 -1.0 -1.0 -4.0 -1.0 -1.0 -1.0 -4.0 -4.0 -2.0 -1.0 -2.0 -4.0 -3.0 -3.0 -1.0 -4.0 -1.0 0.0 -2.0 -3.0 -2.0 -2.0 -4.0 0.0 -4.0 -1.0 -3.0 0.0 -1.0 -4.0 -3.0 -2.0 -1.0 0.0 -2.0 -3.0 0.0 -3.0 0.0 0.0 -1.0 -4.0 -3.0 -4.0 0.0 0.0 -3.0 0.0 -3.0 0.0 -4.0 0.0 -1.0 0.0 -4.0 -1.0 -3.0 0.0 -4.0 -2.0 -4.0 0.0 -1.0 -1.0 -1.0 -1.0 0.0 0.0 0.0 0.0 -2.0 0.0 -2.0 0.0 -3.0 -1.0 -3.0 
-3.0 208.0 -3.0 -3.0 -4.0 -2.0 -3.0 -4.0 0.0 -1.0 0.0 -2.0 -2.0 -2.0 -3.0 0.0 -1.0 -4.0 -1.0 -4.0 -1.0 -1.0 -2.0 -3.0 -4.0 -1.0 -2.0 -2.0 -3.0 -2.0 -1.0 -3.0 -3.0 -2.0 -4.0 0.0 -4.0 -3.0 -2.0 -1.0 -3.0 -4.0 -2.0 -4.0 -2.0 0.0 -2.0 -2.0 0.0 -3.0 -1.0 -1.0 -1.0 -3.0 -1.0 0.0 -2.0 0.0 -1.0 0.0 -2.0 0.0 -2.0 -4.0 0.0 -2.0 -1.0 0.0 -2.0 0.0 -4.0 -2.0 -3.0 0.0 0.0 -3.0 -4.0 -1.0 -1.0 0.0 0.0 -3.0 -1.0 -4.0 0.0 -3.0 -2.0 -1.0 0.0 -1.0 -1.0 0.0 -1.0 -1.0 -3.0 0.0 0.0 -2.0 -4.0 -1.0 -3.0 -1.0 -1.0 -4.0 -1.0 -4.0 0.0 0.0 -3.0 -1.0 -4.0 -1.0 -2.0 -2.0 -4.0 
-4.0 -1.0 236.0 -1.0 0.0 -4.0 -3.0 -3.0 0.0 -1.0 -3.0 -1.0 -1.0 -4.0 -3.0 -2.0 0.0 -3.0 -4.0 -3.0 -1.0 -4.0 -1.0 -3.0 -3.0 -3.0 -2.0 -4.0 -4.0 -3.0 -1.0 -1.0 -3.0 -1.0 0.0 -1.0 -1.0 -3.0 -3.0 -3.0 0.0 -3.0 -1.0 0.0 -3.0 0.0 0.0 -4.0 0.0 -2.0 -3.0 -1.0 0.0 -1.0 -3.0 -4.0 -3.0 0.0 -2.0 -2.0 -2.0 -1.0 -4.0 -4.0 -2.0 0.0 -2.0 -2.0 -3.0 -3.0 -3.0 -1.0 -4.0 -2.0 -3.0 -4.0 -3.0 0.0 -1.0 -2.0 0.0 -4.0 0.0 -3.0 -2.0 -1.0 -3.0 -4.0 0.0 -2.0 0.0 0.0 -4.0 -3.0 -2.0 -2.0 -3.0 -1.0 -2.0 -2.0 -2.0 -4.0 -4.0 0.0 -2.0 -2.0 -1.0 -4.0 -2.0 -2.0 -4.0 -3.0 -1.0 -2.0 -1.0 
-2.0 0.0 -2.0 217.0 0.0 -3.0 -2.0 -1.0 -2.0 -3.0 -1.0 0.0 -3.0 -2.0 -4.0 0.0 -4.0 -2.0 -1.0 -4.0 -4.0 -2.0 -1.0 -1.0 -1.0 -1.0 -1.0 -4.0 -1.0 -1.0 0.0 -3.0 -2.0 -1.0 -1.0 -4.0 -2.0 0.0 -4.0 -4.0 0.0 0.0 -4.0 -3.0 -2.0 -1.0 -2.0 -1.0 -2.0 -4.0 -3.0 -2.0 -1.0 -1.0 0.0 -3.0 -2.0 -3.0 -2.0 -2.0 -2.0 -4.0 0.0 -3.0 0.0 -2.0 -1.0 0.0 -2.0 -1.0 0.0 -1.0 -3.0 -4.0 -3.0 0.0 -1.0 -3.0 -1.0 -4.0 -4.0 0.0 -1.0 -4.0 -3.0 -1.0 -3.0 -1.0 -2.0 0.0 -4.0 -2.0 -3.0 -2.0 -4.0 -3.0 -1.0 0.0 0.0 -2.0 0.0 -2.0 -2.0 -1.0 -3.0 -2.0 -4.0 -3.0 -2.0 -1.0 -2.0 -2.0 0.0 -3.0 -3.0 
-3.0 -4.0 -4.0 -1.0 254.0 -3.0 -3.0 -4.0 -4.0 -3.0 -1.0 -3.0 -1.0 -3.0 -4.0 -3.0 -2.0 0.0 0.0 -2.0 -4.0 -4.0 -1.0 -1.0 -2.0 -4.0 -3.0 0.0 -4.0 0.0 -2.0 -1.0 -4.0 -3.0 -1.0 -4.0 -1.0 0.0 -4.0 -4.0 -4.0 0.0 -4.0 -2.0 -3.0 -2.0 -3.0 -2.0 -2.0 0.0 -3.0 -3.0 -2.0 -4.0 -3.0 -3.0 -3.0 0.0 0.0 -4.0 -1.0 -1.0 -4.0 0.0 0.0 -2.0 -4.0 -4.0 -2.0 -2.0 -4.0 0.0 -1.0 0.0 -4.0 -1.0 -3.0 0.0 -3.0 -1.0 -3.0 -4.0 -3.0 -2.0 -4.0 -2.0 -1.0 -2.0 -4.0 -2.0 -3.0 -1.0 -2.0 -4.0 0.0 -4.0 -1.0 -1.0 -3.0 -1.0 -4.0 0.0 0.0 0.0 -3.0 0.0 -3.0 -3.0 -1.0 -4.0 -1.0 -2.0 -4.0 -1.0 -2.0 
-4.0 -1.0 -2.0 -4.0 -4.0 254.0 -1.0 -1.0 -3.0 0.0 -3.0 -1.0 0.0 -3.0 -4.0 -4.0 0.0 -1.0 0.0 -4.0 -3.0 -1.0 0.0 -4.0 -2.0 -4.0 -3.0 -1.0 -3.0 -3.0 -4.0 -3.0 0.0 -2.0 -4.0 -3.0 -2.0 -1.0 -2.0 -3.0 -3.0 -1.0 -3.0 -2.0 -2.0 -4.0 -4.0 -3.0 -2.0 -2.0 -4.0 0.0 -2.0 -2.0 -1.0 -2.0 -3.0 0.0 -4.0 -4.0 0.0 -1.0 -3.0 -3.0 -3.0 0.0 0.0 0.0 -3.0 -4.0 0.0 -3.0 -1.0 -4.0 -3.0 -1.0 -4.0 -4.0 -4.0 -4.0 -1.0 -4.0 -4.0 -1.0 0.0 -1.0 -3.0 -2.0 -1.0 -2.0 -2.0 -1.0 -1.0 -3.0 -4.0 -1.0 -3.0 -3.0 -2.0 0.0 -3.0 -2.0 0.0 -3.0 -3.0 0.0 -4.0 -4.0 -4.0 -4.0 0.0 -2.0 -1.0 -3.0 -1.0 
-4.0 -4.0 0.0 -2.0 0.0 0.0 230.0 -4.0 -3.0 -3.0 -4.0 -1.0 -1.0 -1.0 -4.0 -3.0 -4.0 -4.0 -3.0 -2.0 -1.0 -3.0 -1.0 -1.0 0.0 0.0 -1.0 -1.0 0.0 -4.0 -4.0 0.0 -1.0 -2.0 -4.0 -3.0 0.0 -3.0 -4.0 -3.0 -4.0 -1.0 -4.0 -1.0 -3.0 -3.0 -3.0 -3.0 -1.0 -3.0 -2.0 0.0 -1.0 0.0 -3.0 0.0 0.0 -3.0 -3.0 -2.0 -1.0 -1.0 0.0 0.0 -4.0 -4.0 0.0 -4.0 -1.0 -2.0 0.0 -4.0 -2.0 -2.0 -1.0 -4.0 0.0 -4.0 -3.0 0.0 -3.0 -1.0 -2.0 -1.0 0.0 -3.0 0.0 -3.0 0.0 0.0 -4.0 -3.0 -2.0 -2.0 -1.0 -4.0 0.0 -3.0 -4.0 -2.0 -2.0 -2.0 -2.0 0.0 0.0 -2.0 -4.0 -3.0 -4.0 -1.0 -2.0 -3.0 -2.0 -3.0 -2.0 
-1.0 -4.0 -1.0 -1.0 -1.0 -1.0 0.0 224.0 -2.0 -3.0 -1.0 -4.0 -1.0 -1.0 -1.0 -3.0 -3.0 0.0 -2.0 -3.0 -4.0 -2.0 -1.0 -3.0 -3.0 -2.0 0.0 -4.0 -2.0 -1.0 -3.0 -2.0 -1.0 -4.0 0.0 -4.0 -1.0 0.0 -1.0 -2.0 -4.0 0.0 -2.0 -4.0 -2.0 -3.0 -4.0 0.0 -2.0 -3.0 0.0 -1.0 -3.0 -3.0 0.0 -4.0 -4.0 -4.0 -1.0 -4.0 -3.0 -4.0 -4.0 -2.0 -2.0 -3.0 -2.0 -3.0 -1.0 -3.0 -2.0 -4.0 -2.0 -3.0 -2.0 -3.0 0.0 -4.0 0.0 0.0 -2.0 -1.0 -4.0 -1.0 -4.0 -2.0 0.0 -1.0 0.0 -1.0 -2.0 0.0 0.0 0.0 -1.0 -4.0 -4.0 -2.0 0.0 0.0 -4.0 -3.0 -4.0 0.0 0.0 -1.0 -3.0 -2.0 -2.0 0.0 0.0 0.0 -1.0 -4.0 -3.0 
-3.0 -2.0 -2.0 0.0 -1.0 -2.0 -4.0 0.0 202.0 -1.0 -4.0 -3.0 0.0 -4.0 -1.0 -3.0 -3.0 -1.0 -3.0 -1.0 -3.0 0.0 -1.0 -1.0 -2.0 -3.0 0.0 -2.0 0.0 -4.0 -3.0 0.0 -1.0 -2.0 -2.0 -1.0 -4.0 -1.0 -4.0 0.0 -4.0 -2.0 -3.0 -1.0 -1.0 -4.0 -2.0 -2.0 0.0 -3.0 -4.0 -1.0 0.0 -1.0 -3.0 0.0 0.0 -1.0 0.0 -1.0 -4.0 0.0 -2.0 -2.0 0.0 -3.0 0.0 -3.0 -3.0 -1.0 -1.0 0.0 -1.0 -1.0 -1.0 -3.0 0.0 -1.0 -1.0 -2.0 -2.0 -4.0 -1.0 -2.0 -1.0 -4.0 0.0 0.0 -1.0 0.0 -4.0 -2.0 -2.0 -1.0 -2.0 -4.0 0.0 -1.0 -2.0 -4.0 -4.0 -3.0 -4.0 0.0 -1.0 -3.0 -2.0 -1.0 -3.0 0.0 -4.0 -2.0 -2.0 -2.0 0.0 
-2.0 -3.0 0.0 -2.0 -4.0 -3.0 -4.0 0.0 0.0 206.0 -3.0 -3.0 -2.0 -3.0 0.0 -1.0 -3.0 0.0 -2.0 -4.0 -1.0 -2.0 -2.0 -3.0 -4.0 -4.0 -2.0 -1.0 -2.0 -1.0 -1.0 -3.0 -4.0 -4.0 -4.0 -2.0 0.0 0.0 -2.0 -1.0 -2.0 -1.0 0.0 -3.0 0.0 -3.0 -1.0 0.0 -1.0 -3.0 -2.0 -3.0 -4.0 0.0 -1.0 -2.0 -3.0 0.0 -3.0 -1.0 -3.0 -2.0 0.0 -1.0 -1.0 -3.0 -1.0 -2.0 -4.0 -3.0 -3.0 -1.0 -2.0 -3.0 0.0 -4.0 -1.0 -2.0 0.0 0.0 -4.0 -1.0 0.0 -2.0 -4.0 -3.0 0.0 0.0 -1.0 -4.0 -2.0 -2.0 -1.0 -4.0 0.0 0.0 -1.0 -2.0 -2.0 0.0 -2.0 -3.0 -3.0 -3.0 0.0 -1.0 0.0 -3.0 -1.0 -3.0 0.0 -1.0 0.0 0.0 -2.0 
0.0 0.0 0.0 -4.0 -1.0 -2.0 -2.0 -1.0 -1.0 0.0 220.0 -4.0 -2.0 -1.0 -4.0 -2.0 -1.0 -4.0 -1.0 -3.0 -2.0 -4.0 -3.0 -1.0 -2.0 -2.0 -3.0 -1.0 -4.0 -4.0 -4.0 -2.0 -4.0 -1.0 -4.0 -1.0 -4.0 -1.0 -1.0 0.0 -2.0 0.0 -1.0 -2.0 -4.0 0.0 -2.0 0.0 -4.0 -4.0 -4.0 -2.0 -1.0 -3.0 -3.0 -3.0 -4.0 -2.0 0.0 -3.0 -1.0 0.0 -4.0 -4.0 -2.0 -1.0 -1.0 0.0 -2.0 -3.0 -3.0 -1.0 -4.0 -2.0 -2.0 -1.0 -4.0 -2.0 -1.0 0.0 0.0 -4.0 -3.0 -4.0 -4.0 -4.0 -3.0 -3.0 0.0 -1.0 0.0 -2.0 -1.0 -2.0 0.0 -2.0 -1.0 -1.0 -2.0 -4.0 -1.0 0.0 0.0 -1.0 0.0 -1.0 -1.0 -1.0 -2.0 -1.0 -1.0 -2.0 -3.0 0.0 -2.0 
-4.0 0.0 -2.0 -1.0 0.0 0.0 -3.0 -3.0 -2.0 -3.0 0.0 231.0 -1.0 -4.0 -4.0 -2.0 -1.0 -4.0 -3.0 -4.0 -1.0 -3.0 -4.0 -4.0 0.0 -1.0 -1.0 -4.0 0.0 0.0 -2.0 -2.0 0.0 -4.0 -2.0 -1.0 0.0 -1.0 -4.0 -2.0 -4.0 0.0 -2.0 -3.0 -1.0 0.0 -1.0 -4.0 -4.0 -3.0 -4.0 -1.0 -3.0 -4.0 -4.0 0.0 -1.0 -1.0 0.0 -3.0 -2.0 0.0 -3.0 -4.0 0.0 -2.0 -2.0 -1.0 0.0 -4.0 -3.0 0.0 -3.0 -4.0 -1.0 -2.0 -4.0 -1.0 -1.0 -4.0 -3.0 -4.0 -2.0 -2.0 -2.0 -4.0 -1.0 -3.0 -1.0 0.0 -4.0 -4.0 -4.0 -2.0 0.0 -4.0 0.0 -2.0 -2.0 -4.0 0.0 -2.0 -2.0 -1.0 -1.0 -4.0 -2.0 -2.0 -1.0 -1.0 0.0 -3.0 0.0 -2.0 -1.0 
-4.0 0.0 -1.0 -4.0 -1.0 -2.0 0.0 -4.0 -3.0 -2.0 0.0 -1.0 240.0 -4.0 -3.0 -2.0 -4.0 -1.0 -3.0 -2.0 -3.0 -3.0 -3.0 0.0 -2.0 -2.0 -3.0 0.0 -2.0 -2.0 -1.0 0.0 -4.0 -1.0 -3.0 0.0 -3.0 -2.0 -4.0 -1.0 -3.0 -3.0 -3.0 -4.0 -1.0 0.0 -4.0 -3.0 -3.0 -2.0 -2.0 -4.0 0.0 -1.0 -2.0 -4.0 0.0 -4.0 -2.0 -3.0 -4.0 -3.0 -4.0 0.0 -2.0 0.0 -1.0 -1.0 -4.0 -4.0 -1.0 -1.0 0.0 -2.0 -3.0 -2.0 -2.0 -3.0 0.0 0.0 -2.0 -4.0 -1.0 -4.0 -3.0 -2.0 -3.0 -1.0 -3.0 -1.0 -1.0 -2.0 -2.0 -3.0 -4.0 0.0 0.0 -3.0 -4.0 -2.0 -3.0 -4.0 -4.0 -1.0 0.0 0.0 0.0 -3.0 0.0 -4.0 -2.0 -2.0 -4.0 -2.0 -1.0 
-4.0 -3.0 0.0 -3.0 -2.0 -2.0 -1.0 -3.0 -4.0 -2.0 -3.0 0.0 -4.0 231.0 -3.0 -4.0 -2.0 -1.0 -4.0 -2.0 -3.0 -3.0 -1.0 -4.0 -1.0 0.0 -3.0 -3.0 -3.0 0.0 -2.0 -4.0 -1.0 0.0 -1.0 -4.0 -4.0 -4.0 -1.0 -3.0 -2.0 0.0 -3.0 -1.0 -3.0 0.0 -4.0 -4.0 -2.0 0.0 0.0 -2.0 0.0 -2.0 -2.0 -4.0 -3.0 -1.0 -4.0 -4.0 -1.0 -1.0 -4.0 0.0 0.0 -3.0 -3.0 -3.0 -1.0 0.0 -2.0 -2.0 -2.0 -4.0 -2.0 -1.0 0.0 0.0 -4.0 0.0 -2.0 0.0 -1.0 -2.0 0.0 -1.0 -4.0 -1.0 0.0 -4.0 0.0 -1.0 0.0 -3.0 -3.0 -3.0 -4.0 -2.0 -1.0 -1.0 -3.0 -2.0 -2.0 -4.0 0.0 -3.0 -4.0 0.0 -1.0 -1.0 0.0 -3.0 -4.0 -3.0 -2.0 
-2.0 -1.0 -3.0 -4.0 -1.0 -2.0 -1.0 -1.0 0.0 0.0 -2.0 -2.0 -1.0 -2.0 212.0 0.0 -3.0 0.0 -4.0 -1.0 -1.0 -4.0 0.0 -2.0 -2.0 -2.0 -4.0 -3.0 -1.0 -2.0 -3.0 -4.0 -1.0 0.0 -2.0 -3.0 0.0 -3.0 0.0 -4.0 0.0 -3.0 -2.0 0.0 0.0 0.0 -3.0 0.0 -2.0 -2.0 -2.0 -1.0 -2.0 -3.0 -4.0 -3.0 -3.0 -1.0 -1.0 -1.0 -2.0 -2.0 0.0 -4.0 -1.0 -2.0 -4.0 -1.0 -1.0 -4.0 -3.0 -3.0 -1.0 -1.0 -3.0 -4.0 -4.0 -4.0 -4.0 -2.0 0.0 -1.0 -4.0 -2.0 -4.0 -3.0 -2.0 0.0 -1.0 -1.0 -2.0 -1.0 0.0 -3.0 0.0 0.0 -4.0 -4.0 -1.0 -1.0 -3.0 0.0 -3.0 -2.0 -3.0 0.0 -1.0 -1.0 -4.0 0.0 -2.0 0.0 -1.0 -4.0 0.0 
-2.0 -3.0 0.0 0.0 -2.0 -1.0 -2.0 -1.0 -2.0 -1.0 -2.0 -2.0 0.0 -4.0 -3.0 252.0 -2.0 -3.0 -1.0 -1.0 -2.0 -1.0 -4.0 -1.0 -1.0 -3.0 -4.0 -1.0 -3.0 -1.0 -4.0 -4.0 -3.0 -4.0 -4.0 0.0 -2.0 -2.0 -3.0 -2.0 0.0 0.0 -1.0 -2.0 0.0 -2.0 -3.0 -3.0 -4.0 -4.0 -3.0 -4.0 -1.0 -4.0 -1.0 -2.0 0.0 -3.0 0.0 -4.0 -4.0 -1.0 -2.0 -2.0 0.0 -2.0 -4.0 0.0 -2.0 -3.0 -4.0 -2.0 -3.0 -3.0 -4.0 -1.0 -2.0 -3.0 -1.0 -1.0 -4.0 -2.0 0.0 -4.0 -1.0 -1.0 -3.0 -4.0 -2.0 -4.0 -4.0 -1.0 0.0 -4.0 -2.0 -1.0 -3.0 -4.0 -2.0 -4.0 -3.0 -4.0 -4.0 -4.0 -2.0 -3.0 -4.0 0.0 -3.0 -1.0 -2.0 -2.0 0.0 -1.0 -3.0 
-1.0 -2.0 0.0 -2.0 -4.0 0.0 0.0 -1.0 0.0 -4.0 0.0 -4.0 -1.0 -3.0 -4.0 -1.0 240.0 -4.0 0.0 -3.0 0.0 -2.0 -1.0 -2.0 -1.0 -3.0 -3.0 -2.0 0.0 -4.0 -3.0 -1.0 -4.0 0.0 -3.0 -1.0 -4.0 0.0 -2.0 -2.0 -3.0 -3.0 0.0 -3.0 -3.0 0.0 -4.0 -2.0 -3.0 -2.0 -4.0 -1.0 -3.0 -2.0 -1.0 -4.0 -2.0 -3.0 -4.0 -1.0 -1.0 -2.0 0.0 -3.0 -1.0 -2.0 -4.0 -4.0 -3.0 -4.0 -1.0 -4.0 -2.0 -2.0 -2.0 0.0 0.0 -1.0 -4.0 -2.0 -4.0 -1.0 -1.0 -3.0 -2.0 -3.0 -1.0 -2.0 -2.0 -1.0 -1.0 -2.0 -4.0 -4.0 -1.0 -2.0 -4.0 -4.0 -3.0 0.0 -4.0 -1.0 -1.0 -2.0 -2.0 -1.0 -1.0 0.0 -2.0 -3.0 -3.0 -1.0 -4.0 -4.0 -4.0 
-4.0 0.0 0.0 -1.0 0.0 -3.0 -3.0 -3.0 -2.0 0.0 -1.0 -1.0 -2.0 -3.0 -3.0 0.0 -3.0 233.0 -2.0 -2.0 -1.0 0.0 -2.0 -1.0 -3.0 -3.0 0.0 -4.0 -2.0 -2.0 -2.0 -3.0 -4.0 -2.0 0.0 -2.0 -3.0 -1.0 -4.0 0.0 -2.0 0.0 -2.0 -2.0 -1.0 -4.0 -1.0 -1.0 -3.0 -2.0 -3.0 -2.0 0.0 -1.0 -2.0 0.0 0.0 -2.0 0.0 -3.0 -2.0 -3.0 -4.0 0.0 -4.0 -3.0 0.0 -2.0 -3.0 -3.0 -3.0 -3.0 0.0 -1.0 -4.0 -1.0 -3.0 -3.0 -2.0 0.0 -1.0 -3.0 -3.0 -4.0 -4.0 -1.0 -2.0 -1.0 0.0 -3.0 -4.0 -3.0 -4.0 -1.0 -3.0 -4.0 -4.0 -2.0 -2.0 -4.0 -1.0 -4.0 -3.0 0.0 -4.0 -2.0 -2.0 -3.0 0.0 -2.0 -1.0 -3.0 -4.0 -4.0 0.0 
0.0 -3.0 -4.0 -1.0 -2.0 -3.0 -3.0 -3.0 -1.0 -3.0 -2.0 -1.0 -3.0 -3.0 -4.0 -2.0 -3.0 0.0 240.0 -4.0 -2.0 -1.0 -4.0 -1.0 0.0 -2.0 -4.0 -4.0 -1.0 -4.0 -4.0 -2.0 -3.0 -4.0 0.0 0.0 -3.0 -1.0 -1.0 -4.0 -4.0 -2.0 -4.0 -3.0 -2.0 -1.0 -3.0 -2.0 -4.0 -1.0 -3.0 -4.0 -1.0 -2.0 0.0 -1.0 -4.0 -1.0 -4.0 -4.0 -1.0 -3.0 -1.0 -1.0 -4.0 -1.0 -2.0 -4.0 -1.0 -2.0 -3.0 -1.0 -3.0 0.0 -4.0 -1.0 0.0 0.0 -1.0 0.0 -2.0 -3.0 -1.0 -1.0 -1.0 0.0 -4.0 -4.0 -2.0 -4.0 -1.0 -3.0 -1.0 -3.0 0.0 -3.0 0.0 -3.0 0.0 -1.0 -4.0 0.0 -4.0 0.0 -4.0 -3.0 0.0 -2.0 -1.0 -2.0 -2.0 -1.0 -3.0 -3.0 -1.0 
-2.0 -4.0 -1.0 -3.0 -2.0 -1.0 0.0 0.0 -4.0 0.0 -4.0 -2.0 -3.0 -1.0 -3.0 0.0 -4.0 0.0 -3.0 244.0 0.0 -4.0 -1.0 -2.0 0.0 -3.0 -4.0 -2.0 -1.0 -4.0 -3.0 0.0 0.0 -4.0 -2.0 -1.0 -3.0 0.0 -2.0 -3.0 -1.0 -4.0 -4.0 -4.0 -3.0 -3.0 -4.0 -1.0 -4.0 -3.0 -4.0 -3.0 0.0 -1.0 -3.0 -3.0 -1.0 -2.0 -1.0 -1.0 -3.0 -4.0 -4.0 -3.0 -2.0 -1.0 -2.0 -4.0 -3.0 -1.0 0.0 -1.0 -3.0 -4.0 -2.0 -1.0 -1.0 -2.0 -4.0 -3.0 -1.0 -1.0 -3.0 0.0 -3.0 -4.0 -3.0 -1.0 -4.0 -1.0 -3.0 0.0 -1.0 -4.0 -4.0 -3.0 -1.0 -3.0 -1.0 -3.0 -2.0 -1.0 -3.0 0.0 -4.0 -3.0 -3.0 0.0 -2.0 0.0 -1.0 -4.0 0.0 -2.0 -1.0 
0.0 -4.0 -4.0 -3.0 -1.0 0.0 -3.0 0.0 -3.0 0.0 -3.0 -4.0 -2.0 0.0 -2.0 -3.0 -3.0 -2.0 -3.0 -4.0 248.0 -3.0 -1.0 0.0 -1.0 -3.0 -2.0 -1.0 -4.0 -3.0 -2.0 -1.0 -2.0 -2.0 -3.0 -2.0 -3.0 0.0 -4.0 0.0 -4.0 -3.0 -2.0 0.0 -4.0 -3.0 -4.0 -1.0 -3.0 -4.0 -2.0 -3.0 -4.0 -4.0 -2.0 -3.0 -3.0 0.0 -2.0 -1.0 -4.0 -3.0 -2.0 -4.0 -2.0 -4.0 -4.0 -3.0 -3.0 0.0 -1.0 -1.0 -2.0 -1.0 0.0 -4.0 0.0 -4.0 0.0 -2.0 -2.0 -1.0 0.0 -4.0 0.0 -3.0 -1.0 -1.0 -3.0 -4.0 -4.0 0.0 -3.0 -4.0 0.0 -2.0 -3.0 -2.0 0.0 -1.0 -3.0 0.0 -1.0 -4.0 -2.0 -2.0 -2.0 -2.0 -4.0 -1.0 -1.0 -4.0 0.0 -3.0 -4.0 
-2.0 -3.0 0.0 -3.0 -4.0 -1.0 -1.0 0.0 -3.0 0.0 -4.0 -4.0 -3.0 -4.0 -2.0 -4.0 -4.0 -4.0 -2.0 -3.0 -1.0 259.0 -3.0 -4.0 -4.0 -1.0 -2.0 -1.0 -2.0 0.0 -4.0 -1.0 -3.0 -3.0 0.0 -3.0 0.0 -3.0 -2.0 -2.0 -4.0 -2.0 -4.0 -2.0 -2.0 -4.0 -1.0 -3.0 0.0 -4.0 -3.0 -1.0 -1.0 -3.0 -2.0 0.0 -3.0 0.0 -4.0 -1.0 0.0 0.0 -2.0 -4.0 -3.0 -3.0 -4.0 -1.0 -2.0 -1.0 -1.0 -2.0 -2.0 -4.0 0.0 0.0 -3.0 -4.0 0.0 -4.0 -4.0 -1.0 -1.0 -4.0 -4.0 -4.0 -1.0 -1.0 -2.0 -1.0 -4.0 -4.0 -3.0 -1.0 -4.0 0.0 -4.0 -2.0 -1.0 -4.0 -4.0 -2.0 -3.0 -3.0 0.0 -4.0 -4.0 -1.0 -2.0 -2.0 0.0 -3.0 -2.0 -3.0 -2.0 
0.0 0.0 -2.0 0.0 -2.0 -1.0 -2.0 -3.0 -2.0 -4.0 -2.0 -2.0 -3.0 0.0 -4.0 -3.0 -2.0 0.0 -4.0 -1.0 -4.0 0.0 220.0 -2.0 0.0 -3.0 -1.0 -3.0 -1.0 -2.0 -1.0 -3.0 -4.0 -3.0 -2.0 -1.0 -4.0 -2.0 -2.0 -3.0 -2.0 -4.0 0.0 -2.0 -1.0 -3.0 -3.0 -1.0 -1.0 -1.0 -3.0 -2.0 -4.0 -4.0 -3.0 -3.0 -1.0 -2.0 -4.0 -4.0 0.0 0.0 -2.0 0.0 -2.0 0.0 -3.0 0.0 -2.0 -1.0 -2.0 -4.0 -2.0 0.0 -3.0 -1.0 -3.0 -1.0 -2.0 -2.0 -2.0 -1.0 0.0 -1.0 -3.0 0.0 -2.0 0.0 -3.0 -4.0 0.0 -4.0 -4.0 -2.0 -1.0 -1.0 0.0 -3.0 -1.0 -4.0 -2.0 0.0 -1.0 -4.0 -3.0 -2.0 -3.0 -1.0 -4.0 0.0 0.0 -4.0 0.0 0.0 -4.0 
0.0 -4.0 0.0 -3.0 -2.0 -1.0 -3.0 0.0 -2.0 0.0 -2.0 -4.0 -4.0 0.0 -1.0 -1.0 -3.0 -4.0 -3.0 -3.0 -3.0 0.0 -3.0 223.0 -4.0 -4.0 -1.0 -1.0 -4.0 -4.0 0.0 -1.0 -3.0 0.0 -3.0 -1.0 -4.0 -3.0 0.0 -3.0 -4.0 -1.0 -1.0 0.0 -1.0 0.0 -1.0 0.0 -3.0 -4.0 -1.0 -4.0 -2.0 -2.0 -3.0 -1.0 0.0 -4.0 -2.0 -4.0 -2.0 -1.0 -1.0 -3.0 -1.0 -4.0 0.0 -3.0 -4.0 0.0 -3.0 0.0 -1.0 -4.0 -1.0 -2.0 -3.0 -1.0 -2.0 -4.0 -2.0 -3.0 -1.0 -2.0 -2.0 -1.0 0.0 0.0 -2.0 -2.0 0.0 -2.0 -2.0 -4.0 -4.0 -1.0 -2.0 0.0 -3.0 0.0 -3.0 -4.0 -1.0 -1.0 0.0 -3.0 0.0 -2.0 -2.0 -3.0 -4.0 -3.0 -1.0 -1.0 -2.0 
0.0 -2.0 -2.0 -2.0 -4.0 -2.0 -4.0 0.0 -2.0 0.0 -2.0 -3.0 -2.0 -4.0 -4.0 -2.0 -1.0 -2.0 -2.0 -1.0 -1.0 -3.0 -2.0 -2.0 223.0 -1.0 -4.0 0.0 -2.0 -3.0 0.0 0.0 -4.0 -4.0 -3.0 -3.0 -1.0 0.0 0.0 -2.0 -2.0 -4.0 -1.0 -1.0 0.0 -1.0 -1.0 -2.0 -4.0 0.0 -1.0 -2.0 -3.0 -2.0 0.0 -4.0 -4.0 -1.0 -3.0 -2.0 -1.0 -1.0 -3.0 0.0 -3.0 -3.0 -2.0 -2.0 -3.0 -1.0 -2.0 -2.0 0.0 -4.0 -3.0 -1.0 -4.0 -1.0 0.0 -1.0 -4.0 -1.0 0.0 0.0 -2.0 -3.0 -3.0 -2.0 -2.0 -4.0 -4.0 -2.0 -3.0 -2.0 -2.0 -4.0 0.0 0.0 -3.0 0.0 -3.0 -1.0 -3.0 -1.0 -2.0 -4.0 -3.0 -2.0 -3.0 -4.0 0.0 -4.0 0.0 -1.0 0.0 
-1.0 -4.0 -1.0 -4.0 -2.0 -2.0 -4.0 -3.0 -2.0 0.0 -3.0 -4.0 -4.0 -3.0 -1.0 0.0 -2.0 -4.0 0.0 -3.0 0.0 -1.0 0.0 -1.0 -4.0 219.0 -2.0 -3.0 -4.0 -4.0 -3.0 -2.0 -3.0 -4.0 -4.0 -1.0 0.0 -2.0 -4.0 -2.0 -1.0 -1.0 0.0 -4.0 -3.0 -2.0 -4.0 -1.0 -3.0 -3.0 0.0 0.0 0.0 0.0 -1.0 -2.0 -2.0 -4.0 -3.0 -1.0 -1.0 0.0 -4.0 -2.0 -1.0 -2.0 -3.0 0.0 0.0 -1.0 -2.0 0.0 -3.0 -1.0 -1.0 -4.0 -2.0 -2.0 -1.0 -1.0 -1.0 -1.0 -4.0 0.0 -4.0 0.0 -3.0 -2.0 -3.0 -3.0 -3.0 0.0 -1.0 -2.0 0.0 -3.0 -2.0 0.0 -2.0 -2.0 0.0 -3.0 0.0 -4.0 -3.0 -2.0 0.0 -3.0 -1.0 -1.0 -1.0 -2.0 -2.0 -3.0 -1.0 
0.0 -4.0 -1.0 -1.0 -3.0 -2.0 -4.0 -3.0 -4.0 -1.0 -2.0 0.0 -3.0 0.0 -4.0 -1.0 -3.0 0.0 -4.0 -3.0 -4.0 -3.0 0.0 -2.0 -2.0 -2.0 239.0 -3.0 -1.0 -1.0 -4.0 -3.0 -4.0 -1.0 -3.0 -4.0 -3.0 -2.0 -4.0 -2.0 0.0 -2.0 -3.0 -4.0 -2.0 -2.0 -1.0 -2.0 0.0 -1.0 -4.0 -3.0 -4.0 0.0 -1.0 0.0 -2.0 -1.0 -4.0 -1.0 -3.0 0.0 0.0 -2.0 -1.0 0.0 -3.0 -3.0 0.0 0.0 -3.0 -3.0 -1.0 -4.0 -3.0 0.0 -2.0 -2.0 -3.0 -4.0 -4.0 -1.0 -4.0 -3.0 0.0 -1.0 -1.0 -2.0 -2.0 -3.0 0.0 -3.0 -2.0 0.0 0.0 -3.0 -3.0 0.0 0.0 -3.0 -3.0 -3.0 -2.0 -1.0 -4.0 -3.0 -1.0 -4.0 -3.0 -3.0 -3.0 -2.0 -1.0 -4.0 -2.0 
-2.0 -3.0 -4.0 0.0 -1.0 -2.0 -1.0 -4.0 -2.0 -2.0 -2.0 -2.0 0.0 -3.0 -4.0 -1.0 -2.0 -3.0 -3.0 0.0 -4.0 -1.0 0.0 -1.0 -1.0 -4.0 -1.0 226.0 -2.0 0.0 -3.0 -2.0 -4.0 -1.0 -2.0 -2.0 -2.0 0.0 -1.0 -1.0 -3.0 -1.0 -2.0 -3.0 0.0 0.0 -2.0 -1.0 -2.0 -3.0 -2.0 0.0 0.0 -3.0 -3.0 -3.0 -4.0 0.0 -2.0 -4.0 -2.0 -4.0 -4.0 -3.0 -1.0 -1.0 -1.0 -2.0 -1.0 -1.0 -4.0 -2.0 -2.0 -3.0 -3.0 0.0 -3.0 -2.0 -3.0 0.0 -3.0 -1.0 -3.0 -1.0 0.0 -4.0 -3.0 -2.0 -1.0 -1.0 -3.0 -4.0 -4.0 -3.0 0.0 -2.0 0.0 -4.0 -2.0 -2.0 -4.0 -1.0 0.0 -4.0 0.0 -1.0 -1.0 -1.0 -3.0 -2.0 -4.0 -4.0 -1.0 -1.0 -3.0 
-3.0 -4.0 0.0 0.0 -4.0 -4.0 -2.0 -2.0 -3.0 0.0 -3.0 0.0 0.0 -3.0 -1.0 -4.0 -1.0 -1.0 -2.0 -2.0 -3.0 -4.0 -2.0 0.0 -1.0 -2.0 0.0 -4.0 234.0 -3.0 -4.0 -2.0 -1.0 -3.0 -1.0 0.0 0.0 -3.0 -3.0 -2.0 -1.0 -3.0 -2.0 0.0 -3.0 0.0 -2.0 -4.0 -4.0 0.0 -2.0 -2.0 0.0 -2.0 0.0 -4.0 -4.0 0.0 -1.0 -4.0 0.0 -2.0 -2.0 -2.0 -3.0 0.0 -4.0 -2.0 0.0 -4.0 -2.0 -4.0 -2.0 -1.0 -4.0 -3.0 -1.0 -1.0 -4.0 -3.0 -4.0 -3.0 0.0 -2.0 -4.0 -2.0 -4.0 -2.0 -1.0 -2.0 -2.0 -4.0 -4.0 0.0 -4.0 -4.0 -2.0 -2.0 0.0 0.0 -3.0 0.0 -4.0 0.0 -1.0 -4.0 -2.0 -1.0 -1.0 -3.0 -2.0 -4.0 -1.0 -2.0 -1.0 
-1.0 0.0 -1.0 -2.0 0.0 -4.0 -1.0 -3.0 -1.0 -4.0 -3.0 -1.0 -4.0 -3.0 -2.0 -2.0 -4.0 -1.0 -3.0 -3.0 -1.0 -1.0 -3.0 -2.0 -4.0 -4.0 0.0 0.0 -3.0 221.0 -2.0 0.0 -4.0 -1.0 -2.0 0.0 -3.0 0.0 0.0 0.0 -2.0 -3.0 0.0 -2.0 -2.0 -4.0 -4.0 0.0 -2.0 0.0 -1.0 0.0 -1.0 0.0 0.0 -4.0 -1.0 -3.0 -3.0 -3.0 -2.0 -2.0 -2.0 -4.0 -2.0 -1.0 -2.0 0.0 -2.0 -4.0 -4.0 -2.0 -2.0 -1.0 -1.0 -1.0 0.0 -3.0 0.0 -2.0 -1.0 -1.0 0.0 -4.0 -1.0 -2.0 0.0 -2.0 -4.0 -4.0 0.0 -3.0 -3.0 -3.0 -3.0 -2.0 -3.0 -4.0 -4.0 -3.0 0.0 -3.0 -1.0 -4.0 -4.0 0.0 -1.0 -1.0 -3.0 0.0 -3.0 -1.0 -3.0 -3.0 -2.0 
-4.0 -3.0 -3.0 -4.0 -3.0 -4.0 -1.0 -2.0 -3.0 -1.0 -2.0 -4.0 -4.0 -2.0 0.0 -3.0 0.0 -3.0 -2.0 -4.0 -1.0 -2.0 0.0 -4.0 0.0 -1.0 -3.0 -1.0 -1.0 -2.0 226.0 -3.0 -2.0 0.0 -2.0 -1.0 -3.0 -4.0 -2.0 -3.0 -2.0 -2.0 -1.0 0.0 -2.0 -1.0 -3.0 -3.0 0.0 -1.0 0.0 0.0 -2.0 0.0 -4.0 -4.0 -3.0 -3.0 0.0 -3.0 -1.0 -1.0 -2.0 -4.0 -2.0 -2.0 -1.0 -3.0 -2.0 -1.0 0.0 -2.0 -1.0 -4.0 0.0 -1.0 -4.0 0.0 0.0 -2.0 0.0 0.0 -1.0 -2.0 -3.0 -4.0 -4.0 0.0 -3.0 -2.0 -3.0 0.0 -3.0 -4.0 -4.0 0.0 -4.0 -1.0 -4.0 -3.0 0.0 -3.0 -2.0 0.0 -1.0 0.0 -3.0 -3.0 -2.0 -2.0 -4.0 -1.0 0.0 -4.0 -2.0 
-2.0 -3.0 -4.0 0.0 -3.0 -2.0 -3.0 -2.0 -1.0 -1.0 -1.0 -1.0 -2.0 -3.0 -4.0 -2.0 -4.0 -4.0 -4.0 -3.0 -3.0 0.0 -1.0 -3.0 -1.0 -2.0 0.0 -3.0 -4.0 -2.0 -4.0 239.0 0.0 -1.0 -2.0 -4.0 -1.0 0.0 -4.0 -2.0 -2.0 0.0 -3.0 -1.0 -3.0 -4.0 -4.0 -3.0 -3.0 -1.0 -4.0 -2.0 -1.0 0.0 -2.0 -1.0 -4.0 -1.0 -2.0 -3.0 0.0 -4.0 -4.0 0.0 -3.0 -2.0 0.0 -1.0 0.0 -4.0 -2.0 -4.0 -4.0 -2.0 -4.0 -1.0 -2.0 0.0 0.0 -1.0 -3.0 -3.0 -2.0 0.0 -4.0 0.0 0.0 -4.0 -4.0 -2.0 -4.0 -3.0 -1.0 -3.0 -3.0 -3.0 -1.0 -3.0 -1.0 0.0 -3.0 0.0 -3.0 -4.0 -3.0 -3.0 -1.0 -2.0 -1.0 0.0 -2.0 -2.0 0.0 -3.0 0.0 
-3.0 -4.0 -4.0 -1.0 -2.0 0.0 -4.0 -2.0 -1.0 0.0 -3.0 -1.0 -4.0 -3.0 -4.0 0.0 -2.0 -2.0 -2.0 -3.0 -4.0 -1.0 -1.0 -4.0 -4.0 -3.0 -1.0 0.0 -1.0 -2.0 -1.0 -2.0 216.0 -4.0 -2.0 -1.0 -3.0 -1.0 -3.0 -1.0 -1.0 -1.0 -1.0 0.0 -2.0 0.0 -3.0 -1.0 -4.0 -1.0 -1.0 -4.0 0.0 -2.0 -2.0 0.0 -4.0 -2.0 -4.0 -1.0 -2.0 -2.0 -1.0 -2.0 -3.0 -1.0 -3.0 -4.0 -2.0 -1.0 -4.0 -4.0 -1.0 -4.0 -3.0 -3.0 -2.0 0.0 -3.0 -2.0 -1.0 -2.0 -3.0 0.0 -1.0 0.0 -2.0 -3.0 -3.0 0.0 0.0 0.0 -2.0 -3.0 -2.0 -1.0 -1.0 -3.0 0.0 0.0 -3.0 0.0 -4.0 -2.0 -1.0 -4.0 0.0 -1.0 -1.0 -2.0 -2.0 0.0 -3.0 0.0 -1.0 
-4.0 -4.0 -2.0 0.0 0.0 -4.0 -1.0 -1.0 0.0 -2.0 -2.0 -3.0 -2.0 0.0 -2.0 -4.0 0.0 -1.0 -1.0 0.0 -4.0 -2.0 0.0 -3.0 -1.0 -4.0 -1.0 0.0 -1.0 0.0 -3.0 -2.0 -3.0 216.0 -1.0 0.0 -3.0 -3.0 -4.0 0.0 0.0 -3.0 -4.0 0.0 -4.0 0.0 -2.0 0.0 -3.0 -3.0 -4.0 -3.0 -1.0 0.0 -1.0 -1.0 -4.0 -1.0 -4.0 -3.0 0.0 -4.0 -1.0 -1.0 -4.0 -1.0 -3.0 -1.0 0.0 -1.0 0.0 -1.0 0.0 -2.0 -2.0 -4.0 -1.0 -4.0 -4.0 -3.0 -3.0 -3.0 0.0 0.0 -2.0 -2.0 -1.0 -1.0 -1.0 -3.0 -1.0 -4.0 -3.0 -2.0 0.0 -4.0 -4.0 0.0 -1.0 -4.0 -1.0 -1.0 -2.0 0.0 -3.0 0.0 -4.0 -3.0 -4.0 0.0 -2.0 -1.0 -4.0 -4.0 -2.0 
-1.0 -2.0 -1.0 -1.0 -1.0 -2.0 -3.0 -2.0 -2.0 -1.0 -2.0 -4.0 -4.0 0.0 0.0 -3.0 -2.0 -1.0 -1.0 -3.0 -1.0 -4.0 0.0 -4.0 -1.0 -3.0 -1.0 -2.0 -3.0 -3.0 -2.0 -2.0 -2.0 -2.0 213.0 -2.0 -4.0 0.0 0.0 -3.0 0.0 -1.0 -1.0 -1.0 -2.0 0.0 0.0 -4.0 -1.0 -2.0 -4.0 -2.0 -4.0 -4.0 -1.0 -1.0 -3.0 -1.0 0.0 -2.0 -2.0 0.0 -1.0 -2.0 -3.0 -3.0 -2.0 -4.0 -3.0 -4.0 -1.0 -4.0 -3.0 -1.0 -4.0 -4.0 -1.0 -3.0 -2.0 -3.0 -3.0 -3.0 -1.0 -1.0 -2.0 -4.0 -1.0 0.0 0.0 0.0 -4.0 -4.0 0.0 -1.0 -2.0 -2.0 -4.0 -1.0 0.0 0.0 -1.0 -1.0 0.0 -4.0 -1.0 -3.0 0.0 -2.0 0.0 -3.0 0.0 -1.0 -3.0 -2.0 0.0 
0.0 -3.0 0.0 -3.0 -4.0 -3.0 -1.0 -1.0 -3.0 0.0 -1.0 -2.0 -4.0 -3.0 0.0 -1.0 -4.0 -1.0 -4.0 -1.0 -2.0 -4.0 -3.0 -1.0 -1.0 -2.0 -4.0 0.0 0.0 -3.0 -4.0 -1.0 -1.0 -4.0 -2.0 228.0 -1.0 0.0 -1.0 -1.0 0.0 -4.0 0.0 -2.0 -4.0 -2.0 -4.0 -4.0 -3.0 -1.0 -4.0 -2.0 -4.0 -3.0 -3.0 -3.0 -1.0 -4.0 -4.0 -1.0 -1.0 -3.0 -4.0 -4.0 -4.0 -2.0 -4.0 -1.0 -3.0 -1.0 -3.0 0.0 0.0 -1.0 -4.0 0.0 -2.0 -1.0 -2.0 0.0 -1.0 -3.0 -2.0 -1.0 -1.0 -3.0 0.0 -3.0 0.0 -1.0 -4.0 -2.0 -4.0 -3.0 -1.0 -4.0 -2.0 0.0 -4.0 -3.0 -3.0 0.0 -2.0 -1.0 0.0 -2.0 -2.0 0.0 -2.0 -1.0 0.0 -1.0 0.0 -4.0 -1.0 
-4.0 -3.0 -4.0 -3.0 0.0 -3.0 -4.0 -4.0 -3.0 -4.0 -2.0 -3.0 -4.0 -3.0 -4.0 -1.0 0.0 -4.0 -4.0 0.0 0.0 -2.0 0.0 -2.0 -1.0 -4.0 -1.0 -1.0 -2.0 0.0 -3.0 -1.0 -1.0 0.0 0.0 0.0 218.0 -3.0 0.0 -3.0 0.0 -1.0 -4.0 0.0 0.0 0.0 0.0 -1.0 -2.0 -2.0 0.0 -3.0 0.0 -1.0 -1.0 -1.0 -3.0 -1.0 -1.0 0.0 -4.0 -4.0 -3.0 -3.0 -2.0 -3.0 -1.0 0.0 0.0 -4.0 -3.0 0.0 -3.0 -4.0 -4.0 -2.0 -4.0 -1.0 -1.0 -2.0 0.0 -1.0 -2.0 -4.0 -2.0 -2.0 -3.0 -3.0 -4.0 -4.0 -1.0 -2.0 0.0 -1.0 -2.0 -4.0 -3.0 -3.0 -2.0 -3.0 -3.0 -1.0 -1.0 0.0 -4.0 -3.0 -1.0 -2.0 -3.0 -2.0 -1.0 -1.0 0.0 0.0 0.0 
-1.0 -1.0 0.0 0.0 -3.0 -2.0 -3.0 -4.0 -2.0 -2.0 -3.0 -2.0 0.0 -3.0 -4.0 0.0 -2.0 -2.0 -4.0 -2.0 -1.0 0.0 -2.0 -3.0 0.0 -2.0 -2.0 -2.0 -1.0 -1.0 0.0 -1.0 0.0 -2.0 -2.0 -3.0 -2.0 218.0 -2.0 -2.0 -3.0 -1.0 -3.0 -1.0 0.0 -1.0 -4.0 0.0 -3.0 -4.0 -4.0 -1.0 -4.0 0.0 -1.0 -3.0 -1.0 -1.0 -4.0 -4.0 -2.0 0.0 -3.0 -3.0 -3.0 -3.0 -3.0 -3.0 -3.0 0.0 0.0 -3.0 -4.0 -3.0 0.0 -3.0 -1.0 0.0 -1.0 -3.0 -3.0 -1.0 -4.0 0.0 -3.0 0.0 -2.0 -1.0 -4.0 -4.0 -2.0 -4.0 -1.0 -2.0 -2.0 -3.0 -1.0 0.0 -1.0 -1.0 0.0 -4.0 -1.0 -4.0 -4.0 -1.0 -3.0 0.0 0.0 -2.0 -2.0 0.0 0.0 -4.0 -2.0 
-4.0 0.0 -2.0 -1.0 -3.0 -2.0 -2.0 -2.0 0.0 -1.0 0.0 -1.0 -1.0 0.0 -4.0 -3.0 -4.0 -4.0 -4.0 -2.0 0.0 -1.0 -1.0 -1.0 -4.0 -2.0 -1.0 -2.0 -2.0 -1.0 -4.0 0.0 0.0 0.0 -1.0 0.0 -2.0 -4.0 210.0 -3.0 -3.0 0.0 -1.0 -1.0 0.0 -1.0 -2.0 -2.0 0.0 0.0 -3.0 -1.0 -4.0 -4.0 0.0 -4.0 0.0 0.0 -4.0 -3.0 0.0 0.0 -4.0 -1.0 0.0 0.0 -2.0 -1.0 -1.0 -4.0 -4.0 -2.0 0.0 -2.0 -2.0 -2.0 -1.0 -4.0 -1.0 -3.0 -3.0 -2.0 -4.0 -1.0 -3.0 -1.0 0.0 -1.0 -4.0 -2.0 -1.0 -3.0 -2.0 -3.0 -4.0 -2.0 -1.0 -2.0 -2.0 0.0 -4.0 -3.0 -3.0 -1.0 0.0 -3.0 -1.0 -1.0 -4.0 0.0 -1.0 -3.0 -3.0 -4.0 -2.0 
-4.0 -3.0 -2.0 -1.0 -1.0 -2.0 -4.0 -3.0 -2.0 0.0 -1.0 -4.0 0.0 -2.0 -4.0 0.0 -1.0 -1.0 -2.0 -3.0 -3.0 -2.0 0.0 -4.0 -3.0 0.0 0.0 -1.0 0.0 0.0 0.0 -3.0 0.0 0.0 -2.0 -1.0 0.0 -2.0 -1.0 206.0 -3.0 0.0 -1.0 0.0 0.0 -3.0 -2.0 -3.0 -4.0 -1.0 -2.0 -3.0 -4.0 -4.0 -2.0 -1.0 -4.0 -2.0 0.0 -4.0 -1.0 -3.0 -4.0 -2.0 -1.0 0.0 -4.0 -3.0 -2.0 -1.0 -4.0 -1.0 0.0 -1.0 0.0 -3.0 -3.0 -3.0 -2.0 -3.0 -1.0 -4.0 -1.0 -3.0 -2.0 -2.0 -1.0 -1.0 -3.0 0.0 0.0 -2.0 -2.0 -1.0 -4.0 -2.0 -2.0 -4.0 -3.0 -3.0 0.0 0.0 -3.0 0.0 -2.0 0.0 -3.0 -1.0 -4.0 -1.0 -1.0 -3.0 0.0 -1.0 0.0 
-1.0 -4.0 0.0 -2.0 -4.0 -2.0 0.0 -3.0 -4.0 -3.0 -2.0 -3.0 0.0 0.0 -1.0 -3.0 -1.0 0.0 -1.0 -2.0 0.0 -1.0 -4.0 -4.0 -4.0 0.0 -1.0 -4.0 -4.0 -1.0 -3.0 -1.0 0.0 -4.0 -4.0 -1.0 0.0 -2.0 -4.0 -1.0 205.0 -3.0 -1.0 0.0 -4.0 -2.0 0.0 -3.0 0.0 0.0 -2.0 0.0 0.0 -1.0 -1.0 -3.0 -1.0 -3.0 -1.0 -1.0 -3.0 0.0 -3.0 0.0 -4.0 -3.0 -2.0 0.0 -2.0 -2.0 -4.0 -2.0 -4.0 -2.0 0.0 -2.0 -1.0 0.0 -4.0 -3.0 -2.0 -4.0 -3.0 0.0 -1.0 -2.0 0.0 0.0 -2.0 -4.0 0.0 0.0 -2.0 -4.0 -4.0 0.0 -2.0 -4.0 -3.0 -2.0 0.0 -1.0 -3.0 -2.0 0.0 -1.0 0.0 -3.0 -1.0 -3.0 -1.0 -2.0 -1.0 0.0 -2.0 
0.0 -3.0 -4.0 0.0 -3.0 -1.0 -1.0 -1.0 0.0 -1.0 -4.0 -4.0 -1.0 -3.0 -1.0 -1.0 -3.0 -2.0 -4.0 -2.0 -1.0 -4.0 -1.0 -3.0 0.0 -3.0 -3.0 -2.0 0.0 -4.0 -1.0 0.0 -1.0 0.0 -4.0 -4.0 -2.0 -2.0 0.0 -3.0 -1.0 233.0 -2.0 -4.0 -4.0 -2.0 -1.0 -4.0 -3.0 -3.0 0.0 -3.0 -1.0 -3.0 -2.0 -3.0 -1.0 -4.0 0.0 -3.0 -1.0 -2.0 0.0 0.0 -3.0 -3.0 -3.0 -2.0 -2.0 -2.0 -4.0 -1.0 -4.0 -2.0 -1.0 -4.0 0.0 -3.0 -3.0 0.0 0.0 0.0 -1.0 0.0 -4.0 -1.0 -1.0 0.0 -1.0 -4.0 0.0 -2.0 -3.0 0.0 -4.0 -3.0 -4.0 0.0 -2.0 -4.0 -3.0 -1.0 -4.0 -3.0 0.0 -2.0 0.0 -4.0 0.0 -4.0 -4.0 -4.0 -4.0 -2.0 -3.0 
-2.0 -2.0 -2.0 0.0 -3.0 0.0 -4.0 0.0 0.0 -4.0 -3.0 -2.0 -1.0 -3.0 -4.0 -4.0 -4.0 -2.0 -4.0 0.0 -1.0 -3.0 -1.0 -2.0 0.0 -2.0 -2.0 0.0 -2.0 -4.0 -1.0 -1.0 -2.0 -4.0 -2.0 -2.0 0.0 -3.0 -3.0 -4.0 -4.0 -4.0 250.0 -2.0 -4.0 -3.0 -4.0 -3.0 -3.0 -1.0 -4.0 -2.0 -2.0 0.0 0.0 -4.0 0.0 0.0 0.0 -4.0 -3.0 -3.0 0.0 -1.0 -4.0 -1.0 -2.0 -4.0 -2.0 -3.0 0.0 -2.0 -2.0 -1.0 -2.0 -4.0 -2.0 -4.0 -4.0 -4.0 -2.0 -3.0 -1.0 -3.0 -3.0 -3.0 -3.0 -3.0 0.0 -4.0 0.0 -4.0 0.0 -1.0 -1.0 0.0 -3.0 -4.0 -4.0 -3.0 -1.0 -4.0 -4.0 -2.0 -3.0 -2.0 -2.0 -2.0 -2.0 -1.0 -2.0 -1.0 -1.0 -3.0 0.0 
-3.0 -4.0 -3.0 -3.0 -2.0 -1.0 -2.0 0.0 -4.0 -2.0 -4.0 -4.0 -2.0 -2.0 -1.0 -1.0 -4.0 -3.0 -2.0 -2.0 -4.0 0.0 -4.0 -4.0 -2.0 0.0 -1.0 -1.0 0.0 -3.0 -4.0 -2.0 -1.0 -2.0 -2.0 -1.0 -1.0 0.0 0.0 0.0 0.0 -1.0 -4.0 223.0 -4.0 -1.0 -2.0 -3.0 -4.0 0.0 -4.0 -1.0 -2.0 -3.0 -3.0 -3.0 -2.0 0.0 -3.0 0.0 0.0 -4.0 -1.0 -2.0 -3.0 -4.0 0.0 -2.0 -3.0 0.0 -4.0 -4.0 -2.0 -4.0 -4.0 -3.0 0.0 -2.0 0.0 -2.0 -1.0 0.0 -2.0 -1.0 -3.0 0.0 -2.0 -2.0 -1.0 -2.0 -3.0 -4.0 -3.0 0.0 0.0 -3.0 -4.0 0.0 0.0 -2.0 -1.0 -4.0 0.0 0.0 -2.0 -2.0 -2.0 -4.0 0.0 -4.0 0.0 -3.0 -1.0 -2.0 0.0 
-2.0 0.0 -3.0 0.0 0.0 -3.0 -1.0 -4.0 -3.0 -3.0 -1.0 -4.0 -4.0 -4.0 -3.0 -2.0 -1.0 -2.0 -2.0 -2.0 -3.0 -4.0 0.0 -3.0 -4.0 -1.0 -2.0 -1.0 -3.0 -4.0 -1.0 -2.0 -3.0 -4.0 -4.0 -4.0 -4.0 -4.0 -1.0 -3.0 -1.0 0.0 -1.0 -3.0 227.0 0.0 -2.0 -1.0 -2.0 -2.0 -1.0 0.0 0.0 -1.0 -3.0 -2.0 -3.0 -1.0 -3.0 -4.0 -2.0 -2.0 -2.0 -1.0 0.0 -1.0 -2.0 -1.0 -4.0 -3.0 -1.0 -2.0 0.0 0.0 -3.0 -4.0 0.0 -1.0 -4.0 -2.0 -4.0 0.0 -2.0 0.0 -2.0 0.0 -4.0 -3.0 -2.0 -4.0 -1.0 -2.0 -4.0 -3.0 -2.0 0.0 -2.0 0.0 0.0 -1.0 -2.0 0.0 0.0 0.0 -4.0 -4.0 -3.0 -3.0 0.0 -2.0 -2.0 -3.0 -3.0 0.0 -1.0 
-2.0 -2.0 -1.0 -3.0 -3.0 -1.0 -4.0 -1.0 -2.0 -3.0 -4.0 -4.0 -2.0 0.0 -3.0 -1.0 0.0 -1.0 -4.0 -1.0 0.0 -4.0 -1.0 -1.0 -1.0 -4.0 -3.0 -4.0 -3.0 -4.0 -1.0 -2.0 0.0 -1.0 0.0 -1.0 -2.0 0.0 0.0 -1.0 -3.0 0.0 0.0 0.0 -4.0 227.0 -1.0 -4.0 -2.0 -1.0 0.0 -4.0 -1.0 -3.0 -4.0 -3.0 0.0 -1.0 -1.0 -3.0 0.0 -3.0 -2.0 -1.0 -2.0 -4.0 -1.0 -3.0 -4.0 -3.0 -4.0 0.0 0.0 -4.0 -2.0 -3.0 -4.0 -2.0 0.0 -2.0 -2.0 -1.0 -4.0 -2.0 -4.0 -3.0 -4.0 -3.0 -2.0 -2.0 -4.0 -2.0 0.0 0.0 -1.0 -4.0 -1.0 -2.0 -1.0 -2.0 -4.0 -4.0 0.0 0.0 -4.0 -3.0 -1.0 -4.0 -1.0 -1.0 -2.0 -3.0 -2.0 0.0 0.0 
-2.0 -2.0 -3.0 -3.0 -1.0 -3.0 -4.0 -3.0 -1.0 -2.0 0.0 -2.0 -2.0 -4.0 -3.0 -2.0 -1.0 -2.0 -3.0 -2.0 -2.0 0.0 -2.0 -1.0 -4.0 -3.0 -2.0 -4.0 -2.0 0.0 -1.0 -1.0 -3.0 -3.0 0.0 -3.0 0.0 0.0 0.0 -1.0 -2.0 0.0 -4.0 -4.0 0.0 0.0 219.0 0.0 0.0 -4.0 -3.0 0.0 -3.0 -3.0 -4.0 -1.0 -1.0 -2.0 -3.0 -3.0 -2.0 -3.0 -2.0 -1.0 -1.0 -2.0 -4.0 -1.0 -3.0 -2.0 0.0 -2.0 -1.0 -3.0 0.0 -3.0 -3.0 -4.0 0.0 -4.0 -2.0 -2.0 -2.0 0.0 -2.0 -1.0 0.0 -4.0 -1.0 -2.0 -2.0 0.0 -2.0 -4.0 -2.0 -1.0 -3.0 -2.0 -1.0 -3.0 -2.0 0.0 -4.0 -1.0 -4.0 -2.0 -2.0 -3.0 -2.0 -1.0 -2.0 -2.0 0.0 -3.0 0.0 
0.0 -1.0 -2.0 -1.0 0.0 -3.0 -1.0 -3.0 0.0 -4.0 0.0 -3.0 -4.0 -1.0 -2.0 -2.0 -4.0 0.0 0.0 -4.0 -3.0 -3.0 -1.0 0.0 -2.0 -4.0 -2.0 -4.0 -4.0 -3.0 -1.0 -3.0 -4.0 -2.0 -3.0 -1.0 -4.0 -2.0 -1.0 -4.0 -2.0 -1.0 -2.0 -2.0 -3.0 0.0 -3.0 235.0 -1.0 0.0 -3.0 -1.0 0.0 -4.0 -1.0 -2.0 -2.0 -4.0 0.0 -1.0 -4.0 -2.0 -2.0 -2.0 -4.0 -2.0 -1.0 -3.0 -1.0 0.0 -3.0 -1.0 -4.0 -3.0 -2.0 -2.0 -2.0 -4.0 -3.0 -2.0 -1.0 -4.0 -3.0 -2.0 -4.0 -2.0 -3.0 0.0 0.0 -1.0 -3.0 0.0 -2.0 -1.0 0.0 -3.0 -4.0 0.0 -1.0 -4.0 -2.0 -3.0 -1.0 -2.0 -4.0 0.0 -2.0 -2.0 -2.0 -2.0 -2.0 -3.0 0.0 -3.0 -4.0 
-3.0 0.0 -1.0 -1.0 0.0 -3.0 -3.0 0.0 -2.0 -4.0 -3.0 -2.0 -1.0 -2.0 0.0 -2.0 0.0 -2.0 -4.0 -1.0 -2.0 0.0 -3.0 -1.0 -4.0 0.0 -4.0 0.0 -4.0 -4.0 -1.0 -3.0 -1.0 -4.0 -2.0 -1.0 0.0 -3.0 -4.0 -4.0 -1.0 -3.0 -2.0 -1.0 0.0 -1.0 -1.0 -2.0 227.0 -4.0 0.0 -2.0 -4.0 0.0 -3.0 -4.0 0.0 -1.0 0.0 0.0 -3.0 -1.0 -1.0 -2.0 -2.0 -3.0 0.0 -4.0 -4.0 -3.0 -2.0 -3.0 0.0 -3.0 -1.0 0.0 0.0 -3.0 -4.0 0.0 -1.0 -1.0 -4.0 -4.0 -1.0 -2.0 -2.0 -4.0 -4.0 -4.0 0.0 0.0 -4.0 -1.0 -2.0 -3.0 -2.0 -1.0 -4.0 0.0 -4.0 -4.0 0.0 -4.0 -3.0 -3.0 0.0 -2.0 -3.0 -4.0 -3.0 0.0 -4.0 -2.0 0.0 
-1.0 -2.0 -2.0 0.0 -1.0 -4.0 0.0 -2.0 -4.0 -1.0 0.0 -3.0 -2.0 -4.0 -1.0 -3.0 -3.0 -3.0 -2.0 -4.0 -3.0 -2.0 -3.0 -4.0 0.0 -3.0 -4.0 -2.0 -3.0 0.0 -3.0 0.0 -2.0 -4.0 -1.0 -3.0 -2.0 -3.0 -4.0 -3.0 -1.0 -4.0 -2.0 -4.0 0.0 -3.0 -3.0 -2.0 -3.0 245.0 -4.0 -4.0 -3.0 -1.0 -1.0 -3.0 -3.0 0.0 -4.0 -3.0 0.0 -1.0 -2.0 -4.0 0.0 -3.0 0.0 -4.0 -4.0 -2.0 -2.0 -3.0 -4.0 0.0 -3.0 0.0 0.0 -3.0 0.0 -4.0 -1.0 -2.0 -1.0 -1.0 -1.0 -2.0 0.0 -4.0 0.0 -1.0 -4.0 0.0 -2.0 -1.0 0.0 -1.0 -2.0 -3.0 -2.0 -2.0 -4.0 -4.0 -4.0 -3.0 -1.0 -4.0 -3.0 -1.0 -4.0 -1.0 0.0 -1.0 -2.0 -3.0 -2.0 
-2.0 -2.0 0.0 -3.0 -3.0 -1.0 0.0 -1.0 -3.0 -1.0 0.0 -2.0 -1.0 0.0 -2.0 -1.0 -1.0 -4.0 -4.0 -1.0 0.0 -1.0 -4.0 0.0 -2.0 -4.0 -2.0 -1.0 -1.0 -2.0 -2.0 -3.0 -1.0 -2.0 0.0 -2.0 -4.0 -3.0 -4.0 -1.0 -3.0 -4.0 -1.0 -1.0 0.0 0.0 -1.0 0.0 0.0 -3.0 216.0 -2.0 -2.0 0.0 -3.0 -4.0 -1.0 -1.0 -1.0 -2.0 -2.0 -2.0 -2.0 -1.0 -4.0 -3.0 -2.0 -3.0 0.0 -4.0 -3.0 0.0 0.0 -1.0 -1.0 -3.0 -4.0 -3.0 -4.0 -2.0 -2.0 -4.0 -3.0 -3.0 -4.0 0.0 -1.0 -1.0 -2.0 -2.0 -3.0 -1.0 -2.0 0.0 -2.0 -2.0 -1.0 0.0 -4.0 -1.0 -1.0 -4.0 -4.0 -3.0 -3.0 -2.0 0.0 -1.0 -1.0 -4.0 0.0 -2.0 -3.0 -2.0 -4.0 
-2.0 -3.0 0.0 0.0 0.0 0.0 0.0 0.0 -4.0 0.0 -2.0 -2.0 -4.0 -1.0 -1.0 -2.0 -3.0 -3.0 0.0 -1.0 -4.0 0.0 -4.0 0.0 0.0 0.0 -2.0 -2.0 -4.0 0.0 -1.0 -2.0 -3.0 0.0 -3.0 -2.0 -4.0 -4.0 -3.0 -4.0 -4.0 -2.0 -1.0 -2.0 -3.0 -3.0 -2.0 -2.0 -1.0 -1.0 0.0 222.0 -4.0 0.0 -3.0 -2.0 -3.0 -4.0 -4.0 -2.0 -3.0 -1.0 -4.0 -3.0 0.0 -3.0 -2.0 0.0 -2.0 -4.0 -4.0 -1.0 -4.0 -4.0 -3.0 -3.0 0.0 -1.0 -3.0 0.0 -4.0 -1.0 0.0 -4.0 -4.0 0.0 0.0 -4.0 -1.0 0.0 -2.0 -4.0 0.0 -2.0 -3.0 -4.0 -1.0 0.0 -4.0 -1.0 -1.0 -1.0 -2.0 -4.0 0.0 -2.0 0.0 -1.0 -3.0 -4.0 -1.0 -2.0 0.0 -2.0 -2.0 
-3.0 -2.0 0.0 -1.0 0.0 -4.0 -1.0 -4.0 0.0 -1.0 0.0 -2.0 -2.0 -2.0 0.0 -3.0 -1.0 -3.0 -2.0 -1.0 -2.0 -1.0 0.0 0.0 -3.0 -4.0 -2.0 -3.0 -1.0 0.0 -1.0 -3.0 -1.0 -4.0 -1.0 -3.0 -3.0 -2.0 -2.0 0.0 -3.0 -1.0 -2.0 -4.0 -4.0 -4.0 -1.0 -1.0 -4.0 0.0 -3.0 -3.0 234.0 -4.0 -3.0 -3.0 -3.0 -4.0 -2.0 -4.0 0.0 0.0 -3.0 -2.0 -1.0 0.0 -2.0 -1.0 -4.0 -3.0 -4.0 -1.0 0.0 -2.0 0.0 -1.0 -1.0 -3.0 -4.0 0.0 0.0 -4.0 -2.0 0.0 -4.0 -2.0 -2.0 -3.0 -1.0 -4.0 0.0 -2.0 -4.0 -1.0 0.0 -4.0 -3.0 -3.0 -4.0 -4.0 -1.0 -2.0 -2.0 -4.0 -1.0 -3.0 -1.0 -3.0 -2.0 -4.0 -2.0 -1.0 -4.0 -3.0 -1.0 
0.0 -3.0 -3.0 -2.0 -1.0 -2.0 -2.0 -3.0 0.0 -2.0 -3.0 -2.0 -2.0 -3.0 -1.0 -3.0 -2.0 0.0 -2.0 -4.0 -3.0 -3.0 -4.0 -1.0 -3.0 -4.0 0.0 -2.0 -1.0 -4.0 0.0 -4.0 0.0 0.0 -4.0 -2.0 -1.0 0.0 -4.0 -4.0 0.0 0.0 -4.0 -4.0 -3.0 -1.0 -3.0 0.0 -4.0 -2.0 -1.0 0.0 -3.0 221.0 -3.0 -3.0 0.0 -2.0 -4.0 -1.0 0.0 0.0 -2.0 -4.0 -2.0 0.0 -2.0 -2.0 -4.0 -1.0 -2.0 -4.0 -1.0 -3.0 -3.0 -1.0 -4.0 0.0 0.0 -3.0 -1.0 -3.0 0.0 0.0 -3.0 0.0 -2.0 -4.0 -2.0 -2.0 -2.0 -2.0 0.0 -1.0 0.0 -3.0 -1.0 -1.0 -1.0 0.0 0.0 -3.0 -3.0 -1.0 -4.0 -3.0 -2.0 0.0 -4.0 -3.0 -3.0 0.0 -2.0 -4.0 -1.0 
-1.0 0.0 0.0 -1.0 0.0 -3.0 0.0 -2.0 -1.0 -3.0 -3.0 -4.0 -2.0 -4.0 -3.0 -4.0 0.0 -2.0 0.0 -4.0 -3.0 0.0 -1.0 -4.0 -4.0 -2.0 -1.0 -4.0 -3.0 -3.0 -4.0 0.0 0.0 -2.0 -3.0 -1.0 0.0 -3.0 -2.0 -1.0 -1.0 -3.0 -2.0 -2.0 -3.0 0.0 0.0 -3.0 -3.0 -1.0 -3.0 -3.0 -1.0 0.0 199.0 -4.0 0.0 0.0 0.0 -2.0 -2.0 0.0 0.0 0.0 -2.0 0.0 -2.0 0.0 -2.0 -1.0 -3.0 -4.0 0.0 0.0 -1.0 -4.0 0.0 0.0 -3.0 -1.0 0.0 -3.0 -1.0 -2.0 -4.0 -2.0 0.0 -1.0 -4.0 -2.0 -1.0 -1.0 -1.0 -3.0 -4.0 0.0 -3.0 -2.0 -3.0 -4.0 0.0 -4.0 -4.0 -1.0 -4.0 0.0 -3.0 0.0 -2.0 -2.0 0.0 0.0 -3.0 0.0 -1.0 
-1.0 -3.0 -3.0 0.0 0.0 -3.0 -3.0 -4.0 0.0 -2.0 -1.0 -3.0 -1.0 -3.0 -3.0 -4.0 -1.0 -2.0 -2.0 -2.0 0.0 -1.0 -3.0 0.0 -3.0 0.0 -2.0 -2.0 -2.0 -4.0 -3.0 -3.0 -2.0 -4.0 -3.0 0.0 -1.0 0.0 -3.0 -1.0 -2.0 0.0 -1.0 0.0 -3.0 -2.0 -2.0 -1.0 -2.0 0.0 -3.0 -2.0 -1.0 -1.0 -3.0 228.0 -3.0 -4.0 -2.0 0.0 -2.0 -2.0 -2.0 -4.0 -1.0 -1.0 -2.0 -4.0 -2.0 -3.0 -4.0 -2.0 -3.0 -3.0 -3.0 -4.0 -4.0 -4.0 -1.0 -2.0 0.0 0.0 -4.0 -4.0 -1.0 -4.0 -1.0 -3.0 -2.0 -1.0 0.0 0.0 -1.0 -1.0 0.0 -1.0 -4.0 -3.0 -4.0 0.0 -1.0 -4.0 -2.0 -4.0 -1.0 -1.0 -3.0 -2.0 0.0 0.0 -1.0 -4.0 0.0 -4.0 -4.0 
-4.0 -2.0 -1.0 0.0 -4.0 0.0 -1.0 -1.0 -4.0 -4.0 -2.0 -3.0 0.0 0.0 -3.0 0.0 -1.0 -2.0 0.0 -1.0 -3.0 -3.0 -4.0 -1.0 -1.0 0.0 -1.0 -2.0 -1.0 -2.0 -3.0 -2.0 -4.0 -3.0 -4.0 -1.0 -4.0 -1.0 -1.0 -4.0 -4.0 -4.0 -3.0 -1.0 0.0 0.0 0.0 -2.0 -3.0 -2.0 -1.0 0.0 -4.0 0.0 -3.0 0.0 223.0 0.0 0.0 0.0 -3.0 -3.0 -3.0 -3.0 -3.0 -3.0 -1.0 0.0 -3.0 -1.0 -1.0 -3.0 -4.0 -3.0 -4.0 -2.0 -1.0 -1.0 -3.0 -4.0 -2.0 0.0 -4.0 0.0 -3.0 -3.0 -4.0 -4.0 -1.0 -2.0 -1.0 -3.0 -1.0 -3.0 -2.0 -1.0 -4.0 -4.0 -3.0 -2.0 -1.0 -3.0 -3.0 -1.0 -1.0 0.0 -3.0 -3.0 0.0 0.0 -3.0 0.0 0.0 -3.0 -1.0 
-4.0 -1.0 -3.0 -3.0 -3.0 -1.0 -3.0 -2.0 -3.0 -4.0 -1.0 -2.0 -1.0 0.0 -3.0 -1.0 0.0 -2.0 -2.0 0.0 -4.0 -4.0 -2.0 -4.0 0.0 -4.0 0.0 -1.0 -4.0 -2.0 0.0 -4.0 -3.0 0.0 -1.0 -2.0 -1.0 -1.0 -4.0 -2.0 -2.0 0.0 -3.0 -4.0 -1.0 -3.0 0.0 -2.0 0.0 0.0 -3.0 -4.0 0.0 -1.0 -1.0 0.0 -1.0 208.0 0.0 0.0 -4.0 -4.0 -3.0 0.0 -4.0 -1.0 -1.0 -1.0 0.0 -2.0 0.0 -3.0 -1.0 -2.0 -1.0 0.0 -4.0 -1.0 0.0 0.0 -1.0 -3.0 0.0 -2.0 -4.0 -4.0 -2.0 -3.0 -4.0 -4.0 -2.0 -1.0 0.0 0.0 -1.0 0.0 -3.0 -3.0 -1.0 0.0 -4.0 0.0 0.0 -3.0 -3.0 -2.0 -3.0 -2.0 0.0 -3.0 -2.0 -3.0 0.0 -2.0 -4.0 
0.0 -4.0 -3.0 0.0 -4.0 -1.0 0.0 0.0 -2.0 -2.0 -4.0 -4.0 0.0 -4.0 -4.0 -2.0 -3.0 -2.0 0.0 0.0 -4.0 -4.0 -3.0 -4.0 0.0 -2.0 0.0 0.0 -1.0 0.0 -3.0 -1.0 -3.0 -2.0 -4.0 -2.0 0.0 -4.0 0.0 -4.0 -3.0 -2.0 -4.0 -1.0 -4.0 -1.0 -4.0 -4.0 -1.0 -2.0 -3.0 0.0 -1.0 0.0 0.0 0.0 -2.0 -3.0 239.0 0.0 -2.0 -1.0 -3.0 -4.0 -2.0 -3.0 -4.0 -1.0 -1.0 -2.0 -4.0 -3.0 -2.0 -1.0 -2.0 -1.0 0.0 -2.0 -3.0 -3.0 -4.0 -1.0 -3.0 -3.0 -2.0 -2.0 -1.0 -3.0 -3.0 -3.0 0.0 -2.0 -2.0 -1.0 -1.0 -2.0 0.0 -1.0 -3.0 -3.0 -2.0 -1.0 -3.0 -4.0 -3.0 0.0 -4.0 -3.0 -2.0 -3.0 -3.0 -4.0 -2.0 -3.0 -3.0 
-4.0 0.0 0.0 -4.0 -4.0 -1.0 -1.0 -1.0 -3.0 -1.0 -3.0 -3.0 -4.0 -3.0 -2.0 -4.0 -1.0 -3.0 -2.0 0.0 -1.0 -1.0 0.0 -2.0 -3.0 -2.0 -1.0 0.0 0.0 -2.0 0.0 -2.0 -1.0 -1.0 0.0 0.0 -3.0 -1.0 -1.0 0.0 0.0 -4.0 -1.0 -1.0 -3.0 0.0 0.0 -4.0 0.0 -3.0 0.0 -2.0 -1.0 -2.0 -2.0 -3.0 -4.0 -4.0 -2.0 194.0 -3.0 -1.0 -1.0 -2.0 0.0 -1.0 -4.0 -3.0 0.0 -3.0 -3.0 0.0 0.0 -1.0 -3.0 -3.0 -1.0 -2.0 -1.0 -1.0 -1.0 0.0 -3.0 0.0 0.0 -1.0 -3.0 -1.0 -3.0 -2.0 0.0 -4.0 -3.0 -1.0 -2.0 -2.0 -2.0 -1.0 -2.0 -4.0 -4.0 -2.0 -3.0 0.0 0.0 0.0 -4.0 -3.0 0.0 -1.0 -1.0 -2.0 -2.0 -3.0 0.0 
-4.0 -2.0 -4.0 -3.0 0.0 -1.0 -1.0 0.0 -1.0 -3.0 0.0 -1.0 -1.0 -3.0 -1.0 -1.0 -3.0 -3.0 0.0 0.0 -1.0 0.0 -2.0 -3.0 -2.0 -2.0 -4.0 -4.0 -3.0 -2.0 -4.0 -4.0 -2.0 -4.0 -1.0 -1.0 -4.0 0.0 -3.0 -3.0 0.0 -3.0 -2.0 -2.0 0.0 -3.0 -4.0 -4.0 0.0 -2.0 -2.0 -2.0 -3.0 -1.0 0.0 0.0 -1.0 0.0 -4.0 -3.0 217.0 -2.0 -1.0 -4.0 0.0 -2.0 -4.0 0.0 -2.0 -4.0 -2.0 -2.0 -2.0 -4.0 -1.0 -3.0 0.0 -2.0 -3.0 -2.0 -2.0 -1.0 -3.0 -4.0 -4.0 -3.0 -1.0 -1.0 0.0 0.0 -3.0 0.0 -1.0 -2.0 -1.0 -3.0 -2.0 -1.0 -3.0 0.0 -3.0 -4.0 -1.0 -1.0 -3.0 0.0 -1.0 -4.0 -1.0 -1.0 -2.0 0.0 0.0 -2.0 -2.0 
-3.0 -3.0 -4.0 -4.0 -4.0 -1.0 -3.0 -3.0 -1.0 -2.0 0.0 -2.0 -4.0 -2.0 -3.0 -3.0 0.0 -3.0 -1.0 -4.0 0.0 -3.0 -3.0 -2.0 0.0 -1.0 0.0 0.0 0.0 0.0 -2.0 -3.0 -3.0 -2.0 -1.0 0.0 -3.0 -3.0 -4.0 -4.0 -2.0 -3.0 0.0 0.0 -1.0 -4.0 -2.0 -3.0 -4.0 0.0 0.0 0.0 -1.0 0.0 -3.0 -3.0 -2.0 -3.0 0.0 -2.0 -1.0 215.0 -2.0 -3.0 -4.0 -4.0 -4.0 -2.0 -2.0 -2.0 -4.0 -1.0 -3.0 -1.0 -2.0 -2.0 -2.0 -2.0 0.0 -3.0 -3.0 -3.0 -3.0 -2.0 -3.0 0.0 -3.0 -1.0 0.0 -2.0 0.0 -3.0 -2.0 0.0 0.0 0.0 -3.0 0.0 -3.0 0.0 -1.0 -2.0 -3.0 0.0 -2.0 0.0 -2.0 -1.0 -1.0 -3.0 -4.0 0.0 0.0 -1.0 -3.0 
-3.0 -1.0 -1.0 -1.0 -3.0 -1.0 -4.0 -4.0 -2.0 -4.0 -1.0 -3.0 -1.0 -2.0 -1.0 -4.0 -2.0 0.0 0.0 0.0 -1.0 0.0 -3.0 -4.0 -2.0 -3.0 -3.0 -1.0 -1.0 -4.0 -3.0 -3.0 0.0 -3.0 0.0 -4.0 -2.0 0.0 -2.0 -1.0 0.0 0.0 -2.0 -2.0 0.0 -1.0 -4.0 -1.0 -4.0 -1.0 -3.0 -4.0 -4.0 -1.0 -1.0 -2.0 -3.0 0.0 0.0 -1.0 0.0 -1.0 230.0 -3.0 0.0 -1.0 0.0 0.0 -2.0 -2.0 -1.0 -4.0 -2.0 -3.0 -4.0 -4.0 -2.0 0.0 -3.0 -1.0 -4.0 -1.0 -1.0 -3.0 -3.0 -2.0 -3.0 -1.0 -4.0 -4.0 -3.0 -3.0 -2.0 -4.0 -4.0 -2.0 -4.0 -1.0 0.0 -1.0 -2.0 0.0 -3.0 -2.0 -3.0 -4.0 -2.0 -3.0 -3.0 -1.0 -4.0 -1.0 -1.0 -3.0 -3.0 
0.0 -1.0 0.0 -1.0 0.0 -3.0 -1.0 -4.0 -3.0 -1.0 -4.0 -1.0 -3.0 -3.0 0.0 -2.0 -3.0 -4.0 -4.0 -1.0 -3.0 -3.0 -3.0 0.0 -1.0 -1.0 -3.0 -1.0 -4.0 0.0 -3.0 0.0 -3.0 -1.0 0.0 -2.0 -2.0 -2.0 -4.0 -2.0 -4.0 -4.0 -4.0 0.0 -3.0 0.0 -4.0 -3.0 -2.0 -4.0 -4.0 -4.0 -2.0 0.0 0.0 -2.0 0.0 -4.0 -3.0 -3.0 -3.0 -3.0 -2.0 241.0 -3.0 -2.0 -4.0 0.0 0.0 -2.0 -1.0 -2.0 -2.0 -1.0 -3.0 -4.0 -2.0 -1.0 0.0 -2.0 -2.0 -3.0 -1.0 -4.0 -2.0 -2.0 -1.0 -1.0 -4.0 -1.0 -2.0 -1.0 -3.0 -3.0 -2.0 -1.0 -4.0 -3.0 -3.0 -4.0 -3.0 0.0 -3.0 -1.0 0.0 -2.0 -2.0 -2.0 -3.0 -2.0 -1.0 -3.0 -1.0 -4.0 -3.0 
-2.0 -3.0 -1.0 -1.0 -2.0 -3.0 -3.0 -3.0 -1.0 -3.0 -3.0 -3.0 -4.0 0.0 -4.0 -1.0 0.0 -2.0 -2.0 0.0 -3.0 -3.0 -1.0 0.0 -2.0 -4.0 -3.0 -2.0 -1.0 0.0 -3.0 -1.0 0.0 -4.0 -4.0 -1.0 -2.0 -1.0 0.0 -4.0 -3.0 -3.0 0.0 -1.0 -2.0 -2.0 -1.0 -1.0 -1.0 0.0 -4.0 -4.0 -4.0 -3.0 -4.0 -4.0 -1.0 0.0 -1.0 -3.0 -4.0 -2.0 0.0 -4.0 245.0 -3.0 -4.0 -3.0 -1.0 -4.0 -2.0 0.0 -3.0 -4.0 0.0 -1.0 0.0 -3.0 -2.0 0.0 -4.0 -3.0 0.0 -3.0 -3.0 -4.0 -4.0 -3.0 -3.0 -1.0 -4.0 0.0 -2.0 -4.0 -2.0 -1.0 -1.0 -3.0 -1.0 -3.0 -2.0 -1.0 -3.0 -3.0 -1.0 -1.0 -3.0 -1.0 -3.0 -4.0 -2.0 -3.0 -4.0 0.0 -3.0 
-4.0 -1.0 -2.0 -4.0 -2.0 -2.0 -4.0 0.0 0.0 -2.0 -3.0 0.0 -4.0 -1.0 -3.0 0.0 -3.0 -3.0 -4.0 0.0 -2.0 0.0 -4.0 -2.0 -2.0 -4.0 -3.0 -3.0 -1.0 0.0 -4.0 -1.0 -3.0 0.0 -2.0 -4.0 -3.0 -2.0 -4.0 -2.0 -3.0 -3.0 -1.0 -1.0 -4.0 -2.0 -2.0 -3.0 -1.0 0.0 -4.0 0.0 -1.0 -4.0 -1.0 -2.0 0.0 -3.0 -2.0 -2.0 -2.0 -1.0 0.0 -4.0 -2.0 217.0 0.0 -2.0 -2.0 0.0 0.0 -3.0 -1.0 -1.0 -1.0 -3.0 -4.0 0.0 0.0 -1.0 0.0 -3.0 0.0 -4.0 -2.0 -1.0 -1.0 -3.0 -1.0 -2.0 0.0 -2.0 -4.0 0.0 0.0 -2.0 -4.0 -4.0 0.0 -1.0 -1.0 -2.0 -2.0 0.0 -2.0 -1.0 -1.0 -3.0 -4.0 -4.0 -1.0 0.0 -4.0 -3.0 -1.0 
-2.0 0.0 0.0 -1.0 -3.0 -2.0 -4.0 0.0 0.0 -2.0 -3.0 -2.0 -2.0 -2.0 -1.0 -1.0 0.0 0.0 -3.0 0.0 -1.0 -4.0 0.0 -3.0 0.0 -4.0 0.0 -4.0 -3.0 -4.0 0.0 0.0 -3.0 0.0 0.0 -3.0 -1.0 -3.0 0.0 0.0 -2.0 -1.0 -1.0 -4.0 -4.0 -3.0 -3.0 -1.0 0.0 -1.0 -3.0 -4.0 -1.0 -2.0 0.0 -2.0 -3.0 -4.0 -3.0 -2.0 -4.0 -3.0 0.0 -4.0 -2.0 -2.0 201.0 -3.0 0.0 -2.0 -2.0 -1.0 -2.0 0.0 0.0 -3.0 -3.0 -2.0 0.0 0.0 -1.0 -2.0 -3.0 -3.0 -2.0 -3.0 0.0 -4.0 0.0 0.0 -4.0 -4.0 -4.0 -2.0 -1.0 0.0 -3.0 0.0 -1.0 -4.0 0.0 -3.0 0.0 0.0 0.0 0.0 -1.0 -4.0 0.0 -4.0 -4.0 -3.0 -1.0 0.0 -2.0 
-4.0 0.0 -1.0 -3.0 -3.0 -3.0 -2.0 0.0 0.0 -1.0 -3.0 0.0 0.0 -3.0 -2.0 0.0 -1.0 -4.0 -3.0 -1.0 -1.0 -4.0 -1.0 -2.0 0.0 0.0 -4.0 0.0 -1.0 0.0 -4.0 -3.0 -2.0 -1.0 -1.0 -1.0 -4.0 -1.0 0.0 -3.0 0.0 -3.0 -3.0 0.0 0.0 -3.0 -3.0 -2.0 -1.0 0.0 0.0 -4.0 -3.0 -2.0 -3.0 -3.0 -3.0 -2.0 -1.0 -3.0 -1.0 -2.0 -3.0 -2.0 -3.0 0.0 -3.0 216.0 -2.0 -4.0 -2.0 -2.0 -1.0 -1.0 -4.0 0.0 -1.0 -4.0 0.0 -1.0 -3.0 -1.0 -3.0 0.0 -2.0 0.0 -4.0 -2.0 -2.0 0.0 -3.0 0.0 -3.0 -1.0 -4.0 -4.0 -1.0 -4.0 -3.0 0.0 -1.0 -3.0 -2.0 -2.0 -4.0 -3.0 0.0 -4.0 0.0 0.0 -4.0 -4.0 -1.0 -3.0 -3.0 
-1.0 0.0 -3.0 -2.0 -2.0 0.0 -3.0 -4.0 -2.0 -1.0 -4.0 -2.0 -4.0 0.0 -2.0 -1.0 -1.0 -1.0 -2.0 -2.0 -4.0 -3.0 -1.0 0.0 -1.0 0.0 -4.0 -2.0 -3.0 -4.0 0.0 0.0 -3.0 0.0 -2.0 -2.0 -2.0 -1.0 -2.0 0.0 -2.0 -4.0 0.0 -2.0 -3.0 -3.0 -2.0 -1.0 -2.0 -2.0 -4.0 -4.0 -3.0 0.0 -2.0 -1.0 -3.0 -4.0 -2.0 -1.0 -2.0 -4.0 -1.0 -2.0 -3.0 -1.0 0.0 -4.0 216.0 -2.0 0.0 0.0 -2.0 -1.0 -3.0 0.0 0.0 -4.0 -2.0 0.0 -4.0 -2.0 0.0 -4.0 0.0 0.0 -4.0 -3.0 0.0 -4.0 -2.0 0.0 -1.0 -1.0 0.0 -2.0 -3.0 -4.0 -2.0 -3.0 -1.0 -4.0 -1.0 -4.0 0.0 -2.0 -2.0 -1.0 0.0 -1.0 -4.0 -4.0 -3.0 -1.0 -2.0 
-2.0 -4.0 -3.0 -1.0 0.0 -3.0 -3.0 -2.0 -2.0 -2.0 -4.0 0.0 -4.0 -2.0 -3.0 -2.0 -1.0 -1.0 -2.0 -1.0 -1.0 -4.0 0.0 -4.0 -4.0 -4.0 -2.0 -4.0 -2.0 0.0 -4.0 -3.0 0.0 0.0 -3.0 -2.0 -2.0 -4.0 0.0 -1.0 -1.0 -4.0 -1.0 -4.0 -2.0 -3.0 -1.0 -4.0 -1.0 -4.0 -4.0 -3.0 -1.0 -3.0 -1.0 -1.0 -3.0 -2.0 0.0 -3.0 0.0 -1.0 0.0 -2.0 -2.0 0.0 -4.0 -2.0 -1.0 235.0 -4.0 -2.0 -3.0 -4.0 -4.0 0.0 -1.0 -2.0 0.0 -4.0 -2.0 -2.0 -3.0 -1.0 0.0 -3.0 -3.0 -1.0 -4.0 -3.0 0.0 -3.0 -1.0 -2.0 0.0 -1.0 -2.0 0.0 -3.0 -4.0 -4.0 0.0 0.0 -4.0 -4.0 -3.0 0.0 0.0 -4.0 -3.0 -1.0 -2.0 -2.0 -1.0 -1.0 
-3.0 -2.0 -4.0 0.0 -2.0 -2.0 -3.0 -3.0 -4.0 0.0 -1.0 0.0 0.0 0.0 0.0 0.0 -3.0 -1.0 0.0 -1.0 -3.0 -4.0 -1.0 -4.0 -2.0 -1.0 -2.0 -3.0 0.0 -3.0 -4.0 -1.0 -2.0 -4.0 0.0 0.0 -1.0 0.0 -3.0 -3.0 -1.0 0.0 0.0 -3.0 -4.0 -2.0 -1.0 -4.0 -2.0 -1.0 -3.0 0.0 -3.0 -1.0 -3.0 -4.0 -4.0 0.0 -4.0 -2.0 0.0 0.0 -1.0 0.0 -1.0 0.0 -4.0 -4.0 -1.0 -2.0 199.0 0.0 0.0 0.0 0.0 -2.0 -2.0 -4.0 -4.0 -4.0 0.0 0.0 -4.0 0.0 -4.0 0.0 -1.0 -2.0 -2.0 -2.0 -1.0 -3.0 -2.0 -2.0 0.0 -2.0 0.0 -3.0 -4.0 -2.0 -4.0 -4.0 -1.0 0.0 -1.0 -1.0 -1.0 0.0 -2.0 -2.0 0.0 0.0 -1.0 -3.0 -4.0 
0.0 -1.0 -1.0 -1.0 -4.0 -3.0 0.0 -3.0 0.0 0.0 -2.0 -3.0 -2.0 -2.0 -2.0 -1.0 -4.0 0.0 -3.0 0.0 -2.0 -1.0 0.0 -3.0 -1.0 -4.0 0.0 0.0 -4.0 -4.0 -4.0 -4.0 -1.0 -2.0 0.0 -3.0 -2.0 -1.0 -4.0 -4.0 -4.0 -2.0 -1.0 -3.0 0.0 -1.0 -2.0 -1.0 -1.0 0.0 -4.0 -3.0 -1.0 0.0 -2.0 -4.0 -3.0 -4.0 -4.0 -1.0 -3.0 -2.0 -4.0 -4.0 0.0 -1.0 0.0 -3.0 -2.0 -3.0 0.0 220.0 -2.0 -4.0 -1.0 -1.0 -3.0 -3.0 -2.0 0.0 -4.0 0.0 -1.0 -2.0 -3.0 -4.0 -2.0 -1.0 -3.0 -3.0 -4.0 -2.0 -3.0 -1.0 -4.0 -2.0 -2.0 0.0 -2.0 -1.0 0.0 -2.0 -3.0 -1.0 0.0 0.0 -1.0 -3.0 -1.0 -2.0 0.0 -3.0 0.0 -4.0 -1.0 
-4.0 -2.0 0.0 -2.0 0.0 -4.0 -1.0 -3.0 -3.0 -2.0 -1.0 -3.0 -3.0 -2.0 -2.0 -3.0 -1.0 -1.0 -3.0 0.0 -2.0 -1.0 -3.0 -2.0 -2.0 -1.0 0.0 -3.0 -4.0 -1.0 -2.0 -4.0 -2.0 -3.0 -3.0 0.0 -2.0 -1.0 -2.0 -1.0 -1.0 0.0 -3.0 -4.0 -3.0 -2.0 -2.0 0.0 0.0 -3.0 -1.0 -3.0 -3.0 -2.0 -4.0 -4.0 0.0 -1.0 -4.0 0.0 -3.0 0.0 0.0 0.0 0.0 -3.0 -3.0 -4.0 -4.0 -3.0 -3.0 -3.0 226.0 -4.0 -1.0 -2.0 -1.0 -4.0 0.0 -1.0 -2.0 -1.0 -2.0 -3.0 0.0 0.0 -4.0 -2.0 -4.0 -2.0 -2.0 -3.0 -2.0 -2.0 -1.0 -3.0 -4.0 -4.0 0.0 -3.0 0.0 -3.0 -4.0 -1.0 0.0 -3.0 -4.0 0.0 -1.0 -1.0 -1.0 -1.0 -3.0 -2.0 0.0 
0.0 -2.0 -1.0 0.0 0.0 -1.0 -2.0 0.0 -2.0 -3.0 -1.0 -3.0 -3.0 0.0 -3.0 0.0 -4.0 0.0 -3.0 -3.0 -3.0 -4.0 -1.0 -3.0 0.0 -4.0 -3.0 -4.0 0.0 -1.0 -1.0 -4.0 -1.0 -3.0 -4.0 -1.0 -4.0 0.0 -3.0 -2.0 -1.0 -1.0 -2.0 -4.0 0.0 -4.0 -3.0 -2.0 -1.0 -4.0 -1.0 -4.0 -3.0 0.0 0.0 -2.0 -4.0 -2.0 -3.0 -2.0 0.0 0.0 -1.0 0.0 -1.0 0.0 0.0 -4.0 -4.0 -4.0 -2.0 -2.0 -3.0 213.0 0.0 -1.0 -1.0 0.0 -4.0 -2.0 -4.0 -4.0 -1.0 -2.0 0.0 0.0 -2.0 -1.0 0.0 -1.0 -2.0 -2.0 -1.0 0.0 -3.0 -1.0 -4.0 -2.0 -2.0 -4.0 -2.0 0.0 -4.0 -4.0 -1.0 -2.0 -2.0 0.0 -1.0 -3.0 -3.0 -1.0 0.0 -3.0 -2.0 
-3.0 -3.0 -3.0 -2.0 -4.0 -1.0 0.0 -2.0 0.0 -2.0 -4.0 0.0 -4.0 -4.0 -4.0 -3.0 -2.0 -3.0 -3.0 0.0 -3.0 -4.0 0.0 -2.0 -3.0 0.0 -2.0 -4.0 -1.0 0.0 -3.0 -2.0 -1.0 -2.0 -2.0 -3.0 0.0 -4.0 -3.0 0.0 0.0 0.0 -1.0 -3.0 -4.0 -4.0 0.0 -3.0 -3.0 -3.0 -2.0 0.0 -3.0 -3.0 -3.0 -2.0 -3.0 -1.0 -3.0 -3.0 -3.0 -2.0 0.0 -1.0 0.0 -1.0 -1.0 -3.0 -4.0 -3.0 -4.0 -4.0 -1.0 -3.0 258.0 0.0 0.0 -3.0 -1.0 -3.0 -4.0 -4.0 -4.0 -4.0 -1.0 -2.0 -2.0 -1.0 -2.0 -3.0 -1.0 -3.0 -1.0 -1.0 0.0 -3.0 -4.0 -2.0 -4.0 -1.0 -3.0 -4.0 -4.0 -4.0 -3.0 -4.0 0.0 -4.0 -2.0 -4.0 0.0 0.0 -4.0 -4.0 -4.0 
-3.0 -1.0 -3.0 -2.0 -2.0 0.0 0.0 0.0 -2.0 -4.0 -3.0 -3.0 -3.0 0.0 -1.0 -4.0 -1.0 -2.0 -4.0 0.0 -2.0 -4.0 -1.0 -4.0 -3.0 -2.0 -4.0 -2.0 -2.0 -3.0 0.0 -3.0 0.0 -4.0 -1.0 -1.0 -4.0 -1.0 -2.0 -1.0 -4.0 -2.0 -3.0 -1.0 -4.0 -1.0 -3.0 -2.0 0.0 0.0 -1.0 -2.0 -4.0 -3.0 -2.0 -4.0 0.0 -1.0 0.0 0.0 -2.0 -3.0 -2.0 -3.0 -1.0 -2.0 -3.0 -2.0 -1.0 0.0 -3.0 0.0 -4.0 -2.0 0.0 213.0 -1.0 -2.0 -1.0 -1.0 -3.0 -4.0 -3.0 -4.0 -1.0 0.0 -1.0 -2.0 -3.0 -4.0 -3.0 -1.0 -3.0 0.0 -2.0 0.0 -3.0 0.0 -4.0 -1.0 -4.0 0.0 -2.0 -2.0 -1.0 -2.0 0.0 -1.0 -3.0 0.0 -2.0 0.0 0.0 -2.0 0.0 
0.0 0.0 -2.0 -4.0 -2.0 -3.0 -1.0 -2.0 -2.0 0.0 0.0 -4.0 0.0 -4.0 -2.0 -2.0 -4.0 -4.0 -3.0 -3.0 -3.0 -1.0 -2.0 0.0 -4.0 -4.0 -3.0 -1.0 -2.0 -2.0 -2.0 -1.0 -2.0 -1.0 -4.0 0.0 -2.0 -4.0 -3.0 0.0 -3.0 -4.0 -3.0 0.0 0.0 -1.0 0.0 0.0 -2.0 0.0 -3.0 -2.0 0.0 -2.0 -4.0 0.0 0.0 -1.0 -3.0 -4.0 -3.0 -1.0 -3.0 0.0 -2.0 -3.0 -4.0 -3.0 0.0 -2.0 -2.0 -1.0 -1.0 -1.0 -2.0 -3.0 231.0 0.0 -1.0 -4.0 -4.0 -3.0 -1.0 -3.0 -2.0 0.0 -2.0 -1.0 -1.0 -2.0 -3.0 -1.0 -4.0 -4.0 -1.0 -3.0 0.0 -2.0 -4.0 -3.0 -4.0 -3.0 -1.0 -4.0 -4.0 -1.0 -1.0 -4.0 -4.0 -2.0 0.0 -4.0 0.0 -1.0 -3.0 
0.0 0.0 -3.0 -2.0 0.0 -2.0 -4.0 -2.0 -2.0 -4.0 -1.0 -2.0 -3.0 -4.0 -2.0 -3.0 -4.0 -4.0 0.0 -3.0 -1.0 -2.0 -3.0 -2.0 -2.0 -1.0 -3.0 -2.0 0.0 -2.0 -1.0 -3.0 0.0 -1.0 0.0 -3.0 -4.0 0.0 -1.0 -1.0 -3.0 -3.0 -4.0 -1.0 -1.0 0.0 -2.0 0.0 -3.0 -4.0 -1.0 0.0 -3.0 -3.0 -1.0 -3.0 -2.0 0.0 -2.0 -2.0 0.0 0.0 0.0 -2.0 -3.0 -2.0 -2.0 -3.0 -2.0 0.0 0.0 -3.0 0.0 0.0 -4.0 -4.0 0.0 203.0 -2.0 0.0 -1.0 0.0 -2.0 -3.0 -2.0 0.0 -3.0 -1.0 -2.0 -4.0 -1.0 -4.0 -4.0 -2.0 -1.0 -4.0 -2.0 -3.0 -1.0 0.0 0.0 -3.0 0.0 0.0 -4.0 -4.0 -1.0 0.0 0.0 0.0 -2.0 -1.0 -3.0 0.0 -3.0 
-3.0 -4.0 -4.0 -1.0 -3.0 -1.0 -3.0 -1.0 0.0 0.0 -2.0 -3.0 0.0 0.0 -2.0 0.0 -2.0 -1.0 -1.0 -2.0 -4.0 -2.0 -2.0 -1.0 -4.0 -3.0 -2.0 -2.0 -3.0 0.0 0.0 -2.0 -3.0 -4.0 -3.0 -3.0 -4.0 -1.0 -1.0 -3.0 -1.0 -3.0 0.0 -1.0 -1.0 -1.0 0.0 -3.0 -2.0 -4.0 -3.0 -2.0 -3.0 0.0 -2.0 -2.0 -1.0 0.0 0.0 0.0 -3.0 -2.0 -1.0 -1.0 -2.0 0.0 -4.0 0.0 -4.0 -1.0 0.0 -2.0 -4.0 -3.0 0.0 -2.0 -4.0 0.0 208.0 -2.0 0.0 -2.0 -4.0 -1.0 -2.0 -2.0 -4.0 0.0 -1.0 -1.0 0.0 -4.0 -1.0 -2.0 -2.0 -1.0 -4.0 -3.0 -1.0 -4.0 0.0 0.0 -1.0 -2.0 -4.0 -3.0 0.0 0.0 -3.0 -1.0 0.0 -4.0 -1.0 -4.0 -2.0 
-3.0 0.0 -3.0 0.0 0.0 -4.0 -3.0 -1.0 -1.0 0.0 -3.0 -4.0 0.0 -2.0 -2.0 -2.0 0.0 -3.0 0.0 0.0 -3.0 -1.0 -1.0 -3.0 -4.0 0.0 -3.0 -3.0 0.0 -1.0 -3.0 -2.0 0.0 0.0 0.0 -1.0 -3.0 -1.0 -2.0 0.0 -3.0 -3.0 0.0 -2.0 -3.0 -1.0 -3.0 -3.0 -4.0 -2.0 -4.0 -4.0 -3.0 -1.0 0.0 -1.0 -4.0 -2.0 -1.0 -4.0 -3.0 -4.0 -4.0 -4.0 0.0 -3.0 0.0 -1.0 -1.0 -1.0 -2.0 -2.0 -1.0 -2.0 -1.0 -3.0 -3.0 -2.0 -3.0 215.0 -1.0 -2.0 0.0 -3.0 -3.0 -2.0 0.0 -3.0 -3.0 -1.0 -4.0 0.0 -4.0 0.0 -3.0 -3.0 -4.0 0.0 -4.0 0.0 -1.0 -1.0 -2.0 0.0 -1.0 0.0 -2.0 -3.0 -2.0 -4.0 -1.0 -1.0 -4.0 0.0 -3.0 
-1.0 0.0 -2.0 -4.0 -1.0 0.0 -3.0 -3.0 -4.0 -3.0 -2.0 -2.0 -4.0 -1.0 -4.0 -3.0 -2.0 -2.0 -2.0 0.0 -3.0 -4.0 -1.0 0.0 -2.0 -3.0 0.0 -3.0 0.0 -1.0 0.0 -4.0 -4.0 -1.0 -1.0 -2.0 0.0 -1.0 -4.0 -2.0 -3.0 -2.0 -3.0 0.0 -1.0 -4.0 0.0 -1.0 -1.0 -3.0 -2.0 0.0 -4.0 0.0 -2.0 -2.0 0.0 -4.0 -1.0 -1.0 -4.0 -4.0 0.0 -3.0 -4.0 -2.0 -2.0 -2.0 -1.0 -1.0 -3.0 0.0 0.0 0.0 -3.0 -3.0 -2.0 -1.0 -2.0 0.0 213.0 -1.0 -2.0 -2.0 -1.0 -2.0 -4.0 -2.0 -4.0 -3.0 -4.0 -1.0 -1.0 -3.0 -1.0 0.0 -3.0 -1.0 0.0 -3.0 -1.0 -1.0 0.0 -3.0 -4.0 -2.0 0.0 -3.0 -3.0 0.0 0.0 -2.0 -3.0 -2.0 -1.0 
-4.0 -3.0 -4.0 -2.0 -1.0 -4.0 -2.0 -4.0 0.0 -3.0 0.0 -3.0 0.0 0.0 -2.0 0.0 -4.0 -4.0 -1.0 -4.0 -2.0 -1.0 -1.0 -1.0 -2.0 -2.0 -3.0 -2.0 -1.0 -3.0 -4.0 -4.0 -4.0 -4.0 0.0 -4.0 -4.0 -1.0 -3.0 -4.0 -4.0 -3.0 -1.0 -2.0 0.0 -2.0 -2.0 -4.0 0.0 -4.0 -2.0 -2.0 -2.0 -1.0 -1.0 -4.0 0.0 -4.0 -2.0 -4.0 -3.0 0.0 0.0 0.0 -1.0 -1.0 -3.0 -3.0 -1.0 0.0 -4.0 -2.0 -1.0 -3.0 -1.0 -2.0 -2.0 -1.0 -3.0 -1.0 -1.0 254.0 -2.0 -3.0 0.0 -4.0 -3.0 -3.0 0.0 -3.0 -1.0 0.0 -1.0 -2.0 -3.0 -4.0 -3.0 -3.0 0.0 -1.0 -4.0 -4.0 -3.0 -1.0 -2.0 -4.0 -4.0 -3.0 -2.0 -2.0 -3.0 -3.0 -4.0 -4.0 -3.0 
0.0 0.0 0.0 -1.0 -1.0 0.0 -1.0 0.0 -3.0 -2.0 -3.0 -4.0 -2.0 -2.0 -2.0 -2.0 -1.0 -2.0 0.0 -4.0 -2.0 -3.0 -4.0 -4.0 -3.0 -3.0 -3.0 -3.0 0.0 -4.0 -3.0 -1.0 -4.0 -2.0 -2.0 -1.0 -2.0 -2.0 -3.0 -3.0 0.0 -2.0 -2.0 -3.0 -3.0 -2.0 0.0 -4.0 -3.0 -3.0 -1.0 -1.0 -3.0 -1.0 -2.0 -1.0 -1.0 -4.0 -3.0 -2.0 -3.0 0.0 -1.0 -4.0 -3.0 0.0 -1.0 -2.0 -4.0 -1.0 -4.0 0.0 -2.0 -4.0 -3.0 -1.0 -4.0 0.0 -3.0 -4.0 0.0 -3.0 233.0 0.0 -4.0 0.0 0.0 -4.0 -2.0 -2.0 0.0 -1.0 0.0 0.0 -4.0 -1.0 -4.0 -3.0 0.0 -3.0 0.0 -1.0 -4.0 -4.0 -4.0 -3.0 -2.0 -3.0 -3.0 -4.0 0.0 -1.0 -4.0 -1.0 -1.0 
-3.0 -2.0 -4.0 -3.0 -3.0 -3.0 -2.0 -1.0 -2.0 0.0 -4.0 0.0 -3.0 0.0 -2.0 0.0 -4.0 -3.0 -1.0 -4.0 0.0 -1.0 -1.0 -2.0 -2.0 0.0 -1.0 -2.0 -4.0 -4.0 -2.0 -4.0 -3.0 -1.0 0.0 0.0 -2.0 -1.0 0.0 -4.0 -3.0 -3.0 -2.0 0.0 -1.0 -3.0 -4.0 -2.0 -1.0 -2.0 -4.0 -2.0 0.0 -4.0 -2.0 -1.0 -4.0 -4.0 -3.0 -2.0 -3.0 0.0 -3.0 -3.0 -4.0 -3.0 -1.0 -3.0 -4.0 0.0 0.0 -4.0 0.0 -2.0 0.0 -2.0 -2.0 0.0 -2.0 0.0 -1.0 0.0 -3.0 229.0 -2.0 -1.0 -2.0 -4.0 -1.0 -3.0 -3.0 -4.0 0.0 0.0 -3.0 0.0 -2.0 -2.0 0.0 -4.0 -4.0 -1.0 0.0 -4.0 -3.0 0.0 -3.0 -3.0 -1.0 -3.0 0.0 -3.0 -3.0 -1.0 -4.0 
-2.0 -4.0 -4.0 0.0 -1.0 -4.0 -1.0 -1.0 -3.0 -2.0 -2.0 -1.0 -3.0 -3.0 -4.0 -2.0 -3.0 -2.0 -3.0 -3.0 -1.0 -1.0 -3.0 -3.0 -1.0 -1.0 -3.0 -1.0 0.0 -1.0 -1.0 -1.0 -1.0 -3.0 -1.0 -3.0 -2.0 -2.0 -1.0 -2.0 -2.0 -4.0 -3.0 -1.0 -3.0 -1.0 -2.0 0.0 -3.0 -2.0 -2.0 -3.0 0.0 -4.0 -1.0 0.0 -2.0 -4.0 -4.0 -3.0 0.0 0.0 -1.0 -1.0 0.0 -2.0 -4.0 -4.0 -1.0 -3.0 -2.0 -2.0 -2.0 -2.0 -2.0 -3.0 -4.0 -4.0 -3.0 -2.0 -4.0 -3.0 -3.0 -3.0 227.0 0.0 -1.0 -2.0 -1.0 -3.0 -3.0 -4.0 0.0 -4.0 -3.0 0.0 -4.0 -2.0 0.0 -4.0 0.0 -1.0 -4.0 -1.0 0.0 0.0 -1.0 0.0 0.0 -3.0 0.0 -1.0 -2.0 -1.0 -3.0 
0.0 -2.0 -3.0 -1.0 0.0 -3.0 -3.0 0.0 0.0 -3.0 -2.0 -3.0 -3.0 -1.0 -3.0 -4.0 -2.0 -4.0 -1.0 -1.0 -1.0 -4.0 -2.0 -3.0 -2.0 -1.0 -1.0 -4.0 -2.0 0.0 -3.0 -4.0 -3.0 0.0 -4.0 -4.0 -3.0 -2.0 0.0 0.0 -2.0 0.0 -4.0 -2.0 -3.0 -2.0 -1.0 0.0 0.0 -1.0 -4.0 0.0 0.0 -4.0 -2.0 -3.0 -4.0 -2.0 -2.0 -1.0 -1.0 -2.0 -1.0 -4.0 -1.0 -4.0 -4.0 -3.0 -1.0 0.0 -1.0 -4.0 -3.0 -4.0 -2.0 -4.0 -3.0 0.0 -4.0 -1.0 -3.0 -1.0 -4.0 -3.0 0.0 241.0 0.0 -2.0 -4.0 -4.0 0.0 -2.0 -2.0 -4.0 -3.0 -3.0 -1.0 -3.0 -4.0 -2.0 -2.0 -2.0 -2.0 -2.0 -2.0 -4.0 -2.0 0.0 -1.0 -1.0 0.0 -3.0 -2.0 -3.0 -4.0 
-4.0 -2.0 -2.0 -3.0 -4.0 -2.0 -3.0 -4.0 -4.0 -1.0 -1.0 0.0 -4.0 -1.0 -3.0 -3.0 -4.0 -1.0 -3.0 -1.0 -2.0 -2.0 -1.0 -4.0 -4.0 -3.0 0.0 -2.0 -1.0 -3.0 -3.0 -4.0 -4.0 0.0 -3.0 -2.0 -2.0 -4.0 -2.0 -3.0 -4.0 -4.0 -2.0 -2.0 -4.0 -4.0 -3.0 -2.0 -4.0 -1.0 -1.0 0.0 -3.0 -3.0 0.0 -4.0 0.0 -4.0 0.0 -2.0 -4.0 -4.0 -4.0 -2.0 -3.0 0.0 -1.0 -4.0 -1.0 0.0 -1.0 -3.0 -2.0 -2.0 -2.0 -3.0 -2.0 0.0 -1.0 -4.0 -3.0 -3.0 -3.0 -4.0 -3.0 -1.0 259.0 -2.0 -4.0 -2.0 -4.0 -2.0 0.0 -1.0 -2.0 -1.0 0.0 -4.0 -1.0 0.0 -1.0 -4.0 -1.0 -1.0 -3.0 -1.0 -3.0 -1.0 0.0 -4.0 -1.0 -3.0 -4.0 -3.0 0.0 
-3.0 -1.0 -2.0 -3.0 -4.0 -1.0 -3.0 -1.0 0.0 0.0 -3.0 -3.0 -1.0 0.0 -3.0 -2.0 -2.0 -1.0 -3.0 0.0 -4.0 -3.0 -3.0 -2.0 -1.0 0.0 -2.0 -3.0 0.0 -2.0 -3.0 -1.0 -2.0 -1.0 0.0 -4.0 -1.0 -2.0 0.0 -2.0 0.0 -1.0 -1.0 -1.0 -4.0 -4.0 -3.0 -4.0 0.0 -3.0 -3.0 -4.0 -4.0 -1.0 -2.0 -4.0 -2.0 -2.0 -3.0 -4.0 0.0 -4.0 -1.0 0.0 -2.0 -3.0 -2.0 0.0 -3.0 0.0 -1.0 0.0 0.0 -2.0 -4.0 0.0 -4.0 0.0 -3.0 0.0 -1.0 -1.0 -3.0 -1.0 0.0 -3.0 -4.0 219.0 -3.0 -1.0 -2.0 -4.0 -3.0 -4.0 -2.0 -1.0 -3.0 0.0 -4.0 -1.0 -1.0 -3.0 -2.0 -4.0 -3.0 -2.0 0.0 0.0 -1.0 -4.0 -1.0 -1.0 -3.0 -2.0 0.0 
0.0 -3.0 -3.0 0.0 -3.0 -4.0 0.0 0.0 -4.0 -3.0 -4.0 -4.0 0.0 -1.0 -4.0 -4.0 -3.0 -2.0 -2.0 -3.0 -3.0 -1.0 0.0 -2.0 0.0 -3.0 -2.0 -2.0 0.0 -2.0 -4.0 -3.0 -3.0 -3.0 -3.0 -1.0 -2.0 -3.0 -3.0 -2.0 -1.0 -2.0 -4.0 -2.0 -3.0 -4.0 -3.0 -1.0 -3.0 -4.0 -1.0 -4.0 -2.0 -2.0 -1.0 -1.0 -1.0 -1.0 -3.0 -1.0 -1.0 -3.0 -1.0 -3.0 -2.0 -2.0 -4.0 -1.0 -4.0 -4.0 -1.0 -3.0 0.0 -2.0 -4.0 0.0 -2.0 -4.0 -2.0 0.0 0.0 -1.0 0.0 -1.0 -4.0 -4.0 0.0 -2.0 245.0 -1.0 -3.0 -3.0 -3.0 -3.0 0.0 -1.0 -4.0 -1.0 -1.0 -3.0 -1.0 -4.0 -4.0 -3.0 -2.0 0.0 0.0 -2.0 -4.0 -4.0 -1.0 -1.0 -3.0 -2.0 -3.0 
-3.0 -1.0 -4.0 0.0 -4.0 0.0 -4.0 -4.0 0.0 0.0 -2.0 -4.0 -3.0 -1.0 -1.0 -4.0 -1.0 0.0 -1.0 -3.0 -2.0 0.0 0.0 -1.0 -1.0 -1.0 -1.0 -1.0 -2.0 -2.0 -2.0 -4.0 -3.0 -1.0 -3.0 -3.0 -3.0 -4.0 -2.0 -1.0 -4.0 0.0 -2.0 0.0 -1.0 -4.0 -2.0 -2.0 0.0 -2.0 -3.0 -4.0 -1.0 -4.0 -2.0 -3.0 -4.0 0.0 -2.0 -2.0 -1.0 0.0 0.0 -2.0 0.0 -4.0 -1.0 -2.0 0.0 -1.0 -4.0 -1.0 0.0 0.0 0.0 -4.0 -3.0 0.0 -4.0 -2.0 -4.0 -4.0 -1.0 -4.0 -2.0 -4.0 -2.0 -1.0 -2.0 219.0 -3.0 0.0 -2.0 -2.0 -1.0 -1.0 -3.0 -2.0 -2.0 -2.0 -3.0 -2.0 -2.0 -2.0 0.0 -3.0 -4.0 -1.0 0.0 0.0 0.0 -2.0 -4.0 -2.0 -4.0 
-1.0 -2.0 -4.0 -2.0 0.0 -1.0 -3.0 -3.0 -1.0 -1.0 -2.0 -2.0 -4.0 -1.0 -2.0 0.0 -4.0 -2.0 -2.0 -1.0 -1.0 0.0 -1.0 -2.0 -4.0 -4.0 -3.0 -2.0 -3.0 -1.0 -4.0 -3.0 -2.0 0.0 -2.0 -4.0 -3.0 -2.0 -4.0 -4.0 -3.0 -4.0 -2.0 -3.0 -2.0 -4.0 -4.0 -3.0 -4.0 -4.0 -2.0 -3.0 -4.0 0.0 -2.0 0.0 -2.0 -4.0 -2.0 -2.0 -2.0 -3.0 -3.0 -2.0 -1.0 -1.0 0.0 -4.0 -4.0 -3.0 -3.0 -2.0 -1.0 -4.0 -4.0 -1.0 -3.0 -2.0 -4.0 -4.0 -3.0 -4.0 -1.0 -2.0 -1.0 0.0 -3.0 0.0 0.0 -1.0 251.0 -2.0 0.0 0.0 -4.0 -3.0 -1.0 -1.0 -2.0 -3.0 0.0 0.0 -2.0 -2.0 -2.0 -1.0 -3.0 -4.0 -3.0 -3.0 -4.0 -3.0 0.0 -1.0 0.0 
-1.0 -3.0 -2.0 -3.0 -2.0 0.0 0.0 0.0 -1.0 -4.0 -4.0 -4.0 -3.0 -3.0 -3.0 0.0 -1.0 -4.0 -3.0 -2.0 -3.0 -2.0 -3.0 -1.0 -4.0 -4.0 -3.0 -4.0 -3.0 -3.0 -4.0 0.0 0.0 -2.0 0.0 0.0 -4.0 0.0 0.0 0.0 -1.0 -2.0 -2.0 -4.0 -1.0 0.0 -4.0 -2.0 -3.0 -3.0 -1.0 -3.0 -2.0 -4.0 0.0 -4.0 0.0 -1.0 -3.0 -3.0 -3.0 0.0 -3.0 -3.0 -1.0 0.0 -2.0 -3.0 -2.0 -2.0 -1.0 -3.0 0.0 -1.0 -1.0 0.0 -3.0 -3.0 -1.0 -4.0 0.0 -1.0 -2.0 -2.0 -2.0 -1.0 -1.0 -4.0 -3.0 -1.0 0.0 232.0 -1.0 -1.0 -3.0 -3.0 0.0 -4.0 -1.0 -2.0 -4.0 -4.0 0.0 -1.0 -4.0 -4.0 -2.0 -4.0 -1.0 0.0 -2.0 -4.0 -4.0 -4.0 0.0 
-1.0 0.0 -3.0 -4.0 -3.0 -4.0 -4.0 -4.0 -1.0 -2.0 -2.0 -3.0 -4.0 0.0 -2.0 -3.0 -1.0 0.0 -3.0 -4.0 -1.0 -2.0 -2.0 -4.0 -3.0 -3.0 0.0 -3.0 -1.0 -2.0 -1.0 -4.0 0.0 -2.0 -2.0 -1.0 -4.0 -3.0 -1.0 -4.0 -4.0 -4.0 -4.0 -4.0 -1.0 0.0 -3.0 -3.0 -3.0 -3.0 -1.0 0.0 -3.0 0.0 0.0 -1.0 -4.0 -1.0 -1.0 -1.0 0.0 0.0 -2.0 -3.0 -2.0 -1.0 0.0 -4.0 0.0 -3.0 -3.0 -4.0 0.0 0.0 -1.0 -3.0 0.0 -2.0 0.0 -2.0 -1.0 -3.0 -2.0 -2.0 -4.0 -1.0 0.0 -3.0 -3.0 -1.0 -3.0 -4.0 232.0 0.0 -3.0 -2.0 0.0 -3.0 -2.0 -1.0 -4.0 -4.0 -1.0 -3.0 -2.0 -4.0 -1.0 -1.0 0.0 -1.0 -4.0 -1.0 -2.0 -4.0 0.0 
-2.0 -2.0 -2.0 -1.0 -3.0 -2.0 -2.0 -2.0 -3.0 -3.0 0.0 -2.0 -3.0 0.0 -1.0 -2.0 -4.0 -1.0 0.0 0.0 -2.0 -1.0 0.0 -4.0 -1.0 0.0 -1.0 -1.0 -1.0 -3.0 0.0 -4.0 -4.0 0.0 -3.0 -2.0 -3.0 0.0 0.0 -1.0 -1.0 -2.0 -1.0 -1.0 -2.0 -3.0 -1.0 -2.0 -4.0 -4.0 0.0 -1.0 0.0 -4.0 -1.0 -3.0 -2.0 -2.0 -4.0 -4.0 -2.0 -4.0 -2.0 -3.0 0.0 -4.0 -2.0 -4.0 -2.0 -1.0 0.0 -4.0 -1.0 -4.0 -3.0 -4.0 -4.0 -2.0 -2.0 -2.0 -4.0 -3.0 -3.0 -4.0 -1.0 -2.0 -4.0 -4.0 0.0 -1.0 -3.0 -1.0 0.0 226.0 -2.0 -4.0 -2.0 -3.0 0.0 -2.0 0.0 -2.0 0.0 -1.0 -2.0 -2.0 -3.0 0.0 0.0 -3.0 -3.0 -3.0 0.0 -3.0 -3.0 
-2.0 -4.0 -3.0 -3.0 -1.0 -4.0 -1.0 -3.0 -4.0 -2.0 -1.0 -4.0 -3.0 0.0 -4.0 0.0 0.0 -1.0 -3.0 0.0 0.0 -2.0 -2.0 -1.0 -3.0 -1.0 0.0 -1.0 -4.0 -1.0 -3.0 0.0 -1.0 -4.0 -1.0 -4.0 -1.0 -2.0 -3.0 -2.0 -1.0 -4.0 -1.0 -4.0 0.0 -2.0 -3.0 -3.0 -3.0 -3.0 -2.0 -2.0 -1.0 -3.0 -2.0 -1.0 -3.0 -4.0 0.0 -1.0 0.0 0.0 -4.0 -4.0 0.0 -4.0 -3.0 -4.0 -4.0 -1.0 0.0 -2.0 -2.0 -3.0 -2.0 0.0 -2.0 -3.0 0.0 -1.0 -3.0 0.0 -4.0 -3.0 -1.0 -1.0 -4.0 -1.0 -1.0 -3.0 -4.0 0.0 -4.0 -1.0 233.0 -1.0 -4.0 -2.0 -2.0 -4.0 -4.0 -1.0 -1.0 0.0 -3.0 0.0 -2.0 -1.0 -3.0 -3.0 -3.0 -1.0 0.0 -4.0 -3.0 
-1.0 -1.0 -3.0 -4.0 -2.0 -4.0 -2.0 -1.0 0.0 -1.0 -2.0 0.0 -1.0 -4.0 -4.0 -4.0 -1.0 -2.0 0.0 -2.0 0.0 -1.0 -2.0 -1.0 -3.0 0.0 -1.0 -1.0 -2.0 -2.0 0.0 -4.0 -2.0 -2.0 -3.0 -2.0 -2.0 -3.0 -4.0 -2.0 -1.0 -4.0 0.0 -1.0 -2.0 -1.0 -3.0 -1.0 -1.0 -3.0 0.0 -3.0 -4.0 -1.0 -4.0 0.0 -2.0 0.0 0.0 -1.0 0.0 -2.0 -3.0 -2.0 -1.0 -3.0 -1.0 -3.0 0.0 -2.0 -4.0 -2.0 -3.0 -3.0 0.0 -3.0 0.0 -4.0 -2.0 -3.0 0.0 -4.0 0.0 -4.0 -3.0 -2.0 -3.0 -2.0 -1.0 -3.0 -2.0 -4.0 0.0 -4.0 0.0 218.0 0.0 -3.0 -3.0 -2.0 -2.0 0.0 -3.0 -1.0 -3.0 -4.0 -2.0 -2.0 -3.0 -2.0 0.0 -2.0 -2.0 0.0 -3.0 
0.0 -3.0 0.0 -1.0 0.0 0.0 -4.0 -4.0 -2.0 -3.0 -2.0 0.0 -1.0 -3.0 -3.0 -1.0 -4.0 -3.0 -4.0 0.0 0.0 -4.0 -3.0 -2.0 -1.0 -4.0 -2.0 -3.0 -3.0 -4.0 -2.0 -1.0 -2.0 -4.0 -2.0 -4.0 -2.0 -4.0 -3.0 -3.0 -1.0 -1.0 -1.0 -3.0 0.0 -4.0 -3.0 -4.0 -4.0 -2.0 -2.0 -3.0 -2.0 -3.0 -1.0 -2.0 -3.0 -2.0 -2.0 -4.0 -1.0 -4.0 0.0 -2.0 -2.0 -2.0 -3.0 -1.0 -1.0 -2.0 -1.0 -2.0 -3.0 0.0 -3.0 -1.0 -2.0 -2.0 -3.0 -3.0 -3.0 -4.0 -2.0 -4.0 -1.0 -1.0 -2.0 -2.0 -4.0 -1.0 -2.0 -2.0 0.0 -1.0 -3.0 -3.0 252.0 -4.0 -2.0 -3.0 -4.0 -1.0 -3.0 -2.0 -1.0 0.0 -3.0 -1.0 -2.0 -2.0 -1.0 -2.0 -4.0 -4.0 -2.0 
0.0 -1.0 -2.0 -3.0 -2.0 -1.0 -4.0 -2.0 0.0 -2.0 -3.0 -4.0 0.0 -3.0 0.0 -3.0 0.0 0.0 0.0 -4.0 -1.0 -1.0 -1.0 -2.0 -1.0 -4.0 0.0 0.0 0.0 -2.0 -4.0 0.0 -3.0 -1.0 -2.0 -1.0 -3.0 0.0 -3.0 -3.0 -3.0 -2.0 -4.0 -1.0 -1.0 -1.0 0.0 -2.0 0.0 -4.0 -1.0 -1.0 -3.0 -4.0 0.0 -2.0 -1.0 -3.0 0.0 0.0 -2.0 -1.0 0.0 -2.0 0.0 -1.0 -2.0 -2.0 -4.0 -2.0 -4.0 0.0 -2.0 -1.0 0.0 -4.0 -1.0 -1.0 -1.0 -1.0 0.0 -1.0 -3.0 -3.0 -2.0 0.0 -3.0 0.0 -3.0 -2.0 -3.0 -3.0 0.0 -4.0 -3.0 -4.0 -3.0 194.0 0.0 0.0 -4.0 -3.0 -1.0 -2.0 -2.0 0.0 -2.0 0.0 -1.0 0.0 -2.0 -4.0 -3.0 -2.0 -1.0 
-2.0 -1.0 0.0 -1.0 -3.0 -2.0 -3.0 -3.0 -3.0 -3.0 -1.0 0.0 -2.0 -1.0 0.0 -3.0 -2.0 0.0 0.0 0.0 -2.0 0.0 -2.0 -1.0 -1.0 -1.0 -1.0 -3.0 -2.0 -2.0 -2.0 -2.0 -3.0 -2.0 -2.0 0.0 0.0 0.0 0.0 -4.0 0.0 -4.0 -2.0 -1.0 0.0 -4.0 -4.0 -2.0 -1.0 -4.0 -3.0 -1.0 0.0 0.0 -2.0 -2.0 0.0 -2.0 -1.0 -2.0 -4.0 -4.0 0.0 -2.0 -1.0 -4.0 -1.0 -2.0 0.0 -4.0 0.0 -1.0 -1.0 -2.0 0.0 -1.0 0.0 -1.0 -4.0 0.0 0.0 0.0 -4.0 -3.0 -3.0 -2.0 -4.0 -4.0 0.0 -1.0 -4.0 -4.0 -3.0 -1.0 -3.0 -3.0 -3.0 -4.0 204.0 -1.0 -1.0 0.0 -4.0 -2.0 -2.0 -3.0 -4.0 -4.0 0.0 -3.0 -1.0 -1.0 -2.0 0.0 -3.0 
-3.0 -1.0 -3.0 -2.0 -2.0 -2.0 -2.0 -3.0 0.0 -3.0 -4.0 0.0 -3.0 -4.0 -1.0 -4.0 0.0 -2.0 -4.0 -2.0 -2.0 -4.0 -2.0 -4.0 -3.0 -1.0 -2.0 0.0 -3.0 -3.0 -2.0 -4.0 -1.0 -3.0 -2.0 -3.0 -1.0 0.0 -1.0 -4.0 -4.0 -2.0 -3.0 -4.0 -2.0 0.0 -2.0 -1.0 -3.0 -4.0 -4.0 0.0 -1.0 -3.0 -3.0 0.0 -3.0 -2.0 0.0 -3.0 -3.0 -2.0 -1.0 -2.0 -1.0 -3.0 -3.0 -1.0 -2.0 -3.0 -3.0 0.0 -2.0 -4.0 -4.0 -3.0 -1.0 -1.0 -2.0 0.0 0.0 -2.0 -3.0 -4.0 -1.0 -3.0 0.0 -1.0 -1.0 -4.0 -3.0 -1.0 -2.0 -3.0 -4.0 -2.0 -4.0 -1.0 -1.0 239.0 0.0 -1.0 -1.0 -1.0 -3.0 -1.0 0.0 -2.0 -2.0 0.0 0.0 -3.0 -4.0 -3.0 -3.0 
-1.0 0.0 -2.0 -1.0 -2.0 0.0 -1.0 0.0 -1.0 -2.0 -2.0 0.0 0.0 -2.0 -1.0 -1.0 -4.0 0.0 -4.0 -3.0 -2.0 -2.0 -3.0 0.0 -3.0 -1.0 -1.0 -2.0 0.0 -2.0 -2.0 0.0 0.0 -2.0 -2.0 -4.0 -3.0 -1.0 -2.0 -3.0 -4.0 -2.0 -3.0 0.0 -3.0 -3.0 0.0 -2.0 0.0 -4.0 -2.0 -2.0 0.0 0.0 -2.0 -3.0 -2.0 -4.0 -3.0 -1.0 -1.0 -4.0 -4.0 -3.0 -2.0 -2.0 -1.0 -1.0 -1.0 -4.0 -3.0 -1.0 -3.0 -2.0 -2.0 -3.0 -2.0 -1.0 0.0 -1.0 -2.0 -3.0 0.0 -3.0 -4.0 -4.0 -1.0 0.0 -3.0 -1.0 -3.0 -3.0 -1.0 -4.0 -2.0 -4.0 0.0 -3.0 -4.0 -1.0 219.0 -1.0 -4.0 0.0 -2.0 -4.0 -4.0 -4.0 0.0 0.0 -2.0 -2.0 0.0 -3.0 -4.0 
0.0 -3.0 -3.0 0.0 0.0 0.0 -1.0 -2.0 -2.0 -1.0 -2.0 -1.0 -4.0 -2.0 -1.0 0.0 -3.0 0.0 -4.0 -2.0 -2.0 -1.0 -1.0 -4.0 -4.0 -4.0 -1.0 -1.0 -4.0 -4.0 -4.0 -4.0 -1.0 0.0 -3.0 -4.0 -1.0 -2.0 -1.0 -1.0 -2.0 -2.0 -3.0 -1.0 -3.0 -2.0 -3.0 0.0 -1.0 -3.0 0.0 -4.0 -3.0 -3.0 -1.0 -3.0 -3.0 0.0 -2.0 -3.0 -2.0 -2.0 -2.0 -1.0 -4.0 -1.0 -3.0 -1.0 -4.0 -1.0 -4.0 -3.0 -4.0 -4.0 -4.0 -2.0 -4.0 -2.0 0.0 -1.0 -1.0 0.0 -3.0 -3.0 -2.0 -3.0 -4.0 -4.0 0.0 0.0 -3.0 -3.0 -1.0 0.0 -2.0 -2.0 -4.0 0.0 0.0 -1.0 -1.0 224.0 0.0 -3.0 -1.0 0.0 0.0 -1.0 -2.0 -4.0 -3.0 -1.0 0.0 -2.0 -1.0 
-4.0 0.0 -4.0 -4.0 -3.0 -1.0 -2.0 -4.0 -3.0 -2.0 0.0 -4.0 -1.0 -4.0 -3.0 0.0 -3.0 -3.0 -4.0 -1.0 0.0 -4.0 0.0 -2.0 -3.0 -3.0 -4.0 -1.0 -3.0 0.0 0.0 -4.0 -4.0 0.0 -1.0 -1.0 -2.0 -1.0 -1.0 -1.0 0.0 -2.0 -2.0 -2.0 -3.0 -4.0 -1.0 -4.0 -4.0 0.0 -1.0 0.0 0.0 -1.0 -3.0 -3.0 -3.0 -2.0 0.0 -2.0 -2.0 -2.0 0.0 -4.0 -4.0 -1.0 -2.0 -3.0 -2.0 -4.0 -2.0 -2.0 -2.0 -3.0 0.0 -2.0 -2.0 -1.0 -4.0 -4.0 -4.0 -4.0 -1.0 0.0 -3.0 -3.0 -3.0 -2.0 -1.0 0.0 -3.0 0.0 -3.0 -1.0 -4.0 -2.0 -2.0 -2.0 -3.0 -3.0 0.0 -1.0 240.0 -2.0 -4.0 -1.0 -3.0 -3.0 0.0 0.0 -4.0 -3.0 -2.0 -4.0 -1.0 
-4.0 -2.0 -2.0 -1.0 -2.0 -4.0 -1.0 -1.0 -2.0 -2.0 -1.0 0.0 -2.0 0.0 -4.0 -1.0 -1.0 -4.0 -3.0 -1.0 -1.0 -2.0 -3.0 0.0 -1.0 -2.0 0.0 -1.0 -1.0 -3.0 -1.0 -4.0 -2.0 -1.0 -2.0 -1.0 -4.0 -4.0 -2.0 -3.0 -1.0 -4.0 -2.0 0.0 -3.0 -1.0 0.0 -1.0 0.0 -3.0 -2.0 -4.0 -1.0 0.0 0.0 -3.0 0.0 -3.0 -4.0 -4.0 0.0 -3.0 -2.0 -1.0 -1.0 -1.0 -1.0 -3.0 -3.0 -2.0 -2.0 0.0 -2.0 -1.0 0.0 0.0 0.0 -3.0 0.0 -1.0 0.0 0.0 -3.0 -1.0 -4.0 -4.0 -1.0 -4.0 -1.0 -1.0 -3.0 -3.0 -1.0 -2.0 -2.0 0.0 0.0 -3.0 0.0 -4.0 -2.0 -2.0 -4.0 214.0 -3.0 -3.0 -3.0 -4.0 -4.0 -4.0 -4.0 -1.0 -1.0 -4.0 0.0 
-2.0 0.0 -4.0 -3.0 -1.0 -1.0 -2.0 -4.0 0.0 -4.0 -3.0 -2.0 0.0 -3.0 -1.0 -4.0 -1.0 -1.0 0.0 0.0 -2.0 -1.0 -3.0 -2.0 -2.0 -2.0 0.0 -1.0 -1.0 -3.0 -4.0 0.0 -4.0 -2.0 0.0 0.0 0.0 -4.0 -1.0 -4.0 -3.0 -2.0 -1.0 -2.0 0.0 -3.0 -4.0 -2.0 -4.0 0.0 -3.0 -1.0 0.0 -2.0 -3.0 -3.0 0.0 -1.0 -4.0 -3.0 -4.0 -3.0 -3.0 -4.0 -2.0 -4.0 -3.0 -2.0 -2.0 0.0 -4.0 -2.0 0.0 0.0 -3.0 -3.0 -3.0 0.0 0.0 0.0 -3.0 -4.0 -1.0 -3.0 -1.0 0.0 0.0 0.0 -1.0 -2.0 -2.0 -2.0 -4.0 -3.0 -2.0 -2.0 -1.0 -1.0 -2.0 -3.0 -2.0 -3.0 -1.0 -4.0 219.0 0.0 -1.0 -3.0 -3.0 -3.0 -1.0 0.0 -4.0 -2.0 0.0 
0.0 -1.0 -3.0 -3.0 0.0 -2.0 0.0 -3.0 -3.0 -1.0 -3.0 -2.0 -4.0 -1.0 -1.0 -2.0 -4.0 -3.0 -4.0 0.0 -1.0 0.0 -1.0 -4.0 -4.0 -3.0 0.0 -1.0 -1.0 -4.0 -4.0 -2.0 0.0 -2.0 -4.0 -1.0 -4.0 -1.0 -1.0 0.0 -2.0 -1.0 -3.0 -3.0 -1.0 -2.0 0.0 0.0 -3.0 -2.0 0.0 0.0 -1.0 -1.0 -4.0 0.0 -2.0 -4.0 -2.0 -2.0 -4.0 -4.0 -1.0 -2.0 -2.0 -4.0 -1.0 -1.0 -4.0 -1.0 -4.0 -3.0 0.0 -3.0 -1.0 -3.0 -3.0 0.0 -1.0 -4.0 -4.0 0.0 0.0 -4.0 0.0 -4.0 -1.0 -2.0 -3.0 -2.0 -3.0 -2.0 0.0 -4.0 -1.0 -3.0 -4.0 -4.0 0.0 -3.0 -2.0 -4.0 -1.0 -1.0 -4.0 241.0 -3.0 -4.0 -1.0 -4.0 -4.0 -4.0 -4.0 -1.0 -3.0 
0.0 -1.0 -2.0 -4.0 0.0 0.0 -2.0 -1.0 -2.0 -2.0 -2.0 -3.0 -4.0 -4.0 -1.0 -2.0 -1.0 0.0 -2.0 -3.0 0.0 -4.0 -4.0 -4.0 -3.0 -4.0 0.0 -2.0 -4.0 -3.0 -3.0 0.0 -3.0 -2.0 -1.0 -2.0 -4.0 -3.0 -3.0 -2.0 -3.0 -1.0 -2.0 -2.0 -3.0 -3.0 -3.0 -1.0 -2.0 -4.0 -3.0 0.0 -2.0 -2.0 0.0 0.0 -1.0 -1.0 -4.0 -1.0 -4.0 0.0 -4.0 -2.0 -2.0 0.0 0.0 -4.0 -2.0 -4.0 -1.0 -1.0 -4.0 0.0 -3.0 -1.0 -3.0 -4.0 -4.0 -2.0 -4.0 -2.0 -3.0 -4.0 -4.0 -3.0 -1.0 -2.0 -4.0 -4.0 0.0 -1.0 -4.0 -3.0 -2.0 0.0 -3.0 0.0 0.0 0.0 -2.0 -3.0 -3.0 -2.0 -2.0 0.0 241.0 -2.0 -1.0 -2.0 -4.0 -1.0 0.0 -2.0 -3.0 
0.0 -2.0 -2.0 -4.0 0.0 0.0 -1.0 -4.0 -1.0 -1.0 -3.0 -1.0 0.0 -1.0 -2.0 -3.0 0.0 -1.0 -4.0 -2.0 0.0 -1.0 -4.0 -1.0 -2.0 -3.0 -4.0 -3.0 -4.0 -2.0 -4.0 -1.0 -4.0 -1.0 -3.0 -2.0 -1.0 0.0 -3.0 0.0 -4.0 0.0 -4.0 -4.0 0.0 -4.0 0.0 -3.0 -1.0 -4.0 -3.0 -2.0 -2.0 -1.0 -3.0 -3.0 -1.0 -4.0 -1.0 -3.0 0.0 -4.0 -2.0 -3.0 -4.0 -4.0 0.0 -1.0 0.0 -1.0 -2.0 -1.0 -1.0 -4.0 -1.0 -1.0 -4.0 -3.0 -2.0 -4.0 -4.0 -3.0 -2.0 -4.0 -1.0 -3.0 -4.0 -4.0 -4.0 0.0 -3.0 -4.0 -4.0 -4.0 -1.0 -3.0 -3.0 -4.0 -1.0 0.0 0.0 -1.0 -4.0 0.0 -4.0 -1.0 -1.0 246.0 0.0 -1.0 -3.0 -4.0 -1.0 -3.0 -3.0 
-3.0 -4.0 -1.0 -4.0 -1.0 -4.0 -2.0 -2.0 0.0 -2.0 -4.0 -3.0 -3.0 0.0 -3.0 -1.0 0.0 -1.0 -2.0 -2.0 -3.0 -2.0 -3.0 -1.0 -2.0 -3.0 -4.0 -4.0 -1.0 -4.0 -4.0 -2.0 -1.0 0.0 0.0 0.0 -1.0 -4.0 -3.0 -2.0 -3.0 -2.0 -1.0 0.0 -3.0 -2.0 -1.0 -4.0 0.0 -3.0 -3.0 0.0 -3.0 -1.0 -3.0 -3.0 -2.0 -4.0 -1.0 -2.0 -1.0 -1.0 0.0 -3.0 -1.0 -4.0 -2.0 -3.0 -1.0 -2.0 -2.0 -2.0 0.0 0.0 -4.0 0.0 -4.0 -3.0 0.0 -3.0 -3.0 -4.0 -3.0 -3.0 0.0 -2.0 -1.0 -2.0 0.0 -2.0 -2.0 -2.0 0.0 0.0 -3.0 -2.0 -4.0 -2.0 -4.0 -3.0 0.0 -4.0 -3.0 -2.0 -3.0 -1.0 -3.0 0.0 232.0 0.0 -4.0 0.0 -2.0 -3.0 -2.0 
-4.0 -4.0 -3.0 -2.0 0.0 -2.0 -1.0 -1.0 -1.0 -1.0 -3.0 -1.0 -3.0 0.0 -1.0 -4.0 -2.0 0.0 -1.0 -3.0 -1.0 -2.0 -1.0 -4.0 0.0 -4.0 -1.0 -4.0 -4.0 -4.0 -2.0 0.0 0.0 -2.0 0.0 -4.0 -2.0 -2.0 0.0 -4.0 -2.0 -2.0 -2.0 0.0 0.0 -1.0 -4.0 -2.0 -1.0 -4.0 -4.0 -2.0 -1.0 -1.0 -1.0 -1.0 -4.0 -1.0 -1.0 0.0 -2.0 0.0 -1.0 -4.0 -4.0 -3.0 -2.0 -1.0 -4.0 -3.0 -2.0 -2.0 -3.0 -2.0 -1.0 -2.0 -3.0 0.0 -4.0 -1.0 0.0 0.0 0.0 -3.0 -4.0 -4.0 0.0 -2.0 -1.0 0.0 0.0 -4.0 0.0 -1.0 -2.0 -4.0 0.0 -3.0 -3.0 -1.0 -1.0 -1.0 -3.0 -4.0 -1.0 -1.0 -2.0 -1.0 -4.0 221.0 -2.0 -2.0 -4.0 -3.0 -4.0 
0.0 0.0 -1.0 -4.0 0.0 -1.0 -2.0 -4.0 -4.0 0.0 0.0 -3.0 -4.0 -2.0 -4.0 0.0 -4.0 -3.0 -2.0 -1.0 -4.0 -4.0 -1.0 -2.0 0.0 -4.0 -3.0 -1.0 -4.0 0.0 -2.0 -2.0 -2.0 -3.0 -2.0 -3.0 0.0 -2.0 -1.0 0.0 -1.0 0.0 0.0 -2.0 -3.0 -2.0 -1.0 0.0 0.0 -4.0 -3.0 -4.0 -1.0 -2.0 -4.0 -1.0 -2.0 -1.0 -2.0 -3.0 -4.0 -2.0 0.0 -2.0 0.0 -1.0 0.0 -2.0 -1.0 -1.0 -3.0 -2.0 -3.0 -3.0 -2.0 -3.0 0.0 -4.0 -4.0 -4.0 -3.0 -3.0 -2.0 -1.0 -2.0 -2.0 -3.0 -4.0 -4.0 -2.0 0.0 -3.0 -3.0 0.0 -2.0 0.0 0.0 0.0 0.0 -2.0 -1.0 -4.0 0.0 -1.0 -1.0 -1.0 -1.0 -3.0 -1.0 -3.0 219.0 -1.0 -4.0 -4.0 -2.0 
-3.0 0.0 0.0 -1.0 0.0 -4.0 -2.0 -3.0 -2.0 -2.0 -1.0 -4.0 -2.0 -1.0 -4.0 -4.0 0.0 0.0 -3.0 0.0 -4.0 -3.0 -3.0 -3.0 -1.0 0.0 -3.0 -2.0 -1.0 -3.0 -1.0 -4.0 -3.0 0.0 -2.0 -1.0 -2.0 -1.0 -4.0 -4.0 -3.0 0.0 -2.0 -3.0 -3.0 0.0 -1.0 -3.0 -2.0 -4.0 0.0 -3.0 -3.0 -2.0 -3.0 -4.0 -4.0 0.0 -3.0 0.0 -2.0 -1.0 -2.0 -4.0 -1.0 -1.0 -4.0 -2.0 0.0 -3.0 -1.0 -4.0 -2.0 -4.0 -2.0 -1.0 -3.0 -4.0 -1.0 -2.0 0.0 0.0 -1.0 -2.0 -4.0 -2.0 -3.0 -1.0 -1.0 -4.0 -1.0 -4.0 -2.0 -1.0 -2.0 -2.0 -3.0 0.0 -3.0 -3.0 -4.0 -1.0 -2.0 -4.0 -3.0 -4.0 -4.0 -2.0 -1.0 -2.0 -2.0 245.0 -2.0 -4.0 -3.0 
-3.0 -3.0 -4.0 -4.0 -4.0 -2.0 -2.0 -3.0 -1.0 0.0 -1.0 -3.0 -1.0 -2.0 -3.0 -4.0 -4.0 -1.0 -2.0 0.0 -2.0 0.0 -4.0 0.0 -2.0 -1.0 -4.0 -4.0 0.0 -1.0 -1.0 0.0 0.0 -2.0 -4.0 -1.0 -3.0 0.0 -4.0 -1.0 -4.0 -2.0 -4.0 0.0 -2.0 -1.0 -4.0 -3.0 -3.0 -2.0 0.0 -3.0 -3.0 -3.0 -1.0 0.0 -1.0 -4.0 -1.0 0.0 -1.0 -1.0 -2.0 0.0 -4.0 -2.0 0.0 -3.0 -4.0 0.0 -1.0 -2.0 -3.0 -1.0 -3.0 -1.0 -3.0 -1.0 -4.0 -3.0 -3.0 -1.0 0.0 -2.0 -1.0 -4.0 -1.0 -3.0 0.0 -2.0 -1.0 -4.0 0.0 -1.0 -3.0 -4.0 -2.0 -3.0 0.0 0.0 0.0 -3.0 -4.0 -4.0 -1.0 -1.0 -3.0 -1.0 -3.0 0.0 -2.0 -1.0 222.0 -2.0 -1.0 
-4.0 -3.0 -1.0 -1.0 -3.0 -1.0 -3.0 0.0 -2.0 0.0 -4.0 -3.0 -2.0 -3.0 -4.0 0.0 -1.0 0.0 0.0 -3.0 -4.0 -1.0 -3.0 -1.0 -3.0 -1.0 -1.0 0.0 0.0 -1.0 -2.0 -3.0 -2.0 -1.0 -2.0 -2.0 -3.0 -1.0 0.0 -1.0 -4.0 -1.0 -4.0 -1.0 0.0 -1.0 -1.0 -2.0 -1.0 -2.0 -4.0 -4.0 -1.0 -1.0 -4.0 -3.0 -4.0 -2.0 -3.0 -1.0 -1.0 -2.0 -1.0 -2.0 -2.0 -2.0 -2.0 -2.0 -3.0 -1.0 -2.0 -3.0 0.0 -4.0 -4.0 -2.0 0.0 -1.0 -1.0 -4.0 0.0 -3.0 -1.0 -3.0 -4.0 -2.0 -1.0 0.0 -1.0 0.0 -2.0 -1.0 0.0 0.0 -3.0 -2.0 0.0 -1.0 -2.0 0.0 0.0 -3.0 -2.0 0.0 -3.0 -1.0 -3.0 -4.0 -1.0 -2.0 -4.0 -3.0 -4.0 211.0 -2.0 
-3.0 -2.0 -2.0 -2.0 -2.0 -4.0 -2.0 -3.0 -4.0 0.0 -4.0 0.0 -1.0 0.0 -2.0 -1.0 -2.0 -2.0 -3.0 -1.0 -1.0 -3.0 0.0 0.0 0.0 -4.0 0.0 -2.0 -2.0 -2.0 0.0 0.0 -2.0 -2.0 0.0 -2.0 -4.0 -4.0 0.0 -1.0 -1.0 -3.0 -4.0 0.0 -4.0 -3.0 -2.0 0.0 -2.0 -2.0 0.0 -3.0 -1.0 -4.0 -3.0 -3.0 -4.0 -3.0 -3.0 -1.0 0.0 0.0 0.0 -3.0 -2.0 -1.0 0.0 0.0 -4.0 -3.0 -3.0 0.0 -2.0 -1.0 -2.0 -2.0 -2.0 -3.0 -4.0 -4.0 -2.0 0.0 -1.0 -2.0 -2.0 -3.0 0.0 -3.0 -2.0 -1.0 0.0 0.0 -4.0 -4.0 -1.0 -3.0 -4.0 -2.0 -4.0 -2.0 -1.0 -2.0 -1.0 0.0 -1.0 -1.0 -4.0 -1.0 -1.0 0.0 0.0 -4.0 -1.0 -3.0 211.0 

-11099.99999 -10972.0 -13106.0 -12032.0 -12821.0 -13216.0 -11665.0 -10939.0 -9922.0 -9111.0 -9774.0 -10583.0 -10763.0 -9560.0 -9300.0 -11423.0 -10570.0 -10376.0 -8620.0 -9287.0 -9071.0 -9380.0 -7642.0 -7436.0 -7490.0 -6196.0 -7379.0 -7094.0 -7069.0 -6575.0 -5747.0 -5765.0 -4577.0 -5705.0 -4646.0 -4563.0 -4169.0 -4512.0 -4599.0 -3689.0 -3169.0 -4176.0 -3859.0 -2398.0 -2214.0 -2850.0 -2204.0 -2521.0 -2652.0 -1633.0 -2210.0 -1702.0 -2019.0 -524.0 -362.0 -668.0 -350.0 347.0 -215.0 476.0 978.0 1754.0 521.0 1148.0 1354.0 2392.0 1613.0 1471.0 2313.0 3308.0 2697.0 3099.0 3532.0 3413.0 3858.0 4636.0 4047.0 4621.0 4533.0 4437.0 5313.0 5936.0 5558.0 6117.0 6667.0 6411.0 8450.0 6614.0 7874.0 6985.0 8738.0 8004.0 8817.0 7695.0 8692.0 8078.0 9799.0 7578.0 7584.0 10760.0 8407.0 10200.0 11025.0 9441.0 10361.0 10685.0 11970.0 11714.0 12231.0 11391.0 11736.0 12728.0 12856.0 11937.0 12145.0 