21.99986 -2.0 -3.0 -1.0 -3.0 -2.0 0.0 -1.0 0.0 -1.0 0.0 -2.0 -3.0 -3.0 -1.0 
0.0 19.0 -1.0 -2.0 0.0 -2.0 -1.0 -1.0 -3.0 -1.0 -2.0 -1.0 -1.0 -2.0 -2.0 
-3.0 0.0 23.0 -1.0 -3.0 -2.0 -3.0 -1.0 -1.0 0.0 -3.0 0.0 -2.0 -1.0 -3.0 
0.0 -3.0 -2.0 22.0 -2.0 -1.0 0.0 -3.0 0.0 -3.0 -1.0 -1.0 -3.0 -3.0 0.0 
-2.0 -3.0 -1.0 -3.0 24.0 -1.0 0.0 -2.0 0.0 -2.0 -3.0 -2.0 -1.0 -3.0 -1.0 
-2.0 0.0 0.0 -1.0 -3.0 23.0 0.0 -1.0 -3.0 -2.0 -3.0 0.0 -3.0 -3.0 -2.0 
0.0 -2.0 -2.0 0.0 0.0 -2.0 22.0 -3.0 -3.0 -3.0 -3.0 0.0 -1.0 -1.0 -2.0 
0.0 -2.0 -3.0 0.0 0.0 -2.0 -1.0 17.0 -1.0 0.0 -2.0 -3.0 -1.0 -1.0 -1.0 
-3.0 -3.0 -3.0 0.0 0.0 0.0 -1.0 0.0 23.0 -2.0 -1.0 -2.0 -2.0 -3.0 -3.0 
0.0 0.0 -1.0 -1.0 -2.0 0.0 -3.0 -3.0 -1.0 23.0 -2.0 -1.0 -3.0 -3.0 -3.0 
0.0 -1.0 -2.0 -2.0 -3.0 -1.0 -3.0 0.0 0.0 -3.0 19.0 -1.0 -1.0 0.0 -2.0 
0.0 -1.0 -3.0 -2.0 -2.0 0.0 0.0 -3.0 -1.0 0.0 0.0 19.0 -3.0 -1.0 -3.0 
-2.0 -3.0 -2.0 -3.0 0.0 -1.0 -1.0 0.0 -3.0 -1.0 0.0 -2.0 18.0 0.0 0.0 
-2.0 0.0 -3.0 -2.0 0.0 -1.0 -2.0 -1.0 -1.0 -3.0 -3.0 -2.0 -3.0 23.0 0.0 
-2.0 0.0 -2.0 0.0 0.0 -3.0 -3.0 -2.0 -1.0 -2.0 -3.0 -1.0 -1.0 -1.0 21.0 

-160.00014 -142.0 -121.0 -98.0 -72.0 -82.0 -39.0 -5.0 14.0 -1.0 66.0 68.0 134.0 140.0 151.0 