106.99936 -3.0 0.0 -2.0 -3.0 0.0 -2.0 -2.0 -3.0 0.0 -2.0 0.0 -3.0 -3.0 -3.0 0.0 0.0 -3.0 -3.0 -2.0 -2.0 -1.0 -1.0 0.0 -1.0 -3.0 -3.0 -1.0 -2.0 -3.0 -2.0 -3.0 0.0 -3.0 0.0 -3.0 -1.0 -1.0 0.0 -3.0 0.0 -3.0 -2.0 0.0 -3.0 -2.0 -2.0 0.0 -3.0 -2.0 -2.0 0.0 -3.0 -2.0 0.0 -3.0 -1.0 0.0 -3.0 0.0 -2.0 0.0 -1.0 -3.0 -3.0 
-3.0 92.0 -1.0 -2.0 -2.0 -1.0 -2.0 -1.0 0.0 0.0 -1.0 -2.0 -3.0 -3.0 -1.0 -3.0 -2.0 -2.0 -3.0 0.0 -1.0 -1.0 -1.0 -3.0 -3.0 -2.0 -1.0 0.0 -2.0 -3.0 -1.0 -1.0 -3.0 0.0 0.0 0.0 -3.0 0.0 0.0 -3.0 -2.0 -1.0 -2.0 -3.0 0.0 -2.0 -2.0 0.0 -2.0 0.0 0.0 -1.0 0.0 -2.0 -1.0 -2.0 -1.0 -3.0 -1.0 -1.0 -2.0 -2.0 0.0 -1.0 -1.0 
0.0 -2.0 86.0 -2.0 -1.0 -3.0 -1.0 0.0 -2.0 -1.0 0.0 -1.0 0.0 -1.0 -3.0 -1.0 -1.0 -2.0 0.0 -2.0 0.0 -3.0 0.0 -3.0 -1.0 -1.0 -2.0 -2.0 0.0 -1.0 -1.0 -1.0 -2.0 -3.0 -2.0 -2.0 -2.0 -3.0 -2.0 0.0 -2.0 -2.0 0.0 0.0 -1.0 -3.0 -3.0 -3.0 -1.0 -3.0 -1.0 0.0 -2.0 -1.0 -2.0 0.0 -2.0 -1.0 -2.0 -1.0 0.0 -1.0 0.0 -1.0 0.0 
-3.0 -3.0 -2.0 92.0 -2.0 -2.0 0.0 -3.0 -2.0 -2.0 0.0 0.0 -1.0 -2.0 -1.0 -2.0 -1.0 -1.0 0.0 -1.0 0.0 -1.0 0.0 -1.0 -1.0 -3.0 0.0 -1.0 -1.0 -2.0 -3.0 -1.0 -2.0 -3.0 0.0 -2.0 -2.0 -2.0 0.0 -2.0 -3.0 0.0 -3.0 -3.0 -1.0 0.0 -1.0 -2.0 -3.0 0.0 -2.0 -1.0 -3.0 0.0 -1.0 -3.0 -1.0 0.0 -1.0 -2.0 -3.0 -1.0 -1.0 -1.0 -1.0 
-2.0 -3.0 -2.0 -3.0 81.0 -3.0 -1.0 -2.0 -2.0 -1.0 0.0 0.0 -2.0 -2.0 -2.0 -2.0 -2.0 -2.0 -2.0 -3.0 -3.0 0.0 -2.0 -1.0 -1.0 0.0 -1.0 -2.0 0.0 -1.0 -3.0 -1.0 -1.0 0.0 -1.0 0.0 0.0 -2.0 0.0 0.0 0.0 -2.0 -1.0 -1.0 0.0 0.0 -1.0 -1.0 -1.0 0.0 0.0 -2.0 -1.0 -2.0 -1.0 -1.0 -2.0 0.0 -2.0 -2.0 0.0 -3.0 -2.0 -1.0 0.0 
-3.0 -2.0 0.0 -1.0 -1.0 108.0 -1.0 -3.0 0.0 -3.0 0.0 -1.0 -2.0 0.0 -2.0 -1.0 0.0 -2.0 -2.0 -3.0 0.0 -3.0 0.0 -1.0 -3.0 -2.0 0.0 -1.0 -2.0 -3.0 -1.0 -1.0 -1.0 -3.0 0.0 -3.0 -1.0 -3.0 -3.0 0.0 -3.0 -3.0 -2.0 0.0 -3.0 -2.0 -3.0 -3.0 -2.0 -1.0 -3.0 -1.0 0.0 -1.0 -1.0 -3.0 -3.0 -3.0 0.0 -3.0 -3.0 -2.0 -3.0 -1.0 -1.0 
0.0 -2.0 0.0 -1.0 -3.0 -3.0 97.0 0.0 -3.0 -3.0 -3.0 -2.0 -3.0 0.0 -3.0 -1.0 -3.0 0.0 -3.0 -3.0 0.0 -2.0 -2.0 -3.0 -2.0 -1.0 0.0 0.0 -1.0 0.0 -1.0 -2.0 -3.0 -1.0 -1.0 -3.0 0.0 -2.0 -2.0 -1.0 -2.0 -2.0 0.0 -3.0 -2.0 -3.0 -2.0 -2.0 -1.0 -1.0 -2.0 0.0 -1.0 -1.0 0.0 -3.0 -1.0 0.0 0.0 -2.0 -2.0 0.0 -1.0 -3.0 0.0 
0.0 -2.0 -3.0 -3.0 -1.0 -3.0 -3.0 87.0 -2.0 -1.0 0.0 -1.0 -2.0 -3.0 0.0 0.0 -3.0 -3.0 0.0 -2.0 -3.0 -2.0 -1.0 -2.0 -2.0 0.0 -2.0 0.0 0.0 -1.0 -2.0 -2.0 -2.0 -2.0 0.0 -3.0 -3.0 -2.0 -3.0 0.0 -3.0 -1.0 -3.0 0.0 -1.0 -1.0 -1.0 0.0 0.0 -2.0 -2.0 -1.0 -1.0 -1.0 0.0 0.0 -3.0 -1.0 0.0 0.0 0.0 -1.0 0.0 0.0 -1.0 
0.0 -3.0 -1.0 -2.0 -3.0 -3.0 -3.0 -3.0 93.0 -1.0 -1.0 -2.0 -3.0 -1.0 -2.0 0.0 0.0 -1.0 0.0 -2.0 -3.0 0.0 -3.0 -3.0 -1.0 0.0 0.0 -2.0 -2.0 -2.0 -2.0 0.0 -2.0 0.0 -1.0 0.0 0.0 -2.0 -2.0 -2.0 -1.0 -1.0 0.0 -2.0 0.0 -3.0 -3.0 -3.0 -2.0 0.0 0.0 -3.0 0.0 0.0 0.0 -2.0 -2.0 -3.0 0.0 -1.0 -2.0 -1.0 -2.0 -3.0 -1.0 
0.0 0.0 -1.0 -2.0 0.0 -1.0 0.0 -2.0 -3.0 87.0 0.0 -2.0 0.0 -1.0 -1.0 -1.0 -2.0 -3.0 -2.0 -3.0 -2.0 -2.0 0.0 -3.0 -2.0 0.0 0.0 -3.0 -2.0 -1.0 0.0 -3.0 0.0 -3.0 -3.0 -1.0 -3.0 0.0 -2.0 0.0 -3.0 -1.0 0.0 0.0 -3.0 -2.0 0.0 -2.0 -3.0 0.0 -3.0 -1.0 -1.0 -3.0 -2.0 -1.0 -3.0 -2.0 0.0 -1.0 -1.0 0.0 0.0 -1.0 0.0 
-3.0 -1.0 -2.0 -3.0 0.0 -3.0 -2.0 -2.0 0.0 -3.0 102.0 0.0 0.0 -3.0 0.0 0.0 0.0 -1.0 -2.0 -1.0 -2.0 -2.0 -1.0 0.0 -1.0 0.0 0.0 -2.0 -1.0 -3.0 -3.0 -2.0 0.0 -1.0 0.0 -3.0 -3.0 -2.0 -2.0 -2.0 0.0 -1.0 0.0 -1.0 -2.0 -3.0 -1.0 -3.0 -2.0 0.0 -2.0 -1.0 -2.0 -3.0 -2.0 -3.0 -1.0 -3.0 -1.0 -3.0 0.0 -3.0 -3.0 -3.0 -3.0 
-3.0 -1.0 0.0 -3.0 -1.0 -3.0 -2.0 -1.0 0.0 -2.0 -1.0 96.0 -2.0 -2.0 0.0 -3.0 -2.0 0.0 -3.0 -1.0 -1.0 -3.0 0.0 -2.0 0.0 -3.0 -3.0 -1.0 0.0 -1.0 -2.0 -2.0 -3.0 -2.0 0.0 -2.0 0.0 -1.0 -2.0 -2.0 -1.0 -1.0 -2.0 -3.0 -3.0 -2.0 -1.0 -2.0 0.0 -2.0 -3.0 -3.0 -2.0 0.0 0.0 0.0 -3.0 0.0 -3.0 0.0 -1.0 0.0 -3.0 -1.0 0.0 
-2.0 0.0 -3.0 -2.0 0.0 -2.0 -1.0 -2.0 -1.0 0.0 -1.0 -3.0 105.0 -1.0 -2.0 -1.0 -3.0 -3.0 -2.0 0.0 -1.0 -2.0 -2.0 -1.0 0.0 -3.0 -3.0 -1.0 -1.0 -2.0 0.0 -2.0 -3.0 -2.0 0.0 -2.0 0.0 -2.0 -3.0 0.0 -3.0 0.0 -3.0 0.0 -2.0 -2.0 0.0 -1.0 -3.0 -2.0 -2.0 -3.0 0.0 -3.0 -3.0 -3.0 -3.0 -3.0 -1.0 -1.0 -1.0 0.0 -1.0 -3.0 -3.0 
0.0 -3.0 -1.0 -3.0 -3.0 0.0 -3.0 -1.0 -2.0 0.0 -2.0 -1.0 0.0 100.0 -2.0 -2.0 -3.0 -3.0 -3.0 -2.0 -1.0 -3.0 0.0 -3.0 -1.0 0.0 0.0 -3.0 -3.0 0.0 -1.0 -1.0 0.0 -2.0 -2.0 -1.0 -1.0 -2.0 0.0 0.0 -2.0 0.0 -1.0 -3.0 -1.0 -3.0 -3.0 -1.0 0.0 -3.0 -2.0 -1.0 -3.0 -2.0 -3.0 0.0 0.0 -2.0 -3.0 -3.0 0.0 -1.0 -2.0 -1.0 -2.0 
-1.0 -1.0 -2.0 -3.0 0.0 -1.0 -3.0 -3.0 -2.0 -1.0 -2.0 -3.0 -3.0 -2.0 95.0 0.0 -2.0 -1.0 -2.0 -3.0 -3.0 -3.0 -3.0 -3.0 0.0 -1.0 0.0 -1.0 0.0 -2.0 0.0 -3.0 -1.0 0.0 0.0 -3.0 0.0 -2.0 -3.0 -1.0 -1.0 -3.0 0.0 -2.0 -2.0 0.0 -3.0 0.0 -1.0 0.0 -1.0 -2.0 0.0 -1.0 -1.0 0.0 -1.0 -1.0 -3.0 -1.0 -2.0 -1.0 -2.0 -3.0 0.0 
0.0 -3.0 -2.0 -2.0 -3.0 0.0 -2.0 -1.0 -1.0 -1.0 0.0 0.0 0.0 -3.0 0.0 88.0 -1.0 -1.0 -1.0 -2.0 -3.0 -1.0 -1.0 -2.0 -2.0 -3.0 -1.0 -1.0 -3.0 -1.0 -3.0 -1.0 -3.0 -2.0 -3.0 0.0 -1.0 0.0 -2.0 -2.0 0.0 -2.0 0.0 -3.0 -1.0 0.0 -1.0 -2.0 0.0 -2.0 -1.0 0.0 -1.0 -3.0 -1.0 -1.0 0.0 -2.0 0.0 -1.0 -1.0 0.0 -3.0 -2.0 -3.0 
-3.0 0.0 -1.0 -1.0 -2.0 0.0 -3.0 -1.0 -2.0 -2.0 -3.0 0.0 -2.0 0.0 -3.0 -1.0 96.0 -1.0 -1.0 -3.0 0.0 0.0 -3.0 -2.0 0.0 -3.0 -2.0 0.0 -2.0 -3.0 -2.0 0.0 -3.0 -2.0 -3.0 -2.0 -3.0 -3.0 0.0 -2.0 -3.0 -3.0 -2.0 -1.0 0.0 -2.0 -2.0 -1.0 0.0 -2.0 -2.0 0.0 0.0 0.0 -2.0 -1.0 -1.0 -3.0 -3.0 0.0 -1.0 -1.0 0.0 -1.0 -1.0 
-1.0 -1.0 -1.0 0.0 -3.0 -1.0 -3.0 -2.0 -1.0 -3.0 -1.0 0.0 0.0 -2.0 -3.0 -3.0 -2.0 104.0 -2.0 -3.0 -1.0 -2.0 -3.0 0.0 -2.0 0.0 -3.0 0.0 -3.0 -3.0 -1.0 0.0 -2.0 -1.0 -2.0 -2.0 -2.0 -1.0 -3.0 -2.0 0.0 -1.0 -3.0 -3.0 -2.0 -3.0 0.0 -1.0 -1.0 -1.0 -2.0 0.0 0.0 -2.0 -2.0 -3.0 0.0 0.0 -3.0 -3.0 -3.0 -3.0 -1.0 -1.0 -1.0 
-3.0 0.0 -2.0 -1.0 -3.0 -2.0 -3.0 -1.0 -2.0 -1.0 -3.0 -1.0 -2.0 -1.0 -3.0 -3.0 -2.0 -3.0 104.0 -2.0 -1.0 -1.0 -1.0 0.0 -2.0 -1.0 -1.0 -3.0 -1.0 -3.0 -3.0 -1.0 -1.0 -2.0 -3.0 -2.0 -3.0 -3.0 -3.0 0.0 0.0 -3.0 0.0 -2.0 -2.0 0.0 -2.0 0.0 0.0 -3.0 0.0 -2.0 0.0 -2.0 -1.0 -1.0 -3.0 -1.0 -2.0 0.0 -2.0 -1.0 -3.0 -1.0 0.0 
-1.0 0.0 -1.0 -2.0 -3.0 -1.0 -2.0 0.0 -2.0 -3.0 -2.0 0.0 0.0 -3.0 -2.0 0.0 0.0 -1.0 -2.0 102.0 -1.0 -1.0 -2.0 -2.0 -1.0 0.0 -2.0 -3.0 -3.0 -3.0 0.0 -3.0 -3.0 -3.0 -2.0 -1.0 -2.0 0.0 -3.0 0.0 0.0 0.0 -1.0 -2.0 -2.0 -1.0 0.0 -1.0 -2.0 -3.0 -3.0 -1.0 0.0 -3.0 0.0 -3.0 -2.0 -3.0 -3.0 -2.0 -3.0 -2.0 -3.0 0.0 -2.0 
-1.0 0.0 -1.0 -3.0 -2.0 -1.0 -1.0 0.0 -2.0 -2.0 -2.0 0.0 -2.0 -2.0 -3.0 -3.0 0.0 -2.0 0.0 -3.0 97.0 -1.0 -1.0 0.0 -3.0 -3.0 -1.0 0.0 0.0 -2.0 -2.0 -1.0 -2.0 0.0 -1.0 -2.0 0.0 -1.0 -1.0 -2.0 -2.0 -3.0 -2.0 -3.0 0.0 -2.0 -3.0 -1.0 -2.0 -2.0 0.0 -2.0 -3.0 -3.0 -1.0 -3.0 -2.0 -3.0 0.0 0.0 0.0 -1.0 0.0 -3.0 -3.0 
-2.0 -3.0 0.0 -3.0 0.0 -3.0 -1.0 -3.0 -2.0 -3.0 -2.0 0.0 -3.0 0.0 0.0 -2.0 -3.0 -1.0 -2.0 0.0 -1.0 93.0 -3.0 -3.0 0.0 -2.0 0.0 -3.0 0.0 -3.0 -2.0 -2.0 -2.0 -1.0 0.0 -1.0 -1.0 -2.0 -1.0 0.0 -3.0 -3.0 -3.0 0.0 0.0 -1.0 -2.0 -2.0 -1.0 0.0 -2.0 0.0 -2.0 -2.0 -2.0 -2.0 0.0 -1.0 0.0 0.0 0.0 -1.0 -1.0 -2.0 -3.0 
-1.0 -3.0 -2.0 -2.0 -1.0 -1.0 -3.0 0.0 -2.0 0.0 -2.0 -1.0 -1.0 -3.0 -2.0 -3.0 0.0 -3.0 -3.0 -3.0 -3.0 -1.0 98.0 -2.0 -1.0 -3.0 -3.0 -1.0 -1.0 0.0 -2.0 -3.0 -2.0 -2.0 -1.0 -2.0 -3.0 0.0 -1.0 -2.0 -2.0 -1.0 -1.0 0.0 0.0 0.0 0.0 -2.0 0.0 -3.0 -1.0 -1.0 0.0 0.0 -2.0 -2.0 -2.0 -1.0 -3.0 -1.0 -1.0 0.0 -2.0 -3.0 -1.0 
-2.0 -2.0 -2.0 -2.0 0.0 -1.0 -3.0 -3.0 0.0 -2.0 -1.0 0.0 0.0 -2.0 -2.0 -2.0 -3.0 -2.0 -1.0 -2.0 -2.0 -3.0 0.0 105.0 -1.0 -1.0 -3.0 -3.0 -3.0 -2.0 -3.0 -2.0 -2.0 -3.0 -3.0 0.0 -1.0 -3.0 -3.0 0.0 -2.0 0.0 -2.0 -3.0 0.0 -3.0 -2.0 0.0 -1.0 0.0 -1.0 -3.0 -2.0 -1.0 -3.0 -1.0 0.0 -1.0 -2.0 -3.0 -1.0 -2.0 0.0 -2.0 0.0 
-3.0 -2.0 -2.0 -2.0 0.0 -1.0 -2.0 -3.0 0.0 -2.0 -1.0 -3.0 -3.0 -1.0 0.0 -2.0 0.0 0.0 -2.0 -3.0 -1.0 -3.0 -2.0 0.0 91.0 -2.0 -2.0 -2.0 -2.0 -3.0 -3.0 -1.0 -2.0 -3.0 -3.0 -1.0 0.0 -1.0 0.0 0.0 0.0 -3.0 -2.0 -2.0 -2.0 -1.0 0.0 -1.0 -2.0 -1.0 -1.0 -2.0 -2.0 0.0 0.0 0.0 0.0 -1.0 -2.0 -2.0 -2.0 -2.0 0.0 0.0 0.0 
0.0 -3.0 -2.0 -1.0 -2.0 -3.0 -3.0 0.0 -3.0 -3.0 -2.0 0.0 -3.0 -2.0 -2.0 -1.0 -2.0 -1.0 -2.0 -3.0 -3.0 -1.0 -3.0 -3.0 -1.0 108.0 0.0 -3.0 -3.0 -3.0 -1.0 -3.0 -3.0 -2.0 -1.0 -3.0 -1.0 -2.0 -1.0 -1.0 -1.0 -2.0 -1.0 -2.0 -1.0 -1.0 -2.0 -2.0 -2.0 -1.0 0.0 -1.0 -2.0 -2.0 -1.0 -2.0 -3.0 -2.0 -1.0 -1.0 -1.0 0.0 -1.0 0.0 0.0 
-1.0 -3.0 -2.0 -1.0 -3.0 0.0 0.0 -1.0 -1.0 -2.0 -1.0 -2.0 0.0 0.0 -1.0 0.0 -1.0 0.0 0.0 0.0 -3.0 0.0 -1.0 -1.0 0.0 -1.0 75.0 -2.0 -1.0 -3.0 -2.0 -1.0 -3.0 -1.0 -2.0 0.0 -2.0 -1.0 -3.0 -1.0 -1.0 -3.0 -3.0 -2.0 0.0 0.0 -3.0 -1.0 0.0 0.0 0.0 0.0 -1.0 -1.0 -1.0 -1.0 -2.0 -1.0 -2.0 0.0 -1.0 0.0 -2.0 -3.0 0.0 
-2.0 0.0 -2.0 0.0 -3.0 -3.0 -3.0 -1.0 -1.0 0.0 -3.0 -3.0 0.0 0.0 -1.0 0.0 -3.0 -1.0 -1.0 -1.0 -3.0 -1.0 -2.0 -2.0 -2.0 -1.0 -3.0 94.0 -3.0 0.0 0.0 0.0 -2.0 0.0 0.0 -3.0 0.0 0.0 -1.0 -1.0 -2.0 -2.0 -2.0 -2.0 -2.0 -1.0 -3.0 -1.0 0.0 -1.0 0.0 -3.0 -3.0 -3.0 -1.0 -1.0 0.0 -1.0 -3.0 -1.0 -3.0 0.0 -3.0 -3.0 -1.0 
-1.0 -1.0 -1.0 -1.0 -3.0 0.0 -1.0 -1.0 -3.0 -3.0 -1.0 -3.0 0.0 -1.0 -3.0 -2.0 -3.0 -3.0 -1.0 -2.0 -1.0 -2.0 -1.0 -1.0 -3.0 -2.0 0.0 0.0 89.0 -3.0 -2.0 -1.0 0.0 -2.0 0.0 -2.0 0.0 0.0 0.0 -1.0 0.0 -1.0 -3.0 -1.0 -2.0 -2.0 -1.0 0.0 -1.0 -3.0 0.0 -2.0 0.0 -1.0 0.0 -1.0 -3.0 0.0 0.0 -3.0 -3.0 -1.0 -3.0 -2.0 -1.0 
-3.0 -1.0 -1.0 0.0 -1.0 -1.0 -2.0 -2.0 -2.0 -1.0 -1.0 -3.0 -1.0 -2.0 -1.0 -3.0 0.0 -2.0 0.0 -1.0 0.0 -1.0 -3.0 -3.0 -3.0 -2.0 -3.0 -2.0 0.0 95.0 -2.0 0.0 -2.0 -2.0 0.0 -2.0 -2.0 -2.0 -3.0 -1.0 0.0 -1.0 -2.0 -2.0 -1.0 -3.0 -2.0 -2.0 -2.0 -1.0 0.0 0.0 -2.0 -1.0 0.0 0.0 -1.0 -1.0 -2.0 -3.0 0.0 -1.0 -1.0 -3.0 -3.0 
-3.0 -2.0 -1.0 0.0 -1.0 -3.0 0.0 -3.0 0.0 -3.0 0.0 -3.0 -2.0 -3.0 -2.0 0.0 -1.0 -1.0 0.0 -1.0 -1.0 0.0 -1.0 -3.0 -2.0 -2.0 0.0 0.0 -2.0 -2.0 88.0 -1.0 -2.0 -3.0 -1.0 0.0 -2.0 -3.0 -2.0 -1.0 -1.0 -1.0 -1.0 0.0 0.0 0.0 -1.0 -2.0 -2.0 0.0 -1.0 -3.0 0.0 -3.0 -1.0 -1.0 -3.0 -1.0 -1.0 -1.0 -3.0 0.0 -2.0 -2.0 -1.0 
-1.0 -1.0 -3.0 -2.0 -2.0 -1.0 -2.0 -1.0 -3.0 0.0 -3.0 -3.0 0.0 0.0 -3.0 -1.0 -2.0 -3.0 0.0 -2.0 -1.0 -1.0 0.0 -1.0 -2.0 0.0 -2.0 0.0 0.0 -1.0 -2.0 89.0 -2.0 0.0 -1.0 -3.0 0.0 -1.0 -2.0 -1.0 0.0 -3.0 -1.0 -2.0 -2.0 -3.0 -2.0 -2.0 -3.0 -3.0 -2.0 -1.0 0.0 -2.0 0.0 -2.0 -1.0 -2.0 0.0 0.0 0.0 0.0 -1.0 -2.0 -2.0 
-3.0 -3.0 -3.0 -1.0 -3.0 -2.0 -3.0 -3.0 0.0 -3.0 -3.0 0.0 0.0 -3.0 -1.0 -3.0 -2.0 -1.0 -1.0 -1.0 -3.0 0.0 0.0 -1.0 -1.0 0.0 -1.0 -3.0 -1.0 0.0 -3.0 -2.0 117.0 -3.0 -3.0 -2.0 -3.0 -1.0 -3.0 -1.0 -3.0 -3.0 -3.0 -3.0 -3.0 -2.0 -2.0 -1.0 -1.0 -2.0 0.0 -2.0 -2.0 -1.0 0.0 0.0 -3.0 -1.0 -3.0 -1.0 -3.0 -3.0 0.0 -3.0 -2.0 
0.0 -3.0 -3.0 -1.0 -3.0 -1.0 0.0 -1.0 -2.0 -3.0 0.0 -2.0 -1.0 -3.0 0.0 -1.0 -3.0 -2.0 -1.0 -1.0 -2.0 -1.0 -2.0 -2.0 -3.0 -2.0 -1.0 0.0 -3.0 -3.0 0.0 0.0 -1.0 94.0 0.0 -2.0 0.0 -2.0 -1.0 -2.0 -3.0 -1.0 -1.0 0.0 -1.0 0.0 -3.0 0.0 0.0 0.0 -2.0 -2.0 -3.0 -2.0 -2.0 -1.0 -3.0 -3.0 -1.0 0.0 -1.0 -2.0 -2.0 -1.0 -2.0 
-1.0 -1.0 -1.0 -3.0 0.0 -1.0 -1.0 0.0 -2.0 -2.0 -3.0 -1.0 -1.0 -2.0 -2.0 0.0 -3.0 -2.0 -3.0 -2.0 -2.0 -2.0 0.0 -1.0 0.0 -3.0 -2.0 -3.0 -2.0 0.0 -2.0 -3.0 -3.0 -1.0 102.0 -1.0 -2.0 -1.0 -3.0 -2.0 -3.0 -1.0 -1.0 -3.0 -1.0 -3.0 -3.0 0.0 0.0 -2.0 0.0 -2.0 0.0 -2.0 -2.0 -2.0 -3.0 0.0 -2.0 -3.0 0.0 -1.0 0.0 -1.0 -3.0 
-1.0 0.0 -2.0 -3.0 -1.0 -3.0 -3.0 0.0 -2.0 -1.0 0.0 -2.0 -3.0 -3.0 0.0 -2.0 -2.0 -1.0 -3.0 -2.0 0.0 -3.0 0.0 -3.0 -2.0 -1.0 -2.0 0.0 -3.0 -2.0 0.0 -1.0 -3.0 -1.0 0.0 100.0 -3.0 -3.0 -2.0 -1.0 -2.0 0.0 -3.0 -1.0 0.0 -1.0 -1.0 -1.0 -2.0 -2.0 -3.0 -2.0 -3.0 -1.0 -1.0 -3.0 0.0 -3.0 0.0 0.0 0.0 0.0 -1.0 -3.0 -3.0 
-1.0 -2.0 -3.0 -1.0 -1.0 -1.0 0.0 -1.0 -2.0 -1.0 -2.0 -3.0 -1.0 -2.0 0.0 0.0 0.0 0.0 0.0 -1.0 0.0 0.0 0.0 -3.0 0.0 -1.0 -2.0 -1.0 0.0 -1.0 -3.0 -1.0 -3.0 -1.0 -2.0 -3.0 82.0 -2.0 0.0 0.0 -1.0 -2.0 -2.0 0.0 -2.0 -2.0 0.0 -1.0 -2.0 -1.0 -3.0 -2.0 -1.0 -2.0 -1.0 0.0 -2.0 -2.0 -2.0 -2.0 -1.0 -3.0 -1.0 0.0 -2.0 
-2.0 -3.0 -2.0 -3.0 0.0 -2.0 -1.0 -2.0 -3.0 0.0 -1.0 -2.0 0.0 -1.0 -2.0 -1.0 -2.0 -1.0 0.0 0.0 -1.0 -1.0 0.0 -1.0 0.0 -3.0 -2.0 -2.0 -1.0 -3.0 -2.0 -2.0 0.0 -2.0 0.0 -1.0 -1.0 96.0 -2.0 -2.0 -1.0 0.0 -3.0 -2.0 -2.0 -1.0 -3.0 -3.0 -3.0 0.0 0.0 -3.0 -1.0 -2.0 0.0 -3.0 -2.0 -1.0 -2.0 -3.0 -2.0 -1.0 -2.0 0.0 -2.0 
-2.0 -1.0 -2.0 0.0 0.0 -2.0 0.0 -3.0 -1.0 -2.0 -3.0 0.0 0.0 0.0 -3.0 -3.0 -3.0 -2.0 -3.0 -3.0 -2.0 -3.0 0.0 -1.0 0.0 -1.0 0.0 0.0 -3.0 0.0 -2.0 0.0 -2.0 -2.0 -3.0 -2.0 -3.0 -2.0 93.0 -3.0 -2.0 0.0 0.0 -1.0 -2.0 0.0 0.0 -1.0 -2.0 -1.0 -3.0 0.0 -2.0 0.0 -1.0 -3.0 0.0 -1.0 -2.0 -2.0 -3.0 -2.0 0.0 -1.0 -2.0 
-3.0 -3.0 -3.0 -1.0 -3.0 -2.0 -1.0 0.0 -1.0 0.0 -2.0 0.0 0.0 0.0 -1.0 0.0 0.0 -2.0 -1.0 0.0 -1.0 0.0 -3.0 -1.0 0.0 0.0 0.0 -2.0 -1.0 0.0 -1.0 -1.0 -3.0 -2.0 0.0 -3.0 -3.0 -2.0 -1.0 79.0 0.0 -1.0 0.0 -3.0 -2.0 0.0 -2.0 -1.0 0.0 0.0 -3.0 -1.0 -2.0 -3.0 -3.0 -1.0 -2.0 -1.0 0.0 -1.0 -1.0 0.0 -2.0 -3.0 0.0 
-2.0 -1.0 -3.0 0.0 0.0 -2.0 -1.0 0.0 0.0 -1.0 -2.0 -2.0 -3.0 0.0 -3.0 0.0 0.0 -3.0 -2.0 -3.0 0.0 -2.0 -2.0 0.0 -2.0 -1.0 0.0 -1.0 -2.0 -1.0 -3.0 -3.0 0.0 -1.0 -3.0 -2.0 -1.0 -3.0 -1.0 -2.0 98.0 -3.0 -3.0 -3.0 -3.0 0.0 0.0 0.0 -3.0 -1.0 -2.0 -2.0 -1.0 -3.0 -2.0 0.0 -2.0 -1.0 -2.0 -1.0 -1.0 0.0 -2.0 -3.0 -2.0 
-3.0 -3.0 -3.0 0.0 0.0 -1.0 -3.0 -1.0 -1.0 -1.0 0.0 0.0 -3.0 -2.0 -3.0 0.0 0.0 -3.0 0.0 -3.0 0.0 -3.0 0.0 -2.0 0.0 -1.0 -3.0 -3.0 -1.0 -1.0 -3.0 -2.0 -1.0 -2.0 0.0 0.0 -3.0 -2.0 -1.0 -3.0 -3.0 100.0 0.0 -1.0 -1.0 -3.0 -3.0 -2.0 -2.0 -1.0 -3.0 -3.0 -2.0 -3.0 0.0 0.0 -3.0 -2.0 0.0 0.0 -3.0 -2.0 0.0 0.0 -2.0 
0.0 -3.0 -2.0 0.0 -2.0 -2.0 -2.0 -3.0 -3.0 -3.0 -1.0 -3.0 -1.0 -1.0 -2.0 -3.0 -3.0 -1.0 -2.0 -2.0 -3.0 0.0 -2.0 0.0 -3.0 -1.0 -3.0 -1.0 0.0 -1.0 0.0 -1.0 -1.0 -1.0 -1.0 0.0 -2.0 -2.0 -1.0 -3.0 -3.0 0.0 92.0 -1.0 -3.0 0.0 0.0 -1.0 -2.0 0.0 -1.0 -3.0 -1.0 0.0 0.0 -1.0 -1.0 -2.0 -2.0 -1.0 0.0 -2.0 0.0 -3.0 0.0 
-2.0 -1.0 -3.0 0.0 -1.0 -2.0 -1.0 -2.0 -3.0 -2.0 -1.0 0.0 0.0 -2.0 0.0 0.0 -3.0 -3.0 -1.0 -1.0 -2.0 -1.0 0.0 0.0 -1.0 -2.0 -2.0 -1.0 0.0 -3.0 -3.0 -2.0 0.0 -2.0 -2.0 -1.0 -3.0 -1.0 0.0 0.0 0.0 -2.0 0.0 95.0 -1.0 -2.0 -3.0 -3.0 -1.0 0.0 -2.0 -2.0 -3.0 -1.0 -3.0 -2.0 -1.0 0.0 -3.0 -2.0 -1.0 0.0 -3.0 -3.0 -3.0 
0.0 -1.0 0.0 0.0 -3.0 -2.0 0.0 -3.0 -1.0 -1.0 -3.0 0.0 -1.0 0.0 0.0 -1.0 -3.0 -2.0 -1.0 -2.0 0.0 -1.0 -3.0 -1.0 0.0 0.0 -1.0 -2.0 -2.0 -2.0 -3.0 -2.0 -2.0 -1.0 -3.0 -3.0 0.0 -1.0 -3.0 -1.0 -2.0 0.0 -1.0 0.0 82.0 -2.0 -1.0 -2.0 -3.0 0.0 -2.0 -2.0 -2.0 -2.0 -1.0 -1.0 -1.0 0.0 -1.0 0.0 0.0 -3.0 0.0 -1.0 0.0 
-2.0 -2.0 -3.0 -3.0 -3.0 -2.0 -1.0 0.0 -1.0 -1.0 -1.0 -3.0 -3.0 -1.0 0.0 -1.0 -3.0 -3.0 -2.0 -1.0 -1.0 -3.0 -2.0 -3.0 -3.0 -2.0 -2.0 -2.0 -1.0 -2.0 -3.0 -2.0 -1.0 -2.0 -3.0 -3.0 -1.0 -3.0 -3.0 -2.0 -2.0 -3.0 -3.0 -1.0 -3.0 124.0 -3.0 -2.0 -3.0 -2.0 -1.0 -2.0 -1.0 -2.0 -1.0 -2.0 0.0 -2.0 -1.0 -3.0 -3.0 -1.0 0.0 0.0 -3.0 
0.0 0.0 -1.0 -1.0 -3.0 -1.0 -3.0 -3.0 -3.0 -3.0 -2.0 -1.0 -1.0 -2.0 0.0 -3.0 -3.0 -1.0 0.0 -2.0 -1.0 -3.0 -1.0 0.0 -2.0 -2.0 0.0 -1.0 -1.0 -1.0 0.0 -2.0 0.0 0.0 -1.0 0.0 -2.0 -1.0 -2.0 -3.0 -1.0 0.0 -3.0 -1.0 0.0 -2.0 93.0 -1.0 -3.0 -1.0 -3.0 0.0 -3.0 0.0 0.0 -3.0 -3.0 0.0 -1.0 -2.0 -2.0 -1.0 -3.0 -2.0 -2.0 
-1.0 -1.0 -2.0 0.0 -2.0 0.0 0.0 -1.0 -3.0 -2.0 -1.0 -3.0 -1.0 -3.0 -1.0 -2.0 -3.0 0.0 -3.0 -2.0 -1.0 0.0 -3.0 -2.0 -3.0 -2.0 0.0 -2.0 -3.0 -3.0 -2.0 -3.0 -2.0 -1.0 0.0 -2.0 -3.0 0.0 -1.0 0.0 -2.0 -3.0 -3.0 -3.0 -3.0 -3.0 0.0 101.0 0.0 0.0 0.0 0.0 -3.0 -2.0 -2.0 -3.0 0.0 -2.0 -2.0 -3.0 0.0 0.0 -3.0 0.0 0.0 
-1.0 0.0 -1.0 0.0 -1.0 -1.0 -3.0 -2.0 -2.0 -2.0 -2.0 -2.0 0.0 -1.0 -3.0 -3.0 0.0 -3.0 0.0 -1.0 -3.0 -3.0 0.0 -3.0 -3.0 -3.0 0.0 -2.0 -3.0 0.0 -3.0 -3.0 0.0 -2.0 -3.0 -2.0 -2.0 -2.0 -3.0 -1.0 -3.0 0.0 -2.0 -1.0 0.0 -3.0 -3.0 -3.0 105.0 -1.0 -3.0 0.0 -1.0 -3.0 -1.0 -2.0 0.0 -1.0 0.0 -3.0 0.0 -3.0 0.0 -2.0 -1.0 
-1.0 0.0 -2.0 -2.0 0.0 -3.0 -2.0 -2.0 -1.0 0.0 -2.0 0.0 -1.0 -3.0 -2.0 -1.0 -3.0 -3.0 0.0 0.0 -1.0 -3.0 -2.0 -1.0 -2.0 -3.0 -1.0 -3.0 0.0 -2.0 0.0 -3.0 -3.0 -2.0 -3.0 0.0 -1.0 -2.0 -2.0 -2.0 -1.0 0.0 0.0 -1.0 -2.0 -2.0 -1.0 0.0 -2.0 96.0 -3.0 0.0 -3.0 -3.0 -3.0 -1.0 0.0 -2.0 0.0 -3.0 -2.0 -2.0 0.0 -1.0 0.0 
0.0 -2.0 -1.0 0.0 -3.0 -3.0 -3.0 -3.0 0.0 -2.0 -2.0 -1.0 -1.0 -3.0 -2.0 0.0 0.0 -3.0 -1.0 -2.0 -2.0 -3.0 -1.0 0.0 0.0 -3.0 -2.0 0.0 0.0 -3.0 -2.0 -2.0 -2.0 0.0 -3.0 -3.0 -3.0 -1.0 -1.0 -3.0 -2.0 0.0 0.0 -3.0 -2.0 -1.0 0.0 -2.0 -1.0 -2.0 101.0 -2.0 -3.0 0.0 0.0 -3.0 -3.0 -3.0 0.0 -1.0 -1.0 0.0 -3.0 -2.0 -1.0 
-1.0 -2.0 -3.0 -3.0 -2.0 -2.0 -1.0 0.0 -1.0 0.0 -2.0 0.0 -3.0 0.0 -2.0 -1.0 -1.0 -1.0 0.0 0.0 -1.0 -3.0 -2.0 -2.0 -1.0 -2.0 -3.0 0.0 -1.0 -2.0 0.0 -2.0 -3.0 0.0 -1.0 0.0 -1.0 -3.0 -3.0 -1.0 0.0 0.0 -2.0 -2.0 0.0 0.0 -2.0 -2.0 -1.0 0.0 -3.0 90.0 -2.0 -1.0 -2.0 -1.0 -1.0 -3.0 -2.0 -3.0 -2.0 -3.0 0.0 -1.0 -1.0 
-3.0 0.0 -3.0 -1.0 0.0 -2.0 -2.0 0.0 0.0 -2.0 0.0 -1.0 -1.0 -3.0 0.0 -1.0 -2.0 -2.0 0.0 0.0 -3.0 0.0 -1.0 -3.0 0.0 -2.0 -2.0 -1.0 -2.0 -3.0 0.0 -2.0 -2.0 -2.0 -2.0 -1.0 0.0 -1.0 -2.0 -1.0 0.0 -2.0 0.0 -1.0 -1.0 -2.0 -2.0 -1.0 -2.0 -2.0 -1.0 0.0 85.0 0.0 -3.0 -1.0 0.0 -3.0 -3.0 -1.0 0.0 -3.0 -2.0 -2.0 0.0 
0.0 -2.0 0.0 0.0 0.0 -1.0 -1.0 0.0 -1.0 -1.0 -1.0 -2.0 -1.0 0.0 0.0 0.0 -3.0 0.0 -1.0 0.0 -2.0 -3.0 -2.0 -3.0 -2.0 -3.0 -3.0 -2.0 -2.0 -2.0 -1.0 0.0 0.0 -2.0 -1.0 0.0 -1.0 -1.0 -2.0 0.0 0.0 -3.0 0.0 -2.0 0.0 -3.0 -3.0 -3.0 -1.0 -2.0 -3.0 -3.0 -1.0 91.0 -3.0 0.0 -3.0 -2.0 -1.0 0.0 -2.0 -3.0 -2.0 -3.0 -2.0 
0.0 -2.0 -3.0 0.0 0.0 -2.0 -1.0 -3.0 -1.0 -2.0 -1.0 0.0 -1.0 -2.0 0.0 0.0 -3.0 -2.0 0.0 -3.0 -3.0 -2.0 -3.0 -2.0 -2.0 -1.0 -3.0 -2.0 0.0 -1.0 -1.0 -1.0 -1.0 0.0 0.0 -2.0 -2.0 -2.0 -1.0 -3.0 0.0 -2.0 -3.0 -3.0 -1.0 -2.0 0.0 0.0 -2.0 -1.0 0.0 0.0 -2.0 -3.0 93.0 -1.0 -2.0 -3.0 -2.0 -3.0 -2.0 -1.0 0.0 -1.0 -1.0 
0.0 -3.0 -3.0 -1.0 0.0 -1.0 0.0 -3.0 0.0 -2.0 -3.0 -1.0 -3.0 -1.0 -3.0 -2.0 -1.0 -2.0 -3.0 -3.0 -2.0 -3.0 -3.0 -3.0 0.0 0.0 -1.0 -1.0 0.0 -3.0 -2.0 -3.0 0.0 -2.0 -1.0 -1.0 -2.0 -1.0 0.0 -1.0 -2.0 -1.0 -2.0 -2.0 -3.0 -3.0 -2.0 -3.0 0.0 -3.0 -3.0 -3.0 0.0 -2.0 -1.0 113.0 -1.0 -3.0 -2.0 -3.0 -3.0 -1.0 -2.0 -3.0 -1.0 
0.0 -3.0 -3.0 0.0 0.0 0.0 -3.0 -3.0 -1.0 -1.0 -3.0 -2.0 -2.0 -1.0 -1.0 -2.0 0.0 0.0 -1.0 -2.0 -3.0 -1.0 -3.0 -1.0 -3.0 -2.0 -1.0 -3.0 0.0 -1.0 -1.0 0.0 -2.0 -1.0 -3.0 -3.0 -2.0 -2.0 0.0 -2.0 -3.0 0.0 -3.0 -2.0 -3.0 -2.0 -2.0 -2.0 -3.0 -3.0 -3.0 -2.0 -1.0 -3.0 -2.0 -1.0 114.0 -3.0 -3.0 -3.0 -3.0 -1.0 -2.0 0.0 -2.0 
-1.0 -3.0 -1.0 -2.0 -2.0 0.0 -2.0 -1.0 -2.0 -2.0 -3.0 0.0 -1.0 0.0 -2.0 0.0 -1.0 -3.0 0.0 0.0 0.0 -1.0 -1.0 0.0 0.0 -3.0 -2.0 -3.0 0.0 -2.0 -3.0 0.0 -3.0 -3.0 -3.0 -3.0 0.0 0.0 -1.0 -1.0 -3.0 -3.0 -3.0 -1.0 -3.0 0.0 -2.0 0.0 -2.0 0.0 -3.0 -1.0 0.0 -3.0 -1.0 0.0 -3.0 94.0 -1.0 -1.0 0.0 -2.0 -2.0 -3.0 -2.0 
-2.0 -1.0 -3.0 -3.0 -2.0 -3.0 0.0 -2.0 -1.0 -2.0 -1.0 0.0 0.0 -3.0 -2.0 0.0 -2.0 0.0 -2.0 -2.0 -3.0 -1.0 0.0 0.0 -2.0 -2.0 -1.0 -3.0 -3.0 -2.0 -3.0 -1.0 -1.0 -2.0 -2.0 0.0 -3.0 -3.0 -1.0 -2.0 -1.0 -3.0 -3.0 -3.0 -1.0 -2.0 -3.0 -3.0 -3.0 -1.0 -2.0 -1.0 -1.0 -1.0 -1.0 0.0 -2.0 -2.0 109.0 -2.0 -3.0 0.0 -1.0 -3.0 -1.0 
-2.0 -2.0 -2.0 0.0 -2.0 -3.0 -1.0 0.0 -2.0 -2.0 -3.0 -1.0 -3.0 -2.0 -2.0 -2.0 -2.0 0.0 0.0 -2.0 -3.0 -1.0 0.0 -3.0 -2.0 -2.0 0.0 -1.0 0.0 -2.0 0.0 -3.0 -2.0 -1.0 -2.0 -1.0 0.0 -1.0 -3.0 0.0 -2.0 -2.0 -2.0 -1.0 0.0 0.0 -2.0 -2.0 -1.0 -3.0 -3.0 -2.0 0.0 0.0 -1.0 -1.0 -3.0 0.0 0.0 93.0 -2.0 -2.0 -2.0 -2.0 0.0 
-3.0 -1.0 0.0 -2.0 -3.0 0.0 -3.0 -1.0 0.0 -1.0 -1.0 -2.0 -3.0 -1.0 -3.0 -2.0 -3.0 -1.0 -2.0 -3.0 0.0 -3.0 -1.0 0.0 -2.0 -2.0 0.0 0.0 0.0 -2.0 -2.0 -1.0 -2.0 -1.0 -1.0 -1.0 -2.0 -1.0 -2.0 -1.0 0.0 -3.0 -3.0 -2.0 -3.0 -3.0 -2.0 -3.0 -2.0 -3.0 -1.0 -1.0 -3.0 0.0 -3.0 0.0 0.0 -1.0 -1.0 0.0 100.0 -3.0 -1.0 -2.0 -1.0 
-3.0 -1.0 0.0 -1.0 -3.0 -1.0 -3.0 -3.0 -2.0 0.0 -2.0 -3.0 -3.0 -1.0 -2.0 -3.0 -2.0 -3.0 -3.0 -3.0 -2.0 -3.0 -2.0 -2.0 -1.0 -3.0 -3.0 -2.0 -3.0 -2.0 0.0 -1.0 -2.0 -3.0 -1.0 -3.0 -3.0 -1.0 -1.0 -3.0 -2.0 0.0 -3.0 -3.0 0.0 -2.0 -1.0 0.0 0.0 -3.0 -3.0 -3.0 -1.0 -2.0 -3.0 -2.0 -2.0 -3.0 -3.0 -3.0 -2.0 128.0 -2.0 -1.0 -1.0 
-3.0 -1.0 -2.0 -3.0 -3.0 0.0 -2.0 0.0 -1.0 -1.0 0.0 -2.0 -2.0 -3.0 -2.0 0.0 -3.0 0.0 0.0 -1.0 -1.0 -3.0 -2.0 -3.0 -2.0 -1.0 -1.0 -1.0 -1.0 -1.0 -1.0 -1.0 -2.0 -3.0 -3.0 0.0 -2.0 -3.0 -1.0 0.0 -2.0 0.0 0.0 -2.0 -1.0 0.0 0.0 -3.0 -1.0 -1.0 -3.0 -1.0 0.0 -1.0 -2.0 0.0 0.0 0.0 -1.0 -2.0 -3.0 -3.0 89.0 -2.0 0.0 
-1.0 -3.0 0.0 -2.0 -2.0 -1.0 -1.0 0.0 -1.0 0.0 -2.0 -2.0 -3.0 -2.0 -1.0 0.0 -1.0 0.0 -3.0 -1.0 0.0 -3.0 -3.0 -2.0 -3.0 -1.0 -1.0 -2.0 -2.0 -3.0 -2.0 -2.0 -1.0 -2.0 -2.0 -3.0 -1.0 -1.0 -3.0 -2.0 -1.0 -1.0 -3.0 -3.0 0.0 0.0 -2.0 -1.0 0.0 -2.0 -1.0 -2.0 -1.0 -3.0 -3.0 -2.0 -1.0 -3.0 -2.0 -2.0 -3.0 0.0 -1.0 102.0 0.0 
-2.0 -1.0 -2.0 -3.0 -1.0 0.0 -1.0 0.0 -3.0 -2.0 -3.0 0.0 -3.0 -2.0 -1.0 -1.0 0.0 0.0 -2.0 -2.0 -3.0 -2.0 -2.0 -2.0 -1.0 -1.0 -1.0 -1.0 -3.0 -1.0 -2.0 -2.0 -3.0 -2.0 -2.0 -2.0 -2.0 -2.0 -3.0 -1.0 -1.0 -3.0 -3.0 -3.0 -3.0 -1.0 -1.0 -3.0 -3.0 -2.0 -2.0 0.0 -3.0 -3.0 -2.0 -3.0 0.0 -2.0 0.0 -1.0 -1.0 -2.0 -3.0 -2.0 114.0 

-3411.00064 -2685.0 -2590.0 -2663.0 -1933.0 -3241.0 -2322.0 -1759.0 -2119.0 -2046.0 -2585.0 -1915.0 -2312.0 -1906.0 -1457.0 -1482.0 -1421.0 -1603.0 -1199.0 -1585.0 -1304.0 -780.0 -749.0 -825.0 -390.0 -388.0 -448.0 -542.0 -256.0 -258.0 -122.0 37.0 65.0 148.0 193.0 389.0 158.0 393.0 606.0 529.0 633.0 898.0 1305.0 862.0 1025.0 1717.0 1289.0 1609.0 1712.0 1692.0 1874.0 1682.0 1662.0 1449.0 2034.0 2483.0 2472.0 2277.0 2837.0 2719.0 2867.0 3808.0 2882.0 3119.0 3528.0 