115
233.86 -1.0 -2.0 -3.0 -2.0 -2.0 0.0 -1.0 -1.0 -2.0 -4.0 -3.0 0.0 -2.0 -2.0 -4.0 -3.0 -3.0 -3.0 -4.0 -3.0 -1.0 -4.0 0.0 -3.0 -1.0 -1.0 -4.0 -4.0 -2.0 -4.0 -1.0 -3.0 -4.0 -3.0 -4.0 -3.0 0.0 0.0 -3.0 0.0 -3.0 -2.0 -2.0 -3.0 -4.0 0.0 -4.0 -2.0 -3.0 0.0 -2.0 0.0 -4.0 -4.0 -2.0 -2.0 -4.0 -4.0 0.0 -2.0 -1.0 0.0 -1.0 -1.0 0.0 -1.0 0.0 -2.0 0.0 -4.0 0.0 -4.0 -1.0 -1.0 -2.0 -2.0 -1.0 0.0 -1.0 -1.0 -1.0 -3.0 -2.0 -4.0 -4.0 -4.0 -2.0 -2.0 -2.0 -1.0 -4.0 0.0 0.0 -3.0 0.0 -3.0 -2.0 -2.0 -4.0 -4.0 -2.0 -3.0 -3.0 -2.0 -3.0 -2.0 -2.0 0.0 -2.0 -3.0 -2.0 -2.0 -1.0 -1.0 
-2.0 243.0 -4.0 -4.0 -1.0 -2.0 -1.0 -3.0 -2.0 -2.0 -4.0 -4.0 -1.0 -4.0 -2.0 -1.0 -3.0 -3.0 -3.0 -4.0 -3.0 -1.0 0.0 -3.0 -1.0 -2.0 -4.0 0.0 -3.0 -2.0 0.0 -3.0 0.0 -2.0 -1.0 0.0 -3.0 -2.0 -4.0 -1.0 -1.0 -3.0 0.0 -1.0 0.0 -2.0 -3.0 0.0 -2.0 -3.0 -1.0 -3.0 0.0 -4.0 0.0 0.0 -2.0 -1.0 -4.0 -2.0 -1.0 -4.0 -4.0 -3.0 -4.0 0.0 -1.0 -1.0 -1.0 -1.0 -4.0 -1.0 -2.0 -4.0 -4.0 -2.0 -2.0 -2.0 -2.0 0.0 -2.0 -4.0 -4.0 -3.0 -3.0 -3.0 0.0 -1.0 -4.0 -3.0 -1.0 -3.0 -1.0 0.0 -2.0 -1.0 -3.0 -3.0 -3.0 -3.0 -3.0 -4.0 -4.0 -3.0 -4.0 0.0 -1.0 -2.0 -4.0 -1.0 -3.0 -2.0 -2.0 -2.0 -1.0 
-4.0 -1.0 250.0 -2.0 -3.0 -4.0 -4.0 -1.0 -2.0 0.0 -3.0 -3.0 0.0 -2.0 0.0 -4.0 -2.0 -4.0 -3.0 -3.0 -3.0 -4.0 -4.0 -2.0 0.0 -1.0 -2.0 -3.0 -4.0 -3.0 -1.0 -4.0 -4.0 -1.0 -2.0 -1.0 -3.0 -3.0 -2.0 0.0 0.0 -1.0 -1.0 -1.0 -4.0 -4.0 -4.0 -1.0 -3.0 -1.0 0.0 -1.0 -4.0 0.0 -3.0 -2.0 -2.0 -4.0 0.0 -3.0 -2.0 0.0 -4.0 0.0 -4.0 -1.0 -3.0 -4.0 -2.0 0.0 -4.0 -3.0 -3.0 -2.0 -1.0 -3.0 -2.0 -4.0 -4.0 -3.0 -4.0 0.0 -4.0 0.0 -2.0 -1.0 0.0 -1.0 -2.0 -2.0 0.0 -2.0 0.0 -3.0 -4.0 -1.0 -2.0 -3.0 -1.0 -2.0 -3.0 -1.0 -4.0 -2.0 -4.0 0.0 -2.0 -4.0 -3.0 -1.0 -4.0 -2.0 -4.0 -1.0 -1.0 
-2.0 -2.0 -2.0 220.0 -3.0 -4.0 0.0 -4.0 0.0 -2.0 0.0 -3.0 -3.0 0.0 -1.0 -4.0 -3.0 -3.0 -2.0 -1.0 -4.0 -2.0 -2.0 -4.0 -3.0 -1.0 -4.0 -3.0 -3.0 -1.0 0.0 -1.0 -1.0 -1.0 -3.0 -1.0 -2.0 0.0 -3.0 0.0 -4.0 0.0 -3.0 0.0 0.0 -4.0 -3.0 -1.0 -1.0 -2.0 -4.0 -1.0 -4.0 -4.0 -2.0 0.0 -1.0 -3.0 -3.0 -1.0 0.0 0.0 -2.0 0.0 -4.0 -1.0 -1.0 -4.0 -2.0 -4.0 -2.0 0.0 0.0 -4.0 -2.0 -1.0 -2.0 -3.0 0.0 -3.0 -1.0 -1.0 0.0 -1.0 0.0 -3.0 -2.0 -4.0 -3.0 -1.0 0.0 -1.0 -1.0 -3.0 -3.0 -2.0 -2.0 -3.0 -3.0 -2.0 0.0 -1.0 -2.0 -2.0 -1.0 -4.0 -2.0 -4.0 -3.0 -1.0 -4.0 -1.0 -4.0 0.0 -1.0 
-1.0 0.0 -2.0 0.0 232.0 -4.0 -1.0 -4.0 -3.0 0.0 0.0 -3.0 -1.0 -4.0 -3.0 -1.0 -1.0 -2.0 -3.0 -4.0 -1.0 -1.0 -3.0 -2.0 -2.0 -3.0 -4.0 0.0 -3.0 -4.0 -2.0 -3.0 -1.0 -4.0 -2.0 -4.0 -4.0 -2.0 -1.0 -1.0 -1.0 0.0 0.0 0.0 -3.0 -3.0 -4.0 -4.0 -1.0 -1.0 0.0 -3.0 0.0 0.0 -2.0 -2.0 -2.0 -4.0 0.0 -2.0 -1.0 0.0 -1.0 -1.0 -4.0 -3.0 -2.0 -1.0 -3.0 0.0 -2.0 -4.0 -3.0 -3.0 -3.0 -4.0 -2.0 -3.0 -3.0 -1.0 -4.0 -1.0 -3.0 -3.0 -2.0 0.0 -3.0 -2.0 -3.0 -2.0 -4.0 -2.0 -2.0 -2.0 -4.0 -1.0 0.0 -2.0 -2.0 -3.0 0.0 0.0 -1.0 -3.0 -1.0 -4.0 0.0 -2.0 -3.0 -2.0 -1.0 -2.0 -1.0 -4.0 -3.0 
-3.0 0.0 0.0 0.0 -2.0 228.0 -4.0 -3.0 -4.0 -1.0 -4.0 -3.0 -4.0 -4.0 -3.0 -3.0 -1.0 0.0 0.0 -1.0 0.0 -3.0 -2.0 -4.0 -3.0 -3.0 -4.0 0.0 -3.0 0.0 -4.0 -4.0 -3.0 0.0 -1.0 -1.0 -3.0 -1.0 -1.0 0.0 -2.0 -1.0 -4.0 -4.0 -2.0 -3.0 -1.0 -1.0 -2.0 -2.0 -3.0 0.0 -3.0 0.0 -2.0 -3.0 -1.0 -4.0 -2.0 -1.0 -4.0 -4.0 -3.0 -3.0 -2.0 -2.0 -2.0 -2.0 -3.0 -4.0 -2.0 -1.0 -1.0 0.0 0.0 0.0 -3.0 -3.0 -3.0 -3.0 -3.0 0.0 0.0 0.0 -3.0 -3.0 0.0 -1.0 0.0 -2.0 -3.0 -1.0 -2.0 -1.0 -4.0 -1.0 -4.0 -3.0 0.0 -2.0 -1.0 -4.0 0.0 -4.0 -4.0 0.0 -1.0 -4.0 0.0 -2.0 -2.0 -4.0 -3.0 0.0 0.0 
0.0 -1.0 -4.0 -2.0 0.0 -1.0 230.0 -2.0 -2.0 0.0 0.0 0.0 -3.0 -3.0 -3.0 0.0 -3.0 -1.0 -4.0 -1.0 -1.0 -1.0 -2.0 -4.0 -2.0 -4.0 -4.0 -1.0 -2.0 -3.0 -3.0 -4.0 -3.0 -3.0 -1.0 -4.0 -3.0 -4.0 -3.0 -1.0 -4.0 -1.0 -3.0 -3.0 -2.0 0.0 -3.0 -1.0 -3.0 0.0 0.0 -4.0 -3.0 0.0 0.0 -3.0 -2.0 -1.0 -4.0 -1.0 -2.0 -1.0 -4.0 -3.0 -2.0 -1.0 -1.0 0.0 -3.0 -3.0 -2.0 -4.0 0.0 0.0 -1.0 0.0 0.0 -1.0 -1.0 0.0 -1.0 -2.0 -3.0 -3.0 -2.0 0.0 -4.0 0.0 -2.0 -3.0 -2.0 -3.0 -3.0 0.0 -4.0 -2.0 -2.0 -3.0 -3.0 -2.0 -4.0 -4.0 -4.0 0.0 -1.0 -4.0 -1.0 -4.0 -2.0 -3.0 -2.0 -1.0 -2.0 -4.0 0.0 
-3.0 -4.0 -3.0 0.0 -3.0 -4.0 0.0 238.0 -3.0 -1.0 -3.0 -4.0 0.0 -4.0 -2.0 0.0 0.0 -1.0 0.0 -2.0 -1.0 -3.0 -3.0 -1.0 -1.0 -1.0 0.0 0.0 0.0 -3.0 -1.0 -1.0 -1.0 0.0 -3.0 0.0 0.0 -1.0 -2.0 -3.0 -4.0 -2.0 -4.0 0.0 -1.0 -2.0 0.0 -4.0 -3.0 0.0 0.0 -4.0 -2.0 -3.0 -1.0 -3.0 -2.0 -1.0 0.0 -3.0 -4.0 -3.0 -1.0 -1.0 -3.0 -4.0 -2.0 -1.0 -1.0 -4.0 -4.0 -2.0 -4.0 -2.0 -2.0 -1.0 -4.0 0.0 -2.0 -4.0 0.0 -2.0 -4.0 0.0 -1.0 -3.0 -3.0 -2.0 -4.0 -1.0 -1.0 -4.0 -4.0 0.0 -4.0 -4.0 -3.0 -3.0 -2.0 -4.0 -2.0 -4.0 -4.0 -2.0 0.0 -2.0 -4.0 -2.0 0.0 -3.0 -3.0 -4.0 -2.0 -3.0 -4.0 
-3.0 -2.0 -3.0 -1.0 -4.0 -3.0 -2.0 -4.0 240.0 -2.0 -4.0 -4.0 -4.0 -2.0 -3.0 -4.0 -4.0 -2.0 -2.0 -3.0 -3.0 -4.0 -2.0 -2.0 -1.0 -2.0 -3.0 -2.0 -2.0 0.0 -2.0 -2.0 -4.0 -1.0 -1.0 -4.0 -3.0 0.0 0.0 -1.0 -1.0 -1.0 -3.0 -3.0 -1.0 0.0 -3.0 0.0 0.0 -2.0 -1.0 -2.0 -2.0 0.0 0.0 0.0 -2.0 0.0 -4.0 -3.0 0.0 -1.0 -2.0 0.0 -4.0 -3.0 -4.0 -1.0 -3.0 -4.0 -1.0 -4.0 -2.0 -4.0 -3.0 -4.0 0.0 -4.0 -1.0 -3.0 -4.0 0.0 -1.0 -2.0 -1.0 -1.0 -2.0 0.0 0.0 0.0 -2.0 0.0 -2.0 -3.0 -3.0 -2.0 -3.0 -2.0 -2.0 -2.0 -3.0 -2.0 -3.0 -2.0 -4.0 -1.0 -4.0 -4.0 -4.0 -1.0 -2.0 0.0 -3.0 -1.0 -3.0 
0.0 -2.0 -4.0 -2.0 -3.0 -4.0 -4.0 -3.0 0.0 233.0 0.0 -1.0 -1.0 -3.0 -1.0 -2.0 -2.0 -1.0 -2.0 -2.0 -4.0 -3.0 0.0 -1.0 0.0 -3.0 -4.0 -4.0 -2.0 -2.0 -2.0 -3.0 0.0 0.0 -3.0 -4.0 -1.0 -1.0 0.0 -1.0 -4.0 0.0 -4.0 -1.0 -2.0 0.0 -4.0 -2.0 -2.0 -4.0 -4.0 0.0 -2.0 -4.0 -2.0 -4.0 -3.0 -4.0 -4.0 -4.0 -4.0 -2.0 -1.0 -3.0 -2.0 -4.0 -2.0 -3.0 -3.0 -2.0 -2.0 -1.0 -3.0 -4.0 0.0 0.0 0.0 -2.0 -4.0 -1.0 -2.0 -1.0 -2.0 -1.0 -3.0 -1.0 -4.0 -1.0 0.0 0.0 -4.0 -2.0 0.0 -1.0 -2.0 -2.0 -3.0 0.0 -1.0 -1.0 -4.0 0.0 -2.0 -1.0 -3.0 -3.0 -3.0 -2.0 0.0 -2.0 -3.0 -1.0 -1.0 -1.0 -4.0 
-2.0 -4.0 -3.0 0.0 0.0 0.0 -3.0 -1.0 -1.0 -2.0 206.0 -3.0 -3.0 0.0 0.0 -1.0 0.0 -3.0 0.0 -2.0 0.0 -4.0 0.0 -3.0 -1.0 -3.0 0.0 -3.0 -2.0 -4.0 0.0 -1.0 -1.0 -4.0 0.0 -3.0 -4.0 -2.0 -3.0 -2.0 -2.0 -2.0 0.0 -3.0 -4.0 -2.0 0.0 0.0 0.0 -4.0 -3.0 -1.0 -1.0 0.0 -3.0 -1.0 0.0 0.0 -4.0 -3.0 -3.0 -3.0 -2.0 -1.0 -1.0 0.0 -1.0 -2.0 0.0 0.0 -3.0 0.0 -3.0 -4.0 -3.0 -3.0 -4.0 -3.0 -1.0 -3.0 -3.0 0.0 -3.0 -4.0 0.0 -2.0 -2.0 -3.0 -1.0 -2.0 -2.0 -2.0 0.0 -4.0 -3.0 0.0 -1.0 -1.0 -3.0 -4.0 -2.0 -2.0 0.0 0.0 0.0 -1.0 -3.0 -1.0 -3.0 -2.0 -2.0 -4.0 -3.0 -1.0 -1.0 
-1.0 -2.0 -1.0 -3.0 -3.0 0.0 -2.0 -1.0 -3.0 -1.0 -1.0 218.0 -2.0 -3.0 -1.0 0.0 0.0 -2.0 -2.0 -4.0 0.0 -3.0 0.0 -4.0 -1.0 -4.0 -1.0 0.0 -1.0 -2.0 -3.0 -1.0 -2.0 -1.0 -4.0 -3.0 0.0 -3.0 0.0 -2.0 0.0 -2.0 -1.0 -2.0 0.0 0.0 0.0 0.0 0.0 -3.0 -2.0 -2.0 -2.0 -1.0 -3.0 0.0 -4.0 -4.0 -4.0 0.0 -2.0 -1.0 -4.0 -1.0 -3.0 0.0 -3.0 -2.0 0.0 -4.0 -2.0 -4.0 0.0 -2.0 -4.0 -2.0 -4.0 0.0 -1.0 -2.0 -4.0 -3.0 -1.0 -3.0 -2.0 -3.0 -3.0 -3.0 -4.0 0.0 0.0 -2.0 -2.0 -3.0 -2.0 -4.0 -3.0 -2.0 -1.0 -3.0 0.0 -2.0 -2.0 -3.0 -1.0 -3.0 -4.0 -1.0 -4.0 0.0 -4.0 -1.0 -2.0 -4.0 -1.0 
-2.0 -4.0 -2.0 -3.0 -2.0 -2.0 -1.0 -2.0 0.0 0.0 0.0 -4.0 246.0 -2.0 -4.0 -2.0 -3.0 -3.0 0.0 -2.0 -1.0 -4.0 -4.0 -1.0 -2.0 -4.0 -3.0 -2.0 -4.0 0.0 -1.0 -4.0 -3.0 0.0 -3.0 -1.0 -2.0 -3.0 -1.0 -4.0 -3.0 -1.0 -4.0 -1.0 -4.0 -3.0 0.0 0.0 -1.0 -4.0 -2.0 -4.0 -4.0 -1.0 -3.0 -2.0 0.0 -3.0 -1.0 -3.0 -4.0 0.0 0.0 -4.0 -4.0 -2.0 -3.0 -4.0 -3.0 -2.0 -3.0 -3.0 0.0 0.0 -4.0 -3.0 -4.0 -4.0 -4.0 0.0 -4.0 0.0 -3.0 -1.0 -4.0 -2.0 0.0 -2.0 -1.0 -1.0 -2.0 -3.0 0.0 -2.0 -4.0 -2.0 -2.0 0.0 -3.0 -1.0 -4.0 -2.0 -2.0 -1.0 -1.0 -4.0 0.0 0.0 -4.0 -2.0 0.0 -2.0 -2.0 -1.0 -4.0 
-2.0 -4.0 -2.0 -3.0 -2.0 -1.0 -3.0 -4.0 0.0 -2.0 0.0 -3.0 -2.0 244.0 -2.0 -4.0 -1.0 0.0 -2.0 -4.0 -2.0 -1.0 -4.0 -2.0 -2.0 -2.0 -3.0 -1.0 -3.0 0.0 -2.0 -4.0 -2.0 -1.0 0.0 -4.0 -4.0 -2.0 -1.0 -1.0 -2.0 -4.0 -1.0 -3.0 -1.0 -3.0 -4.0 -4.0 -2.0 -1.0 -4.0 -3.0 -3.0 -1.0 0.0 -1.0 -1.0 -4.0 -2.0 -1.0 -1.0 -3.0 -2.0 -4.0 0.0 -1.0 -1.0 -4.0 0.0 -2.0 -2.0 -2.0 -4.0 -3.0 -4.0 -1.0 -2.0 -1.0 -4.0 -1.0 -3.0 -3.0 -4.0 -3.0 -3.0 -1.0 -1.0 -2.0 -1.0 -3.0 -1.0 -4.0 -1.0 0.0 -3.0 -1.0 -4.0 0.0 0.0 -2.0 -2.0 -4.0 -4.0 0.0 -2.0 -1.0 -3.0 0.0 -2.0 -4.0 -4.0 -1.0 -2.0 -2.0 -4.0 
-4.0 -3.0 -4.0 -3.0 -3.0 0.0 -4.0 -1.0 -3.0 -1.0 0.0 -1.0 -4.0 -2.0 247.0 -4.0 0.0 -3.0 -1.0 -3.0 -1.0 -3.0 0.0 -4.0 -3.0 -4.0 -2.0 -3.0 -3.0 -2.0 0.0 -1.0 -1.0 -1.0 -1.0 0.0 -3.0 -2.0 0.0 -1.0 -1.0 -1.0 -4.0 -2.0 -2.0 -2.0 -3.0 -2.0 -2.0 -4.0 0.0 -3.0 -4.0 -4.0 -4.0 -2.0 0.0 -1.0 -3.0 -2.0 -1.0 0.0 -1.0 -4.0 -1.0 -4.0 -4.0 -1.0 0.0 -3.0 -1.0 -1.0 0.0 -2.0 -1.0 0.0 -3.0 0.0 -1.0 -4.0 -3.0 -4.0 -2.0 -1.0 -3.0 -2.0 -1.0 -3.0 -2.0 -3.0 -1.0 -2.0 -4.0 -4.0 -2.0 -2.0 -3.0 -4.0 -4.0 -1.0 0.0 -4.0 -2.0 -3.0 -3.0 -4.0 -1.0 -3.0 0.0 -4.0 -4.0 0.0 -3.0 -4.0 -4.0 
-2.0 -2.0 -4.0 -2.0 0.0 -3.0 -4.0 -2.0 -4.0 -2.0 -3.0 0.0 -2.0 -4.0 -3.0 254.0 -3.0 -4.0 -4.0 -3.0 -4.0 -2.0 -3.0 -2.0 -4.0 -2.0 -3.0 -3.0 -2.0 0.0 -2.0 0.0 -3.0 -2.0 -4.0 0.0 -4.0 0.0 -4.0 -1.0 -2.0 -1.0 -2.0 -2.0 -3.0 0.0 -2.0 -1.0 -2.0 -2.0 -3.0 0.0 -2.0 -4.0 -2.0 -3.0 -3.0 0.0 -1.0 -4.0 0.0 -4.0 -2.0 -2.0 -2.0 -4.0 -2.0 -1.0 -4.0 0.0 -4.0 -1.0 -2.0 0.0 0.0 -3.0 -4.0 -2.0 -1.0 -3.0 -1.0 -4.0 -3.0 -4.0 -2.0 -4.0 0.0 -4.0 0.0 0.0 -3.0 -1.0 -1.0 -4.0 -4.0 -4.0 -3.0 -2.0 0.0 -1.0 -2.0 -4.0 -3.0 -1.0 -2.0 -2.0 0.0 -4.0 -2.0 -2.0 -1.0 -3.0 -4.0 -2.0 -1.0 
-2.0 -4.0 -4.0 0.0 -3.0 -4.0 0.0 -2.0 -1.0 -2.0 0.0 -2.0 -3.0 -1.0 -1.0 -3.0 246.0 0.0 -3.0 -4.0 -3.0 -2.0 -3.0 -3.0 -3.0 -4.0 -4.0 -4.0 0.0 -1.0 -4.0 -4.0 -1.0 -2.0 -2.0 0.0 -3.0 -1.0 -4.0 -4.0 -2.0 -1.0 -2.0 -3.0 -2.0 0.0 -2.0 0.0 -4.0 -1.0 -3.0 -3.0 -2.0 0.0 -1.0 -2.0 -4.0 -1.0 -3.0 0.0 -4.0 0.0 0.0 -2.0 -1.0 -2.0 -4.0 -4.0 -1.0 -4.0 -1.0 -3.0 -2.0 0.0 -2.0 -1.0 -3.0 -2.0 -1.0 -2.0 -2.0 -2.0 -4.0 -2.0 -4.0 -4.0 -2.0 -2.0 0.0 -3.0 -2.0 -4.0 -4.0 -3.0 -3.0 -2.0 -4.0 -3.0 -3.0 -3.0 -1.0 -2.0 -2.0 -1.0 -1.0 -2.0 -2.0 -2.0 -1.0 0.0 0.0 -2.0 -2.0 -4.0 -2.0 
0.0 -1.0 -2.0 0.0 -4.0 -2.0 -4.0 -2.0 -4.0 -4.0 -1.0 -4.0 -4.0 -3.0 -2.0 -2.0 -3.0 229.0 -3.0 -3.0 0.0 -1.0 -4.0 0.0 -1.0 0.0 -4.0 -3.0 -4.0 -2.0 -3.0 -2.0 0.0 -2.0 -2.0 0.0 -4.0 -4.0 -1.0 -1.0 -4.0 -1.0 0.0 -2.0 -2.0 0.0 -4.0 -2.0 -3.0 -3.0 0.0 -1.0 -3.0 0.0 -2.0 0.0 -1.0 -1.0 -2.0 0.0 -1.0 0.0 -3.0 0.0 -4.0 -3.0 -2.0 -2.0 0.0 -3.0 -3.0 -2.0 -2.0 0.0 0.0 0.0 -3.0 0.0 -1.0 -2.0 -4.0 -4.0 0.0 -2.0 -4.0 0.0 -1.0 -4.0 -4.0 -2.0 -3.0 -2.0 -4.0 -3.0 -1.0 -2.0 -2.0 -3.0 -2.0 -1.0 -4.0 -3.0 -3.0 -2.0 -2.0 -3.0 -2.0 -4.0 -3.0 -1.0 -2.0 0.0 -1.0 -2.0 -1.0 
-1.0 -3.0 -4.0 -2.0 -2.0 -3.0 0.0 -3.0 -3.0 -1.0 -3.0 -1.0 -4.0 -3.0 -1.0 -4.0 -2.0 0.0 238.0 0.0 -3.0 -1.0 -2.0 0.0 -3.0 -2.0 -4.0 -1.0 0.0 -4.0 -3.0 -4.0 -2.0 -3.0 -2.0 -3.0 -4.0 -3.0 -3.0 0.0 -2.0 -2.0 -2.0 0.0 0.0 -4.0 -3.0 -1.0 -1.0 -4.0 0.0 -3.0 -2.0 -2.0 -3.0 -3.0 0.0 -2.0 -2.0 -4.0 0.0 0.0 -1.0 -1.0 -4.0 -1.0 -1.0 0.0 0.0 0.0 -1.0 -1.0 -4.0 -3.0 -3.0 -2.0 0.0 -1.0 -4.0 -4.0 0.0 -1.0 -3.0 -2.0 -3.0 -3.0 -2.0 0.0 -3.0 -2.0 -1.0 -4.0 0.0 -4.0 -3.0 -1.0 -4.0 -2.0 -3.0 -2.0 -3.0 -2.0 -3.0 0.0 -2.0 -2.0 -4.0 -2.0 -4.0 -4.0 0.0 -4.0 0.0 -3.0 -4.0 
-4.0 -3.0 -1.0 -1.0 -3.0 -2.0 0.0 -4.0 -1.0 -4.0 -2.0 -2.0 -3.0 -4.0 -2.0 0.0 -4.0 -3.0 -4.0 230.0 -2.0 0.0 0.0 -4.0 -4.0 -2.0 -4.0 0.0 0.0 -2.0 0.0 -1.0 -2.0 -3.0 -4.0 -1.0 0.0 0.0 -4.0 -1.0 -3.0 -2.0 -1.0 -3.0 -3.0 -1.0 -4.0 -1.0 -3.0 0.0 -1.0 -2.0 -4.0 -4.0 -1.0 -1.0 0.0 -2.0 -1.0 -2.0 -4.0 0.0 -1.0 -2.0 -2.0 -1.0 -1.0 -1.0 0.0 -2.0 -1.0 -2.0 -4.0 -1.0 -4.0 -3.0 -4.0 0.0 -3.0 -1.0 -4.0 -4.0 0.0 -1.0 -4.0 -3.0 0.0 -3.0 0.0 0.0 -3.0 -1.0 0.0 -2.0 -3.0 0.0 -4.0 -2.0 0.0 0.0 0.0 -4.0 -3.0 -4.0 -2.0 -1.0 -3.0 0.0 -2.0 -4.0 -1.0 -4.0 -3.0 -4.0 -4.0 
-4.0 0.0 -4.0 -1.0 -2.0 -3.0 -1.0 0.0 -2.0 0.0 -1.0 0.0 -4.0 -3.0 -3.0 -4.0 -1.0 -2.0 0.0 -2.0 224.0 -4.0 -3.0 -2.0 0.0 0.0 -2.0 -4.0 -2.0 -4.0 -3.0 0.0 -4.0 -4.0 -4.0 -3.0 -1.0 -4.0 -3.0 -4.0 -2.0 -2.0 0.0 0.0 -4.0 -2.0 -2.0 0.0 0.0 -3.0 -3.0 -1.0 -1.0 -2.0 -4.0 -3.0 0.0 0.0 -1.0 -2.0 -1.0 -3.0 0.0 0.0 -3.0 -3.0 -3.0 -3.0 0.0 -2.0 -4.0 -3.0 -1.0 -4.0 0.0 -2.0 0.0 -2.0 -2.0 -4.0 -3.0 -1.0 0.0 -1.0 -4.0 -1.0 -1.0 -2.0 -2.0 -2.0 -3.0 -2.0 -4.0 -1.0 -1.0 0.0 -3.0 -4.0 -4.0 -1.0 -2.0 -1.0 -2.0 -1.0 -3.0 0.0 -2.0 -3.0 0.0 -1.0 0.0 -1.0 -3.0 -2.0 -3.0 
-3.0 -1.0 -1.0 -2.0 -1.0 -3.0 -1.0 -3.0 -4.0 -3.0 -4.0 0.0 -2.0 -3.0 -3.0 0.0 -4.0 -1.0 -4.0 -2.0 -1.0 223.0 -4.0 -1.0 -3.0 -2.0 -4.0 0.0 0.0 -1.0 -2.0 0.0 -1.0 0.0 -2.0 -3.0 -3.0 -4.0 -1.0 -2.0 -4.0 -3.0 0.0 -1.0 0.0 0.0 -2.0 -3.0 0.0 -3.0 -3.0 0.0 -2.0 -1.0 -3.0 -4.0 -3.0 -4.0 -3.0 0.0 0.0 0.0 -4.0 -3.0 -1.0 0.0 -1.0 -1.0 -1.0 0.0 -1.0 -4.0 -4.0 -2.0 0.0 0.0 -4.0 0.0 -3.0 -4.0 -2.0 -2.0 0.0 -3.0 -2.0 -3.0 0.0 -4.0 -4.0 0.0 -1.0 -1.0 -2.0 -4.0 -2.0 -1.0 -2.0 -4.0 -3.0 -2.0 -3.0 -2.0 -3.0 -2.0 -1.0 -3.0 0.0 -2.0 -3.0 -3.0 -1.0 -3.0 0.0 -3.0 -1.0 
-1.0 -3.0 -3.0 0.0 -1.0 -4.0 -1.0 -2.0 -3.0 0.0 -2.0 -2.0 -1.0 -1.0 -1.0 -4.0 0.0 -3.0 -3.0 -4.0 0.0 0.0 198.0 -1.0 -2.0 -4.0 -1.0 -4.0 -3.0 -3.0 0.0 -1.0 -1.0 -2.0 -4.0 -1.0 -1.0 -2.0 -4.0 0.0 -2.0 0.0 -1.0 -2.0 -1.0 -1.0 -2.0 -2.0 -1.0 -2.0 0.0 -2.0 0.0 0.0 0.0 -1.0 -4.0 -1.0 -4.0 -1.0 -4.0 0.0 -1.0 0.0 0.0 -2.0 0.0 -3.0 0.0 -1.0 -2.0 -1.0 0.0 -1.0 0.0 -4.0 -4.0 -4.0 -1.0 -4.0 -2.0 -2.0 -3.0 0.0 -3.0 -2.0 0.0 0.0 -3.0 -2.0 -1.0 0.0 -3.0 0.0 0.0 -4.0 -2.0 -4.0 -3.0 0.0 -3.0 -2.0 0.0 -1.0 -4.0 -3.0 -4.0 -1.0 -3.0 -2.0 -1.0 -2.0 -1.0 -2.0 -3.0 
-3.0 -4.0 -4.0 -1.0 -3.0 -3.0 0.0 -2.0 0.0 -3.0 0.0 -2.0 -2.0 -4.0 -2.0 -1.0 -1.0 -3.0 -3.0 -1.0 -4.0 0.0 0.0 223.0 -4.0 0.0 -3.0 0.0 -1.0 -2.0 -3.0 -2.0 -2.0 -3.0 -3.0 -1.0 -3.0 -2.0 -1.0 -1.0 -2.0 -2.0 0.0 -2.0 -2.0 -1.0 0.0 0.0 0.0 -4.0 -3.0 -3.0 -4.0 -4.0 -3.0 0.0 -1.0 -1.0 -3.0 -1.0 -3.0 0.0 -1.0 -1.0 -2.0 -1.0 -2.0 -3.0 -1.0 -1.0 -1.0 -4.0 0.0 -2.0 -1.0 0.0 -4.0 0.0 -2.0 -2.0 -2.0 -3.0 0.0 -2.0 0.0 -4.0 -4.0 -2.0 -4.0 -3.0 -1.0 -4.0 -3.0 -4.0 0.0 -4.0 -3.0 -1.0 -1.0 -2.0 -4.0 -1.0 0.0 -2.0 -4.0 -3.0 -2.0 -4.0 0.0 -1.0 -2.0 -2.0 -4.0 -2.0 -1.0 
0.0 -1.0 -3.0 -2.0 -4.0 -2.0 0.0 0.0 0.0 -1.0 -3.0 -3.0 -1.0 -1.0 -2.0 -1.0 -1.0 -1.0 -2.0 -1.0 -1.0 -2.0 0.0 -1.0 189.0 0.0 0.0 0.0 -4.0 -3.0 -2.0 -1.0 0.0 0.0 -4.0 -4.0 -2.0 -4.0 0.0 -1.0 -2.0 -1.0 0.0 -4.0 -1.0 0.0 -4.0 -3.0 -1.0 -1.0 0.0 -1.0 -1.0 -2.0 -3.0 0.0 -3.0 -4.0 -2.0 -4.0 0.0 -4.0 -3.0 0.0 -1.0 -3.0 -1.0 -2.0 0.0 -1.0 0.0 0.0 0.0 0.0 -1.0 -2.0 0.0 -1.0 -4.0 -4.0 -1.0 -3.0 -1.0 0.0 -1.0 -4.0 0.0 -4.0 -2.0 -1.0 -3.0 -3.0 -4.0 -3.0 -2.0 -2.0 0.0 -2.0 -4.0 -3.0 0.0 0.0 -1.0 -1.0 -3.0 -4.0 -3.0 0.0 -2.0 -2.0 -2.0 -4.0 0.0 -2.0 0.0 
-2.0 -3.0 -4.0 -4.0 -2.0 -2.0 -2.0 -2.0 -2.0 0.0 -3.0 -2.0 0.0 -2.0 -2.0 -2.0 -4.0 -3.0 -3.0 0.0 -4.0 -2.0 -4.0 -4.0 0.0 213.0 0.0 -2.0 -3.0 -1.0 0.0 -4.0 -3.0 -2.0 0.0 -1.0 -3.0 0.0 -3.0 -3.0 -2.0 0.0 -1.0 -1.0 -1.0 0.0 -2.0 -3.0 -4.0 -1.0 -4.0 0.0 -1.0 -3.0 -2.0 -2.0 -2.0 -1.0 -1.0 -4.0 -1.0 -1.0 -2.0 -1.0 0.0 -4.0 -4.0 -3.0 0.0 0.0 0.0 -1.0 -3.0 0.0 0.0 -4.0 -2.0 -4.0 -1.0 -4.0 -1.0 -2.0 -3.0 -4.0 -1.0 -1.0 -4.0 -1.0 0.0 -3.0 -4.0 -1.0 -4.0 0.0 -3.0 0.0 -1.0 -2.0 0.0 0.0 -1.0 -4.0 -4.0 -1.0 0.0 0.0 0.0 -2.0 -1.0 -4.0 -2.0 0.0 -2.0 -1.0 -3.0 
-1.0 -4.0 -1.0 -3.0 -2.0 -1.0 -2.0 -1.0 -1.0 -4.0 -2.0 -4.0 -3.0 -2.0 0.0 -2.0 -2.0 -2.0 -1.0 -2.0 -4.0 0.0 0.0 -1.0 -3.0 -2.0 226.0 -2.0 -2.0 -1.0 -1.0 -1.0 -3.0 -4.0 -2.0 0.0 -3.0 -1.0 -3.0 -4.0 -4.0 -1.0 -4.0 -4.0 -1.0 0.0 -2.0 0.0 0.0 -2.0 -2.0 -3.0 -4.0 -3.0 -3.0 -3.0 -3.0 -3.0 0.0 0.0 -1.0 -4.0 -2.0 -3.0 -3.0 0.0 -1.0 -3.0 -2.0 0.0 -2.0 0.0 -2.0 -1.0 -1.0 -1.0 -3.0 -2.0 -2.0 -4.0 -4.0 -3.0 -1.0 -1.0 -3.0 -2.0 -3.0 0.0 -1.0 -3.0 -2.0 -3.0 -3.0 -2.0 0.0 -3.0 -3.0 -2.0 -1.0 0.0 -3.0 0.0 -4.0 0.0 -4.0 -4.0 0.0 -3.0 -3.0 -1.0 -3.0 0.0 0.0 -4.0 -1.0 
-4.0 -2.0 -4.0 -1.0 -4.0 0.0 0.0 0.0 -1.0 -1.0 -3.0 -4.0 -2.0 0.0 -2.0 -2.0 -1.0 -3.0 -2.0 -3.0 0.0 -1.0 0.0 -2.0 -3.0 -3.0 -3.0 231.0 -2.0 -3.0 -2.0 -1.0 -1.0 -3.0 -4.0 -2.0 -4.0 -2.0 -2.0 -2.0 -4.0 -4.0 -1.0 -3.0 -4.0 -1.0 -1.0 -1.0 0.0 -1.0 0.0 -2.0 0.0 -2.0 -1.0 -2.0 -4.0 0.0 -1.0 -4.0 -3.0 -2.0 -1.0 -1.0 0.0 -3.0 -3.0 0.0 -3.0 -1.0 0.0 -1.0 -4.0 -4.0 -4.0 -3.0 -4.0 0.0 -4.0 -3.0 -1.0 0.0 -2.0 0.0 -3.0 -1.0 -2.0 -3.0 -3.0 -3.0 -4.0 0.0 -3.0 0.0 -4.0 -4.0 -4.0 -4.0 -4.0 -2.0 -1.0 -4.0 0.0 -1.0 -1.0 -2.0 -4.0 0.0 -2.0 -1.0 -2.0 -2.0 -1.0 -3.0 -1.0 
0.0 -1.0 -2.0 0.0 -2.0 0.0 -2.0 -3.0 -4.0 -1.0 0.0 -1.0 -4.0 0.0 0.0 -3.0 0.0 -1.0 -1.0 -4.0 -1.0 0.0 -2.0 -3.0 0.0 0.0 -1.0 -3.0 184.0 0.0 -3.0 0.0 -2.0 0.0 -3.0 0.0 -3.0 -4.0 -1.0 -3.0 -1.0 -1.0 -4.0 -1.0 -2.0 -2.0 -2.0 -2.0 -1.0 -1.0 0.0 -4.0 -1.0 -2.0 -2.0 0.0 -2.0 -1.0 -4.0 -3.0 -1.0 -2.0 -3.0 -2.0 -4.0 0.0 0.0 -2.0 -3.0 -1.0 -3.0 -2.0 -1.0 -1.0 -1.0 -2.0 -2.0 -1.0 -2.0 -2.0 0.0 0.0 0.0 -3.0 -4.0 -4.0 -2.0 0.0 -2.0 -1.0 -2.0 0.0 0.0 -3.0 -1.0 -2.0 -2.0 -2.0 -2.0 -1.0 -3.0 0.0 -1.0 -2.0 -1.0 0.0 0.0 -4.0 -1.0 -1.0 -3.0 0.0 -3.0 -2.0 -3.0 
-4.0 -4.0 -2.0 -3.0 -1.0 -3.0 0.0 0.0 -1.0 -2.0 -2.0 -3.0 -2.0 -2.0 -4.0 -4.0 -2.0 -2.0 0.0 -3.0 0.0 -1.0 -4.0 -1.0 -1.0 0.0 -2.0 -1.0 -1.0 239.0 -3.0 -1.0 -1.0 -3.0 -1.0 -1.0 -2.0 -4.0 -3.0 -2.0 -3.0 -4.0 -3.0 -1.0 -2.0 -3.0 -4.0 -4.0 -1.0 -3.0 -1.0 -2.0 -2.0 -1.0 -4.0 0.0 -2.0 -1.0 -3.0 -2.0 -1.0 -2.0 -3.0 -2.0 -3.0 -2.0 -2.0 0.0 -3.0 0.0 0.0 -4.0 -3.0 -2.0 -4.0 0.0 -4.0 0.0 -1.0 -3.0 -3.0 -4.0 -2.0 -1.0 0.0 -1.0 -4.0 -1.0 -4.0 -3.0 -1.0 -4.0 -2.0 0.0 -4.0 -2.0 -4.0 -2.0 -3.0 -4.0 0.0 0.0 -3.0 -1.0 -4.0 -1.0 -4.0 0.0 -4.0 -2.0 -1.0 0.0 -4.0 -1.0 -4.0 
0.0 -3.0 -1.0 -1.0 -4.0 -3.0 -3.0 -3.0 -4.0 -3.0 -4.0 -1.0 -2.0 -3.0 -4.0 -3.0 -2.0 -3.0 -3.0 -1.0 -1.0 -4.0 -4.0 0.0 -4.0 0.0 -1.0 0.0 -1.0 -3.0 236.0 -3.0 -3.0 -1.0 0.0 0.0 -3.0 0.0 0.0 -4.0 -3.0 -3.0 0.0 0.0 -2.0 -4.0 -4.0 0.0 -1.0 -4.0 -3.0 -3.0 -4.0 -3.0 -1.0 -4.0 -3.0 -2.0 -4.0 -3.0 -1.0 -2.0 -1.0 -4.0 -1.0 -4.0 -3.0 -2.0 -2.0 -2.0 0.0 0.0 -2.0 -2.0 -2.0 -2.0 0.0 0.0 -4.0 0.0 0.0 -4.0 0.0 -3.0 -1.0 -1.0 -4.0 -2.0 0.0 -4.0 0.0 -3.0 0.0 -2.0 -2.0 -3.0 0.0 -3.0 0.0 -3.0 -3.0 -4.0 0.0 -4.0 -1.0 -3.0 -2.0 -2.0 -3.0 -3.0 0.0 -2.0 -1.0 -4.0 -1.0 
-4.0 -4.0 0.0 -1.0 -4.0 0.0 -1.0 -3.0 -1.0 -1.0 -3.0 -1.0 -4.0 -1.0 -3.0 -2.0 -3.0 0.0 -1.0 0.0 -2.0 -2.0 0.0 0.0 -2.0 0.0 0.0 0.0 -4.0 -1.0 -3.0 211.0 -4.0 0.0 -4.0 -1.0 0.0 0.0 -3.0 -2.0 -4.0 -3.0 -3.0 -3.0 -2.0 0.0 -2.0 0.0 -4.0 -4.0 -1.0 0.0 -3.0 -3.0 -3.0 0.0 -1.0 0.0 -3.0 -2.0 -1.0 -4.0 -3.0 -4.0 -4.0 -3.0 -1.0 -1.0 -2.0 -3.0 0.0 -2.0 -3.0 -1.0 -3.0 -1.0 -3.0 -1.0 -2.0 0.0 0.0 0.0 0.0 -2.0 -3.0 -3.0 -4.0 -1.0 -4.0 -4.0 0.0 -4.0 -1.0 -1.0 -3.0 -2.0 -3.0 0.0 -1.0 -4.0 -1.0 0.0 0.0 0.0 -3.0 0.0 -3.0 -3.0 0.0 -4.0 -3.0 0.0 -1.0 -3.0 -2.0 
-2.0 0.0 -3.0 -2.0 -1.0 -4.0 -3.0 0.0 -4.0 -1.0 -2.0 -1.0 -4.0 -1.0 -4.0 -3.0 -2.0 0.0 -2.0 -2.0 0.0 0.0 -1.0 -1.0 -2.0 0.0 -1.0 0.0 -1.0 0.0 -1.0 -2.0 216.0 -4.0 -2.0 -4.0 -4.0 -3.0 0.0 0.0 -1.0 -2.0 -1.0 -1.0 -1.0 -2.0 -4.0 -4.0 -1.0 0.0 -2.0 -4.0 -4.0 0.0 0.0 -4.0 0.0 -1.0 0.0 0.0 -1.0 -1.0 -1.0 0.0 -3.0 -1.0 -1.0 -3.0 -3.0 -2.0 -4.0 -2.0 -4.0 -1.0 -2.0 -4.0 -3.0 -2.0 -4.0 -3.0 -1.0 0.0 -1.0 -2.0 0.0 -1.0 -2.0 -1.0 -3.0 -3.0 -4.0 -4.0 -1.0 -3.0 -4.0 -2.0 -2.0 -1.0 -1.0 -3.0 -2.0 -3.0 -1.0 -4.0 -4.0 -2.0 -3.0 -3.0 -1.0 0.0 -3.0 -2.0 -2.0 -1.0 -2.0 
-1.0 -4.0 -1.0 -3.0 -4.0 -3.0 -3.0 -1.0 -4.0 0.0 0.0 -2.0 -3.0 -3.0 0.0 -2.0 -3.0 -1.0 -1.0 -3.0 -2.0 -4.0 -4.0 -2.0 -2.0 -4.0 -1.0 -1.0 -3.0 -4.0 -2.0 -4.0 -2.0 220.0 0.0 -3.0 -1.0 -1.0 0.0 -1.0 0.0 -4.0 -4.0 -1.0 -2.0 -1.0 -1.0 -1.0 -2.0 0.0 -1.0 -2.0 0.0 -3.0 -3.0 -2.0 -2.0 -1.0 -4.0 0.0 -3.0 -2.0 -2.0 -3.0 -1.0 -1.0 -1.0 -1.0 -3.0 -1.0 -3.0 -4.0 -2.0 -2.0 -1.0 -2.0 -3.0 0.0 -2.0 -3.0 -1.0 -3.0 -2.0 -4.0 -2.0 0.0 -4.0 -1.0 -1.0 0.0 -3.0 -2.0 -4.0 -3.0 -3.0 -2.0 -1.0 -1.0 0.0 -2.0 0.0 -4.0 0.0 -4.0 0.0 0.0 0.0 -4.0 -3.0 0.0 0.0 -2.0 -1.0 -3.0 -3.0 
0.0 -4.0 0.0 -2.0 -1.0 0.0 0.0 -1.0 0.0 -3.0 -3.0 -2.0 -1.0 -4.0 -4.0 -4.0 -3.0 -3.0 -1.0 -3.0 -2.0 -1.0 0.0 -3.0 -4.0 -1.0 -1.0 -3.0 -4.0 -1.0 -1.0 -3.0 -4.0 -3.0 232.0 -3.0 -1.0 -2.0 -3.0 0.0 0.0 -4.0 -1.0 -1.0 -4.0 0.0 0.0 -2.0 -1.0 -2.0 -2.0 -4.0 -1.0 -4.0 -1.0 0.0 0.0 -4.0 -1.0 -3.0 -3.0 0.0 -1.0 -3.0 -2.0 -3.0 0.0 -3.0 -1.0 -3.0 -4.0 -2.0 -1.0 -1.0 -3.0 -3.0 -4.0 -1.0 -3.0 -1.0 -1.0 0.0 -1.0 -3.0 -1.0 -3.0 -2.0 -4.0 -4.0 0.0 -2.0 -1.0 -2.0 0.0 -4.0 -3.0 -1.0 -4.0 0.0 -3.0 -1.0 -3.0 -3.0 0.0 -4.0 -4.0 -3.0 -1.0 -4.0 -2.0 -4.0 -2.0 0.0 -3.0 -3.0 
-4.0 0.0 -4.0 -3.0 -1.0 -1.0 -2.0 -4.0 -3.0 -4.0 -4.0 -3.0 -4.0 0.0 -4.0 0.0 -2.0 -3.0 -2.0 -4.0 0.0 0.0 -4.0 -2.0 -3.0 -4.0 0.0 -4.0 0.0 -1.0 -3.0 -4.0 0.0 -3.0 0.0 246.0 -1.0 -4.0 -3.0 -3.0 -2.0 -3.0 -1.0 -3.0 -2.0 -1.0 -2.0 -2.0 -2.0 -3.0 -3.0 -4.0 -1.0 -1.0 -2.0 -2.0 -3.0 -3.0 -3.0 -3.0 -1.0 0.0 -3.0 -3.0 -4.0 -1.0 -1.0 -2.0 0.0 -4.0 -2.0 0.0 0.0 -4.0 -3.0 0.0 -1.0 -2.0 0.0 -1.0 -3.0 0.0 -2.0 -1.0 0.0 -3.0 0.0 -4.0 -3.0 -1.0 -4.0 -4.0 -3.0 -4.0 -4.0 -4.0 -3.0 -3.0 0.0 -2.0 -1.0 -3.0 -1.0 -3.0 -3.0 0.0 -2.0 -1.0 0.0 -3.0 -1.0 -3.0 -4.0 -3.0 -1.0 
0.0 0.0 0.0 -4.0 -1.0 -4.0 -4.0 -1.0 -2.0 -2.0 -4.0 -1.0 -1.0 -4.0 -4.0 -1.0 0.0 -1.0 -4.0 -1.0 -1.0 -3.0 -4.0 -4.0 -4.0 0.0 -2.0 0.0 -1.0 -1.0 -3.0 0.0 -4.0 -2.0 -1.0 -2.0 213.0 -3.0 -3.0 -3.0 -3.0 0.0 -4.0 -1.0 -2.0 -2.0 -1.0 0.0 -2.0 -3.0 -3.0 -4.0 -1.0 -1.0 -2.0 0.0 -1.0 -2.0 -2.0 -3.0 -1.0 -1.0 0.0 -4.0 -2.0 0.0 -2.0 -1.0 0.0 0.0 0.0 0.0 0.0 0.0 -3.0 -4.0 -2.0 -4.0 0.0 0.0 -2.0 -3.0 -1.0 -1.0 -3.0 -3.0 -2.0 -3.0 0.0 0.0 -3.0 -3.0 -2.0 -4.0 -4.0 0.0 -4.0 -3.0 0.0 -2.0 -4.0 -4.0 -3.0 0.0 0.0 0.0 -3.0 0.0 -2.0 -2.0 -2.0 -2.0 -4.0 0.0 -3.0 
0.0 0.0 -3.0 -2.0 -3.0 -1.0 -3.0 -2.0 -1.0 -4.0 -2.0 -4.0 -1.0 -2.0 -2.0 -3.0 -2.0 -4.0 -1.0 -1.0 -2.0 -4.0 -3.0 0.0 -1.0 -2.0 -2.0 -4.0 -3.0 -3.0 -3.0 -4.0 -2.0 -1.0 -2.0 -3.0 -4.0 259.0 -1.0 -3.0 -4.0 -3.0 0.0 0.0 -4.0 -3.0 -1.0 -2.0 -3.0 -2.0 -2.0 -3.0 -1.0 -4.0 -3.0 -3.0 0.0 -2.0 -3.0 -2.0 0.0 -4.0 -1.0 0.0 -3.0 -1.0 -2.0 -1.0 -4.0 -4.0 -1.0 -4.0 -2.0 -4.0 -4.0 -4.0 -4.0 0.0 -2.0 -4.0 0.0 0.0 0.0 0.0 -1.0 -2.0 -4.0 -3.0 0.0 -4.0 -4.0 0.0 0.0 -1.0 -4.0 -2.0 -4.0 -1.0 -3.0 -2.0 -3.0 -2.0 -4.0 -3.0 -4.0 -4.0 -1.0 -4.0 -4.0 0.0 -3.0 -4.0 -3.0 0.0 -3.0 
-3.0 -3.0 -1.0 -4.0 -1.0 0.0 -2.0 -1.0 0.0 -3.0 0.0 -4.0 -1.0 -4.0 -1.0 -1.0 -1.0 0.0 -1.0 -1.0 -1.0 0.0 -3.0 -2.0 0.0 0.0 -3.0 -1.0 -3.0 -4.0 -4.0 -1.0 0.0 -3.0 0.0 -4.0 -2.0 -1.0 216.0 -2.0 0.0 -2.0 -3.0 -3.0 -2.0 -4.0 -3.0 -2.0 -2.0 -2.0 -2.0 0.0 -2.0 -2.0 -2.0 0.0 -2.0 -2.0 0.0 0.0 -3.0 -4.0 -2.0 0.0 -1.0 0.0 -2.0 -3.0 -1.0 -1.0 0.0 -2.0 -2.0 -1.0 -4.0 -3.0 0.0 -4.0 -1.0 0.0 0.0 -3.0 -4.0 -1.0 -3.0 -3.0 -3.0 -2.0 -1.0 -3.0 -2.0 0.0 -1.0 -4.0 -2.0 -3.0 -4.0 0.0 -1.0 -2.0 -4.0 -3.0 -1.0 -4.0 -2.0 -1.0 -2.0 -4.0 -2.0 -2.0 -3.0 -1.0 -2.0 -4.0 -4.0 
-3.0 -1.0 -3.0 -1.0 0.0 -3.0 -4.0 -1.0 0.0 -1.0 -1.0 -3.0 -3.0 -4.0 -1.0 -3.0 -2.0 -1.0 -3.0 0.0 -2.0 -3.0 -3.0 -2.0 -2.0 -3.0 -3.0 -3.0 -4.0 -3.0 -4.0 -2.0 -1.0 -1.0 -2.0 -1.0 0.0 0.0 -4.0 215.0 -1.0 -2.0 -1.0 0.0 -3.0 0.0 -2.0 -2.0 -4.0 0.0 -2.0 0.0 -1.0 0.0 -3.0 0.0 -2.0 -1.0 -3.0 -1.0 -4.0 -2.0 -1.0 -2.0 0.0 -3.0 -1.0 -1.0 -4.0 -3.0 0.0 -2.0 -3.0 -4.0 -1.0 0.0 -1.0 0.0 -2.0 -4.0 -1.0 -4.0 -2.0 -4.0 -3.0 0.0 -1.0 -2.0 -4.0 -2.0 -3.0 0.0 -1.0 -1.0 -4.0 -4.0 -4.0 0.0 -2.0 -1.0 -2.0 0.0 -3.0 -1.0 -2.0 -2.0 0.0 -1.0 0.0 -3.0 -2.0 -2.0 -1.0 -3.0 -3.0 
0.0 -2.0 -2.0 -1.0 -1.0 0.0 -4.0 -3.0 -3.0 -3.0 -1.0 0.0 -1.0 -2.0 0.0 -1.0 0.0 -2.0 -4.0 0.0 -3.0 0.0 -2.0 -1.0 -3.0 -1.0 -3.0 -3.0 0.0 -2.0 -4.0 -2.0 -2.0 -1.0 -3.0 -3.0 -4.0 -4.0 -1.0 -1.0 242.0 -3.0 -3.0 -3.0 -3.0 -2.0 -2.0 -3.0 -4.0 -2.0 -2.0 -1.0 -1.0 -3.0 -2.0 -1.0 0.0 -3.0 -3.0 -1.0 -3.0 0.0 -4.0 -4.0 -1.0 -4.0 0.0 -2.0 -1.0 -1.0 -4.0 -4.0 0.0 -3.0 -4.0 0.0 -1.0 -1.0 -3.0 -3.0 0.0 -2.0 -2.0 -4.0 -2.0 -4.0 -3.0 0.0 -1.0 -4.0 -1.0 -4.0 -3.0 -2.0 -2.0 -4.0 -3.0 0.0 -4.0 -4.0 -3.0 -3.0 -3.0 -4.0 -4.0 -1.0 -3.0 -1.0 -1.0 -2.0 -2.0 -4.0 -2.0 -2.0 0.0 
-2.0 -3.0 -1.0 0.0 -2.0 0.0 -4.0 -1.0 -2.0 0.0 -1.0 0.0 -2.0 -3.0 -2.0 -1.0 -4.0 -1.0 0.0 -4.0 -1.0 -4.0 -3.0 -2.0 -4.0 -3.0 -3.0 -4.0 -2.0 -4.0 -4.0 -1.0 -1.0 -3.0 -2.0 -3.0 -2.0 -2.0 -3.0 -2.0 -2.0 243.0 0.0 0.0 -2.0 -4.0 0.0 -1.0 0.0 0.0 -2.0 -2.0 -1.0 -4.0 -3.0 -1.0 -2.0 0.0 -3.0 -4.0 -1.0 -2.0 -1.0 -4.0 -4.0 -4.0 -3.0 -2.0 -1.0 -1.0 -4.0 -3.0 0.0 -4.0 -4.0 -1.0 -3.0 -1.0 -2.0 -1.0 0.0 -3.0 -4.0 -2.0 -4.0 -2.0 0.0 -1.0 0.0 -4.0 0.0 -4.0 -2.0 -2.0 -4.0 -4.0 -2.0 -2.0 -2.0 -4.0 -3.0 -1.0 0.0 -4.0 -3.0 -1.0 -4.0 -3.0 -2.0 -4.0 -3.0 -2.0 -3.0 0.0 -1.0 
-4.0 -1.0 -4.0 -4.0 0.0 -4.0 -3.0 0.0 -4.0 -3.0 -2.0 -1.0 -1.0 -3.0 -2.0 -4.0 -3.0 -2.0 -1.0 -3.0 -1.0 0.0 -4.0 -4.0 -4.0 0.0 -2.0 -1.0 -3.0 -2.0 0.0 -1.0 -2.0 -3.0 -4.0 -4.0 -2.0 0.0 -4.0 -3.0 -2.0 0.0 236.0 0.0 -1.0 -1.0 -1.0 0.0 -2.0 -3.0 -1.0 -1.0 -4.0 -4.0 -1.0 0.0 0.0 0.0 0.0 -4.0 -4.0 -3.0 -4.0 -2.0 -4.0 -3.0 0.0 -4.0 -1.0 -2.0 -3.0 -1.0 -4.0 -2.0 -2.0 0.0 -3.0 -2.0 -4.0 -3.0 -1.0 -4.0 0.0 -2.0 0.0 -2.0 -4.0 -1.0 0.0 -4.0 -1.0 -3.0 -2.0 -3.0 -2.0 -1.0 -1.0 -2.0 -4.0 -1.0 -4.0 -4.0 -1.0 -3.0 -2.0 0.0 0.0 -2.0 0.0 -4.0 -2.0 -2.0 0.0 -1.0 -4.0 
-3.0 0.0 -3.0 0.0 0.0 0.0 -2.0 -3.0 -4.0 0.0 -2.0 0.0 -3.0 -3.0 -4.0 -2.0 -1.0 -4.0 -4.0 -2.0 -4.0 -2.0 -3.0 -4.0 -1.0 -2.0 -1.0 -4.0 0.0 -3.0 -2.0 -1.0 -2.0 -2.0 -4.0 0.0 -2.0 -4.0 -4.0 -2.0 -3.0 0.0 -1.0 237.0 -4.0 0.0 -3.0 -4.0 -1.0 -4.0 -1.0 -3.0 0.0 -4.0 -2.0 -4.0 -4.0 0.0 -3.0 -4.0 -3.0 0.0 -4.0 0.0 0.0 -1.0 -3.0 -4.0 -1.0 0.0 -2.0 -2.0 -1.0 0.0 -4.0 0.0 -3.0 -3.0 -3.0 -3.0 0.0 -4.0 0.0 -3.0 -1.0 -1.0 -2.0 -3.0 -4.0 0.0 0.0 -3.0 0.0 -3.0 -2.0 -3.0 -4.0 0.0 -4.0 -2.0 -2.0 -2.0 -4.0 -3.0 -4.0 0.0 -4.0 -2.0 -2.0 0.0 0.0 -2.0 -3.0 0.0 -1.0 
-2.0 -4.0 0.0 -2.0 -3.0 0.0 -4.0 0.0 -2.0 -4.0 -1.0 -1.0 -4.0 0.0 0.0 0.0 0.0 -4.0 -2.0 0.0 -4.0 -1.0 -3.0 -3.0 -1.0 0.0 0.0 -2.0 -2.0 -2.0 -4.0 0.0 -2.0 0.0 -3.0 -2.0 -3.0 0.0 0.0 0.0 -1.0 -2.0 -1.0 -1.0 219.0 -1.0 -2.0 -3.0 -1.0 -3.0 -2.0 -4.0 -2.0 -3.0 -2.0 -2.0 -3.0 -3.0 -2.0 0.0 -4.0 -3.0 0.0 -1.0 -2.0 -2.0 -4.0 0.0 -4.0 -1.0 -2.0 -4.0 -4.0 -4.0 -1.0 -1.0 -3.0 -4.0 -3.0 -3.0 0.0 -1.0 -2.0 -3.0 -4.0 -1.0 -1.0 0.0 0.0 -2.0 -4.0 -2.0 -2.0 -1.0 -2.0 -4.0 -3.0 -2.0 -4.0 -4.0 -3.0 -2.0 -1.0 -2.0 0.0 -1.0 -2.0 -2.0 -4.0 -1.0 0.0 0.0 -1.0 -4.0 -1.0 
-4.0 -4.0 -1.0 -3.0 0.0 -2.0 -2.0 0.0 0.0 -3.0 -3.0 -2.0 -4.0 -4.0 -1.0 0.0 -4.0 -4.0 -2.0 -1.0 0.0 -4.0 -4.0 -3.0 -4.0 -4.0 -2.0 -2.0 -1.0 -4.0 -3.0 -2.0 -3.0 -1.0 -4.0 -2.0 -1.0 -3.0 -2.0 -1.0 -2.0 -3.0 -1.0 -4.0 -1.0 233.0 -1.0 -3.0 -1.0 -4.0 -1.0 -3.0 -2.0 -1.0 -4.0 -3.0 -1.0 0.0 -3.0 -2.0 0.0 -1.0 -3.0 -2.0 -2.0 -1.0 -4.0 -2.0 -2.0 0.0 -2.0 0.0 -2.0 -2.0 -1.0 -1.0 -3.0 -1.0 -2.0 0.0 -3.0 -2.0 0.0 -4.0 -1.0 -1.0 -2.0 -2.0 0.0 -2.0 -4.0 -2.0 0.0 -4.0 -2.0 -1.0 -1.0 0.0 0.0 -4.0 -4.0 0.0 -3.0 -4.0 0.0 -4.0 0.0 0.0 -3.0 0.0 -3.0 -4.0 -1.0 -3.0 -4.0 
-4.0 -2.0 -2.0 0.0 -1.0 -3.0 -2.0 -3.0 0.0 -4.0 -1.0 -1.0 0.0 -1.0 -1.0 -1.0 -2.0 0.0 -3.0 -2.0 -2.0 -1.0 -1.0 -1.0 -1.0 -3.0 0.0 0.0 -4.0 -3.0 -4.0 -4.0 -2.0 -4.0 -4.0 -4.0 -4.0 0.0 -4.0 -2.0 -2.0 -2.0 -1.0 -1.0 -1.0 0.0 210.0 -1.0 -3.0 0.0 -3.0 0.0 0.0 0.0 0.0 0.0 -3.0 -1.0 -2.0 -2.0 -3.0 -2.0 -4.0 0.0 -4.0 -1.0 -4.0 -3.0 -4.0 -1.0 -2.0 0.0 0.0 -1.0 -1.0 -2.0 -1.0 -4.0 -1.0 -3.0 -4.0 -1.0 0.0 -2.0 -1.0 -4.0 -1.0 0.0 -2.0 -3.0 -2.0 0.0 0.0 -1.0 -2.0 -3.0 -2.0 -3.0 -4.0 -1.0 -1.0 -1.0 -1.0 -3.0 0.0 -1.0 -4.0 0.0 -3.0 -2.0 -3.0 -2.0 -3.0 -4.0 -2.0 
-1.0 -4.0 -4.0 -1.0 -1.0 -3.0 -1.0 -2.0 -2.0 -3.0 -3.0 -1.0 0.0 -1.0 -4.0 0.0 -2.0 -3.0 -3.0 0.0 -4.0 -1.0 -4.0 -2.0 -2.0 -1.0 -4.0 -4.0 -4.0 -1.0 -1.0 -1.0 -2.0 0.0 -4.0 -2.0 -1.0 -4.0 0.0 -1.0 -4.0 -4.0 -1.0 -3.0 0.0 -2.0 -3.0 225.0 0.0 -4.0 -2.0 0.0 -3.0 -3.0 0.0 0.0 -2.0 0.0 -2.0 -4.0 -3.0 -2.0 -1.0 -3.0 0.0 -2.0 0.0 0.0 -2.0 -3.0 -3.0 -3.0 -2.0 -4.0 0.0 -2.0 -3.0 0.0 -4.0 -3.0 -2.0 -2.0 -2.0 -1.0 -3.0 -1.0 -1.0 0.0 -3.0 -4.0 0.0 -4.0 -3.0 -3.0 -4.0 0.0 -2.0 0.0 -1.0 -2.0 0.0 -3.0 -2.0 -4.0 -3.0 0.0 0.0 -4.0 0.0 -4.0 -1.0 0.0 0.0 -3.0 -4.0 
-2.0 -2.0 0.0 -1.0 -4.0 0.0 -3.0 -1.0 -1.0 -2.0 -3.0 -1.0 -3.0 -2.0 -1.0 -1.0 0.0 -2.0 0.0 -2.0 -4.0 -3.0 -2.0 -1.0 -2.0 -4.0 0.0 -1.0 -2.0 -2.0 -3.0 -1.0 0.0 -4.0 -4.0 -2.0 0.0 -4.0 -3.0 -2.0 0.0 -2.0 -1.0 0.0 -1.0 -4.0 -4.0 -3.0 226.0 -2.0 -1.0 -3.0 0.0 -4.0 -2.0 0.0 -4.0 -3.0 -2.0 -1.0 -2.0 -3.0 -3.0 -2.0 -4.0 -3.0 -3.0 -1.0 0.0 -2.0 -4.0 -3.0 -2.0 -3.0 -2.0 -2.0 -4.0 0.0 -2.0 -3.0 -1.0 0.0 -2.0 -4.0 -1.0 0.0 -2.0 -2.0 -2.0 0.0 0.0 -2.0 0.0 0.0 0.0 0.0 -4.0 0.0 -3.0 -2.0 -2.0 -4.0 -1.0 -1.0 0.0 -3.0 -4.0 -4.0 -4.0 -3.0 -3.0 -3.0 -4.0 -2.0 -3.0 
-3.0 -4.0 -4.0 0.0 0.0 0.0 -2.0 0.0 -1.0 0.0 -1.0 -2.0 0.0 0.0 -4.0 -3.0 -2.0 0.0 0.0 0.0 -4.0 -1.0 -1.0 -3.0 -2.0 -4.0 0.0 -2.0 0.0 -3.0 -2.0 -4.0 -1.0 0.0 -3.0 -4.0 -2.0 0.0 0.0 -3.0 -4.0 0.0 -4.0 -2.0 -3.0 -4.0 -4.0 -3.0 -4.0 218.0 0.0 -2.0 -2.0 -2.0 0.0 0.0 -3.0 -2.0 -1.0 -1.0 0.0 -3.0 0.0 -1.0 0.0 -3.0 -3.0 0.0 0.0 -3.0 -2.0 0.0 -2.0 -2.0 -4.0 -1.0 -3.0 -3.0 -3.0 -3.0 -3.0 -2.0 0.0 -1.0 -1.0 -4.0 -3.0 -3.0 -2.0 0.0 -2.0 -1.0 -4.0 -2.0 -1.0 -4.0 -2.0 -2.0 -4.0 0.0 0.0 -3.0 -4.0 -1.0 -1.0 -3.0 -4.0 -4.0 -3.0 -4.0 0.0 -2.0 -3.0 0.0 -3.0 
-4.0 0.0 0.0 -1.0 -3.0 -2.0 0.0 -4.0 -4.0 -4.0 -1.0 0.0 0.0 -3.0 0.0 0.0 0.0 0.0 -1.0 -1.0 -3.0 -2.0 -4.0 -3.0 -3.0 -2.0 -3.0 -1.0 -1.0 -2.0 -3.0 -2.0 -4.0 -1.0 -1.0 -4.0 -2.0 0.0 -2.0 -1.0 -3.0 0.0 0.0 -4.0 -2.0 -1.0 -1.0 -2.0 0.0 -1.0 222.0 -4.0 -1.0 0.0 0.0 -1.0 -2.0 -2.0 0.0 -4.0 0.0 -4.0 0.0 -2.0 -4.0 0.0 -2.0 -2.0 -3.0 0.0 -1.0 0.0 -2.0 -3.0 -2.0 -1.0 -2.0 -3.0 -3.0 -3.0 -4.0 -3.0 -4.0 -2.0 -4.0 0.0 -3.0 -3.0 -2.0 -4.0 -2.0 0.0 -4.0 -3.0 -2.0 -1.0 -2.0 -1.0 -1.0 -4.0 -2.0 -3.0 -1.0 -1.0 -2.0 -3.0 -3.0 -4.0 -3.0 -2.0 -4.0 -3.0 0.0 -4.0 -1.0 
0.0 -4.0 -2.0 -4.0 -1.0 -3.0 -4.0 -4.0 -1.0 -4.0 -1.0 -2.0 0.0 -4.0 -4.0 -1.0 -1.0 -4.0 -1.0 -3.0 -4.0 -4.0 0.0 0.0 -4.0 0.0 0.0 -3.0 -3.0 -4.0 -4.0 0.0 -2.0 -1.0 -3.0 -4.0 -3.0 -2.0 -1.0 -2.0 -1.0 -4.0 -3.0 -2.0 -1.0 -2.0 0.0 -4.0 0.0 -2.0 -1.0 244.0 -1.0 -4.0 -1.0 -4.0 -2.0 -4.0 -1.0 -1.0 -1.0 0.0 -2.0 -2.0 -1.0 -3.0 -3.0 -3.0 -4.0 -2.0 -1.0 -2.0 0.0 -2.0 -1.0 -1.0 -1.0 -1.0 -2.0 0.0 -2.0 -1.0 -4.0 -3.0 -2.0 -4.0 -2.0 0.0 -4.0 -3.0 -4.0 -2.0 -1.0 -4.0 -1.0 -3.0 -2.0 -4.0 0.0 -1.0 -4.0 0.0 -4.0 -3.0 -4.0 -1.0 -1.0 -2.0 -3.0 -1.0 -4.0 0.0 -3.0 -2.0 -3.0 
-3.0 -4.0 -1.0 -4.0 -2.0 -2.0 -3.0 -2.0 0.0 -1.0 -2.0 0.0 -4.0 -3.0 0.0 -1.0 -3.0 -4.0 0.0 -4.0 -1.0 -2.0 0.0 -4.0 -3.0 -3.0 -3.0 0.0 -2.0 -4.0 -4.0 -4.0 -2.0 -1.0 -3.0 -1.0 0.0 -4.0 -3.0 -3.0 -4.0 -1.0 -2.0 -3.0 -1.0 -1.0 0.0 -3.0 -2.0 -4.0 -4.0 -4.0 240.0 -2.0 -3.0 -4.0 0.0 0.0 -1.0 -4.0 -4.0 -4.0 -1.0 -3.0 -1.0 0.0 0.0 -4.0 -4.0 -1.0 -2.0 -2.0 -3.0 0.0 -3.0 0.0 0.0 0.0 -3.0 -3.0 -2.0 -3.0 0.0 -1.0 -2.0 -1.0 -2.0 -3.0 -1.0 -3.0 -4.0 -4.0 -4.0 0.0 -4.0 -2.0 0.0 -3.0 0.0 -1.0 -4.0 -3.0 -4.0 -2.0 -3.0 0.0 -2.0 -1.0 -2.0 -4.0 -3.0 0.0 0.0 -1.0 0.0 
-1.0 0.0 -4.0 0.0 0.0 -4.0 -1.0 -1.0 -1.0 -1.0 -4.0 -3.0 -4.0 -4.0 -2.0 0.0 -4.0 -4.0 -2.0 -1.0 0.0 -3.0 -1.0 0.0 -1.0 -3.0 -1.0 -2.0 -4.0 -4.0 -2.0 -1.0 -1.0 -1.0 0.0 -1.0 0.0 -2.0 -1.0 -4.0 -2.0 -4.0 -3.0 -1.0 -2.0 -2.0 -1.0 -1.0 0.0 0.0 -4.0 -1.0 -4.0 205.0 -3.0 -4.0 -1.0 -2.0 0.0 -4.0 0.0 0.0 -4.0 -1.0 -2.0 0.0 0.0 -1.0 -4.0 -2.0 0.0 0.0 -4.0 -2.0 0.0 0.0 -4.0 -2.0 -4.0 0.0 -4.0 0.0 -3.0 -3.0 0.0 -4.0 -3.0 -3.0 -4.0 -3.0 0.0 -3.0 0.0 -3.0 0.0 -1.0 -2.0 -3.0 -2.0 -2.0 0.0 0.0 0.0 -4.0 -3.0 -1.0 0.0 -1.0 -2.0 -1.0 0.0 -1.0 -2.0 -4.0 -1.0 
-2.0 0.0 -4.0 -3.0 -3.0 -1.0 0.0 -2.0 0.0 -4.0 -3.0 -3.0 0.0 -2.0 -4.0 -2.0 0.0 -3.0 -2.0 -2.0 -1.0 -4.0 0.0 -1.0 -4.0 -1.0 -4.0 -3.0 0.0 -1.0 -1.0 0.0 -4.0 -1.0 -3.0 -2.0 -1.0 0.0 -3.0 -3.0 -1.0 -4.0 -1.0 -2.0 -3.0 -3.0 -1.0 -4.0 0.0 -4.0 -4.0 -3.0 -2.0 -1.0 235.0 -4.0 -3.0 -1.0 0.0 -3.0 -2.0 0.0 -1.0 -4.0 0.0 -4.0 -4.0 0.0 -4.0 0.0 -3.0 -4.0 -2.0 -4.0 0.0 -4.0 -4.0 -3.0 -3.0 0.0 0.0 -1.0 0.0 -1.0 -2.0 -3.0 -4.0 -4.0 -2.0 -1.0 0.0 -4.0 -2.0 -2.0 -1.0 -4.0 0.0 -3.0 0.0 -4.0 -1.0 -3.0 -1.0 -1.0 -4.0 -2.0 -2.0 0.0 -3.0 -3.0 -2.0 -2.0 -2.0 -2.0 -2.0 
0.0 -1.0 -2.0 -3.0 -2.0 -1.0 -2.0 -3.0 -1.0 -4.0 -2.0 0.0 -4.0 -3.0 -2.0 -2.0 -2.0 -3.0 -2.0 -4.0 0.0 -3.0 -2.0 0.0 -2.0 -2.0 0.0 -3.0 -4.0 -3.0 -2.0 0.0 0.0 -1.0 0.0 0.0 -3.0 -4.0 -3.0 -1.0 -4.0 -1.0 0.0 -4.0 -3.0 -2.0 0.0 -2.0 -2.0 0.0 -2.0 -4.0 -3.0 -3.0 0.0 214.0 -1.0 -1.0 -3.0 -1.0 -2.0 -2.0 -4.0 -2.0 -3.0 0.0 -1.0 0.0 -2.0 -2.0 -1.0 -4.0 0.0 -2.0 -4.0 0.0 -3.0 -4.0 -2.0 -4.0 0.0 0.0 -1.0 -2.0 -2.0 -2.0 -3.0 -2.0 -2.0 -4.0 -1.0 -2.0 -1.0 -3.0 -1.0 -1.0 -1.0 -4.0 -1.0 0.0 -1.0 -1.0 0.0 0.0 -4.0 -1.0 -2.0 -2.0 -1.0 -4.0 -4.0 -1.0 -2.0 -3.0 -1.0 
-2.0 -3.0 -4.0 -1.0 -2.0 -3.0 -4.0 -3.0 -4.0 0.0 -2.0 -2.0 -1.0 -2.0 -2.0 -1.0 -2.0 -2.0 -1.0 -3.0 -4.0 -2.0 -2.0 -4.0 -4.0 -4.0 -4.0 -2.0 -3.0 -4.0 -2.0 -3.0 -3.0 -3.0 -3.0 -3.0 0.0 -3.0 -3.0 -2.0 -4.0 -1.0 -3.0 -2.0 -3.0 -1.0 0.0 0.0 -4.0 -2.0 -2.0 0.0 -2.0 -3.0 -2.0 -4.0 256.0 -3.0 -3.0 -3.0 -3.0 0.0 0.0 -2.0 -4.0 0.0 -4.0 -3.0 -1.0 -2.0 0.0 -1.0 0.0 -2.0 -2.0 -1.0 -3.0 -4.0 -1.0 -1.0 -4.0 -4.0 -1.0 -1.0 -1.0 -4.0 -2.0 -4.0 -2.0 0.0 -3.0 -4.0 -2.0 0.0 -2.0 -4.0 -3.0 -1.0 -3.0 -3.0 -2.0 0.0 -4.0 -1.0 0.0 0.0 -4.0 -3.0 -2.0 -3.0 -4.0 -4.0 0.0 -1.0 -2.0 
-3.0 -1.0 -2.0 -4.0 -1.0 -2.0 0.0 -2.0 -1.0 -1.0 -3.0 -1.0 0.0 0.0 -1.0 -3.0 -4.0 -4.0 -2.0 0.0 -3.0 0.0 -3.0 -3.0 -1.0 -4.0 -2.0 -2.0 -1.0 0.0 -2.0 -4.0 -4.0 -1.0 -1.0 -4.0 -1.0 -2.0 -4.0 0.0 -3.0 -2.0 -4.0 -1.0 0.0 -2.0 -3.0 -4.0 -1.0 -2.0 -3.0 -4.0 -1.0 -3.0 -3.0 -1.0 0.0 248.0 -1.0 -3.0 -1.0 -1.0 -4.0 -3.0 -4.0 0.0 0.0 -2.0 -2.0 0.0 -2.0 0.0 -4.0 -3.0 -3.0 -4.0 -1.0 -1.0 -3.0 -1.0 -1.0 -2.0 -3.0 -4.0 -3.0 -1.0 -1.0 -4.0 -3.0 -4.0 -4.0 -1.0 -1.0 -4.0 0.0 0.0 -3.0 -3.0 -4.0 -4.0 -4.0 -4.0 -3.0 -4.0 0.0 -4.0 -3.0 -1.0 -3.0 -2.0 0.0 -4.0 -1.0 -4.0 -4.0 
-2.0 -4.0 -1.0 0.0 -4.0 -3.0 -4.0 -4.0 -3.0 -1.0 -1.0 0.0 -4.0 -1.0 -3.0 -1.0 -3.0 -2.0 0.0 -3.0 -2.0 -4.0 -4.0 -2.0 -4.0 -1.0 -3.0 -3.0 0.0 -2.0 0.0 0.0 -1.0 -3.0 0.0 -1.0 -1.0 0.0 -1.0 0.0 -4.0 -1.0 -1.0 -4.0 -2.0 -2.0 -3.0 -2.0 -2.0 -2.0 -4.0 -1.0 -3.0 -4.0 0.0 0.0 -2.0 -3.0 228.0 -1.0 0.0 -2.0 0.0 -4.0 -2.0 -1.0 -2.0 0.0 -1.0 -3.0 -1.0 -4.0 -1.0 -4.0 -4.0 -2.0 -4.0 0.0 0.0 -3.0 -4.0 0.0 -3.0 -1.0 -4.0 -2.0 -3.0 -3.0 -2.0 -3.0 -3.0 -4.0 -1.0 -2.0 0.0 -4.0 -1.0 -4.0 0.0 0.0 -3.0 -2.0 -1.0 -4.0 -3.0 0.0 -4.0 -2.0 0.0 -1.0 -2.0 -4.0 -1.0 -1.0 -1.0 
-2.0 -2.0 -4.0 0.0 -1.0 -2.0 0.0 -2.0 0.0 -2.0 0.0 0.0 0.0 0.0 -2.0 0.0 0.0 -4.0 -1.0 -1.0 -3.0 0.0 -2.0 0.0 0.0 -4.0 -2.0 0.0 -4.0 -4.0 -3.0 -4.0 -1.0 0.0 -4.0 -3.0 -1.0 0.0 -2.0 -4.0 -3.0 -3.0 -3.0 -1.0 -4.0 0.0 -3.0 0.0 -3.0 -2.0 0.0 -4.0 -1.0 0.0 0.0 0.0 -1.0 0.0 -2.0 189.0 -2.0 -4.0 -2.0 0.0 -2.0 -1.0 -4.0 -1.0 -1.0 -2.0 -1.0 -1.0 -1.0 -2.0 -3.0 -4.0 0.0 0.0 0.0 -1.0 -2.0 -3.0 -1.0 -4.0 -4.0 -1.0 -4.0 -3.0 0.0 -3.0 -4.0 -1.0 -4.0 -2.0 -1.0 -2.0 0.0 -4.0 0.0 -1.0 0.0 -1.0 -1.0 -1.0 -4.0 -2.0 -1.0 -1.0 -1.0 0.0 -2.0 -2.0 -3.0 0.0 0.0 
0.0 -1.0 0.0 -4.0 0.0 -2.0 -1.0 -3.0 -4.0 -1.0 -3.0 -4.0 0.0 -1.0 -1.0 -1.0 0.0 -3.0 -2.0 -3.0 -4.0 -1.0 -4.0 -1.0 -3.0 0.0 -3.0 0.0 -4.0 -4.0 -2.0 -4.0 -4.0 -4.0 -2.0 -4.0 -1.0 0.0 -3.0 -4.0 -2.0 -1.0 0.0 -1.0 -4.0 -2.0 -1.0 -4.0 0.0 -3.0 -2.0 -3.0 -2.0 -3.0 -1.0 -4.0 -1.0 0.0 -3.0 -3.0 236.0 -2.0 -4.0 -1.0 -2.0 -4.0 0.0 -3.0 -1.0 -3.0 -2.0 -3.0 -1.0 -3.0 -4.0 -1.0 0.0 -4.0 -2.0 -1.0 0.0 -4.0 -4.0 -1.0 -1.0 -1.0 -4.0 0.0 -2.0 -4.0 -4.0 -2.0 0.0 -1.0 -1.0 -4.0 -4.0 0.0 -4.0 -2.0 0.0 -3.0 -4.0 -1.0 0.0 -2.0 -2.0 -3.0 0.0 -2.0 0.0 -2.0 -4.0 -1.0 -2.0 
0.0 -2.0 -4.0 -3.0 -1.0 -4.0 -4.0 -4.0 -4.0 -3.0 -1.0 0.0 -1.0 -2.0 -3.0 -4.0 -3.0 -1.0 -2.0 -2.0 -3.0 -4.0 0.0 -2.0 -3.0 -1.0 -2.0 -3.0 0.0 -1.0 -1.0 -4.0 -3.0 -1.0 -2.0 -1.0 0.0 -3.0 0.0 -1.0 -3.0 -3.0 -4.0 -2.0 0.0 -4.0 -3.0 -3.0 -4.0 -4.0 -2.0 -2.0 -2.0 -1.0 0.0 -1.0 0.0 -1.0 0.0 -3.0 -3.0 226.0 -3.0 -1.0 -4.0 -2.0 -1.0 -4.0 -4.0 -4.0 -3.0 -2.0 0.0 -2.0 -1.0 -1.0 -2.0 -3.0 -3.0 -2.0 -1.0 -3.0 -3.0 0.0 0.0 -4.0 -4.0 0.0 0.0 0.0 0.0 -2.0 -4.0 -2.0 -1.0 -1.0 -1.0 -1.0 0.0 0.0 0.0 -1.0 0.0 0.0 -4.0 -2.0 -4.0 -2.0 -3.0 -4.0 -2.0 -3.0 -3.0 0.0 -1.0 
-2.0 -2.0 -2.0 -3.0 -3.0 0.0 -4.0 0.0 -1.0 0.0 -1.0 -1.0 -4.0 -2.0 -4.0 0.0 0.0 -4.0 -2.0 -2.0 -3.0 -1.0 0.0 -2.0 -1.0 -4.0 -2.0 -3.0 -3.0 -2.0 -1.0 -4.0 0.0 -4.0 0.0 -3.0 -4.0 -2.0 -4.0 0.0 -3.0 -4.0 -4.0 0.0 -4.0 -3.0 -2.0 -1.0 -4.0 -4.0 -4.0 -2.0 -2.0 0.0 -3.0 -4.0 0.0 0.0 0.0 -2.0 -2.0 0.0 237.0 -2.0 -4.0 -4.0 -2.0 -1.0 -4.0 0.0 -3.0 -3.0 -2.0 -1.0 -3.0 -3.0 0.0 -2.0 0.0 -3.0 -2.0 0.0 -3.0 -1.0 -1.0 -1.0 -3.0 -2.0 -1.0 -3.0 -3.0 -1.0 -4.0 -4.0 -1.0 0.0 -3.0 0.0 -3.0 -4.0 -3.0 -3.0 -2.0 -1.0 -1.0 -1.0 -2.0 -4.0 -4.0 -4.0 0.0 -1.0 -4.0 -2.0 0.0 
-3.0 -2.0 -3.0 -4.0 -2.0 -3.0 0.0 0.0 0.0 -4.0 -3.0 -3.0 -2.0 -1.0 -1.0 -2.0 -1.0 -2.0 -3.0 -4.0 0.0 -4.0 -4.0 -3.0 -2.0 0.0 -4.0 -2.0 -3.0 0.0 -1.0 0.0 -4.0 0.0 -4.0 -2.0 -4.0 -2.0 -4.0 -1.0 -3.0 0.0 0.0 -1.0 -3.0 -3.0 -3.0 -4.0 -3.0 -4.0 -1.0 -1.0 -2.0 -2.0 0.0 -2.0 -4.0 0.0 -1.0 -2.0 -3.0 -3.0 -1.0 239.0 -3.0 -4.0 -2.0 -2.0 -3.0 -1.0 -4.0 -4.0 -3.0 -4.0 -1.0 -4.0 -1.0 -4.0 -1.0 -4.0 -2.0 -3.0 0.0 -4.0 0.0 -1.0 0.0 -4.0 -1.0 0.0 -4.0 -2.0 0.0 0.0 -2.0 -4.0 -3.0 -4.0 -2.0 -2.0 -3.0 -1.0 -2.0 -4.0 -3.0 0.0 0.0 -1.0 0.0 -1.0 -2.0 -2.0 0.0 -3.0 -1.0 
-1.0 -1.0 -1.0 -4.0 -4.0 -4.0 -3.0 -1.0 -3.0 -1.0 0.0 -3.0 -3.0 0.0 -4.0 -2.0 -2.0 -3.0 -2.0 -2.0 0.0 0.0 0.0 -3.0 0.0 -3.0 -2.0 -1.0 -3.0 -2.0 -2.0 -4.0 -4.0 -4.0 -3.0 -4.0 -1.0 -2.0 -1.0 -2.0 -3.0 -4.0 -2.0 -1.0 -2.0 -3.0 -2.0 -1.0 -4.0 -4.0 -4.0 0.0 0.0 0.0 0.0 -3.0 -1.0 -1.0 -3.0 -2.0 -4.0 -4.0 -2.0 0.0 237.0 -2.0 -1.0 -1.0 -2.0 0.0 -3.0 -3.0 0.0 -2.0 -3.0 -3.0 -1.0 -4.0 0.0 -2.0 -3.0 -4.0 -4.0 -1.0 -1.0 -4.0 -2.0 -4.0 -1.0 0.0 -1.0 -4.0 -4.0 -4.0 -1.0 0.0 -1.0 -2.0 -2.0 -2.0 -2.0 -2.0 -2.0 -2.0 -4.0 0.0 -3.0 -4.0 0.0 -1.0 -3.0 -1.0 -2.0 -4.0 0.0 
-1.0 -4.0 -3.0 -1.0 -2.0 -1.0 -2.0 -4.0 0.0 0.0 -3.0 0.0 -2.0 -3.0 -4.0 -2.0 -2.0 -2.0 -2.0 0.0 -3.0 0.0 0.0 0.0 -1.0 -2.0 -3.0 -2.0 -3.0 -2.0 -2.0 -3.0 -4.0 0.0 -2.0 -2.0 -4.0 -1.0 0.0 -4.0 -1.0 0.0 -2.0 -1.0 -4.0 -4.0 -1.0 0.0 -2.0 0.0 0.0 -3.0 -2.0 0.0 -4.0 -2.0 -4.0 -4.0 -1.0 -3.0 -2.0 -4.0 -1.0 -3.0 -4.0 237.0 -1.0 -3.0 -1.0 0.0 -4.0 -3.0 -4.0 -4.0 -3.0 -4.0 -2.0 -4.0 -1.0 -4.0 0.0 -2.0 -1.0 0.0 -1.0 -1.0 -2.0 -4.0 -3.0 -4.0 -1.0 -3.0 -3.0 0.0 -3.0 -3.0 -1.0 -4.0 -2.0 -1.0 -4.0 -2.0 -1.0 -2.0 -1.0 -4.0 -4.0 -3.0 -1.0 -2.0 0.0 -3.0 -2.0 -1.0 -2.0 
-1.0 -4.0 0.0 -2.0 -2.0 -4.0 -2.0 -2.0 -2.0 -1.0 -4.0 -3.0 -2.0 -4.0 0.0 -2.0 -1.0 -3.0 0.0 0.0 0.0 -4.0 -2.0 -2.0 0.0 0.0 -1.0 -3.0 -4.0 -1.0 -2.0 -4.0 0.0 0.0 -2.0 -3.0 -2.0 -2.0 -2.0 -3.0 -3.0 0.0 -2.0 -1.0 -3.0 -4.0 -4.0 0.0 -4.0 -4.0 0.0 -3.0 -3.0 -1.0 -3.0 -4.0 -3.0 -4.0 0.0 -3.0 -2.0 -3.0 -1.0 -2.0 -4.0 -1.0 241.0 -3.0 -3.0 -4.0 -4.0 0.0 -4.0 -4.0 -3.0 -3.0 -1.0 0.0 -4.0 0.0 -2.0 -4.0 -3.0 -4.0 0.0 -4.0 -3.0 -4.0 -4.0 -2.0 0.0 -4.0 -1.0 -4.0 -1.0 0.0 -2.0 -2.0 0.0 -2.0 -2.0 0.0 -3.0 0.0 -2.0 0.0 -1.0 -2.0 -1.0 -3.0 -2.0 -3.0 -1.0 0.0 -4.0 
0.0 -4.0 -4.0 -1.0 0.0 -3.0 -4.0 -4.0 -4.0 0.0 -3.0 0.0 0.0 -1.0 -1.0 -3.0 -2.0 -3.0 -1.0 -3.0 -4.0 -2.0 -1.0 -2.0 -2.0 -2.0 0.0 -3.0 0.0 -3.0 0.0 0.0 -3.0 -4.0 -3.0 -4.0 -1.0 -2.0 -1.0 -4.0 -4.0 -4.0 0.0 0.0 -2.0 -3.0 0.0 -2.0 -2.0 0.0 -1.0 -3.0 -1.0 -4.0 -4.0 -1.0 -1.0 0.0 -1.0 -2.0 -4.0 -4.0 -3.0 -4.0 -1.0 -3.0 -4.0 262.0 0.0 -1.0 -4.0 -4.0 -4.0 -1.0 -2.0 -4.0 -2.0 -3.0 -3.0 -4.0 -1.0 -4.0 -3.0 -1.0 -4.0 -3.0 -4.0 0.0 -4.0 0.0 -3.0 -1.0 -4.0 -4.0 -4.0 -3.0 -1.0 -2.0 -1.0 -2.0 -3.0 -3.0 -2.0 -2.0 -1.0 -3.0 -4.0 -2.0 -4.0 -4.0 -2.0 -4.0 -1.0 -4.0 -2.0 
0.0 0.0 -1.0 -3.0 0.0 0.0 -2.0 -3.0 -4.0 -2.0 -4.0 -3.0 -1.0 -3.0 -3.0 -1.0 -2.0 -2.0 -4.0 0.0 -1.0 0.0 -1.0 -3.0 -4.0 -1.0 -3.0 -4.0 0.0 -1.0 -2.0 -4.0 -1.0 -1.0 0.0 -3.0 -1.0 -4.0 0.0 -2.0 0.0 -4.0 -3.0 -1.0 -1.0 -1.0 -3.0 0.0 -4.0 -1.0 -3.0 -3.0 -2.0 -4.0 -1.0 -4.0 -2.0 -3.0 -3.0 -4.0 0.0 -3.0 -2.0 -4.0 -1.0 -4.0 -4.0 -2.0 232.0 -1.0 -2.0 -3.0 -1.0 -4.0 -1.0 0.0 -4.0 -4.0 -2.0 0.0 -3.0 -1.0 -4.0 -4.0 -4.0 0.0 0.0 -1.0 -2.0 -2.0 -4.0 -1.0 0.0 -1.0 -2.0 0.0 -3.0 -1.0 -3.0 -3.0 -2.0 -3.0 -1.0 -3.0 0.0 -2.0 0.0 -1.0 -4.0 -3.0 -2.0 -1.0 -4.0 -1.0 -3.0 
-1.0 -2.0 -2.0 -1.0 -4.0 -3.0 -3.0 -3.0 -2.0 -2.0 0.0 -1.0 -3.0 -3.0 -3.0 -2.0 -4.0 0.0 -4.0 -2.0 -3.0 -2.0 -1.0 -4.0 -2.0 -4.0 -4.0 0.0 -2.0 0.0 -4.0 -2.0 -1.0 0.0 -1.0 -2.0 -1.0 -3.0 -2.0 -2.0 -4.0 -4.0 -4.0 -1.0 -2.0 -1.0 -1.0 -4.0 -3.0 -4.0 -2.0 0.0 -3.0 -3.0 -2.0 -2.0 -1.0 -4.0 -4.0 -2.0 -1.0 -2.0 -3.0 -3.0 0.0 -3.0 -3.0 -4.0 -2.0 249.0 -1.0 0.0 -3.0 -3.0 0.0 0.0 0.0 -2.0 -4.0 -3.0 0.0 -4.0 -1.0 -2.0 -3.0 0.0 -4.0 -1.0 -4.0 -1.0 0.0 0.0 -2.0 -2.0 -4.0 -2.0 -4.0 0.0 -4.0 -4.0 -3.0 -4.0 -4.0 -4.0 0.0 -2.0 -2.0 -1.0 -1.0 -4.0 -2.0 -2.0 -3.0 0.0 -2.0 
-1.0 -1.0 -1.0 -3.0 -3.0 -3.0 0.0 -2.0 -4.0 -3.0 0.0 -3.0 -3.0 -4.0 -2.0 0.0 -2.0 -3.0 -4.0 -2.0 -3.0 -2.0 -1.0 0.0 -2.0 -4.0 -1.0 0.0 -2.0 -3.0 -4.0 -1.0 -1.0 0.0 0.0 -3.0 -3.0 -1.0 -2.0 -1.0 0.0 0.0 -1.0 -2.0 -3.0 -2.0 0.0 -4.0 -4.0 -2.0 -1.0 -3.0 -1.0 -3.0 -2.0 -2.0 -3.0 -4.0 0.0 -4.0 -4.0 -3.0 -3.0 -4.0 0.0 0.0 -3.0 -2.0 -3.0 -2.0 225.0 -2.0 -2.0 -1.0 -3.0 -2.0 -3.0 -1.0 -3.0 -3.0 -2.0 -1.0 -3.0 -4.0 -2.0 -3.0 0.0 -3.0 0.0 -4.0 -1.0 -1.0 0.0 -3.0 -2.0 -1.0 -2.0 -3.0 -3.0 0.0 -1.0 0.0 -3.0 -3.0 0.0 -3.0 -2.0 0.0 0.0 -3.0 -3.0 -3.0 -3.0 0.0 0.0 
-1.0 -4.0 -2.0 -4.0 -2.0 -2.0 0.0 -2.0 0.0 -1.0 -4.0 0.0 -4.0 -2.0 -4.0 -2.0 -4.0 -4.0 -2.0 -2.0 0.0 -3.0 -3.0 -4.0 -1.0 -4.0 -4.0 -4.0 0.0 -2.0 -2.0 -1.0 -1.0 -4.0 0.0 -1.0 -4.0 -2.0 0.0 -4.0 0.0 -3.0 -2.0 -1.0 -3.0 -2.0 -2.0 -3.0 -2.0 -4.0 -1.0 -1.0 -2.0 -3.0 0.0 -1.0 -4.0 -2.0 -1.0 -1.0 -2.0 -3.0 -2.0 -3.0 0.0 0.0 0.0 -2.0 -4.0 -1.0 0.0 220.0 -3.0 -4.0 0.0 0.0 -4.0 0.0 0.0 0.0 -2.0 0.0 -2.0 0.0 -4.0 -1.0 -3.0 -1.0 -2.0 -2.0 -4.0 -1.0 -3.0 -1.0 -4.0 -1.0 -1.0 -3.0 -4.0 0.0 -1.0 0.0 -3.0 -1.0 -1.0 0.0 -2.0 -4.0 -2.0 -2.0 0.0 -3.0 -4.0 0.0 -2.0 
-2.0 0.0 -1.0 -3.0 -4.0 0.0 0.0 -3.0 -2.0 0.0 -3.0 0.0 -3.0 -2.0 -2.0 -4.0 -4.0 -1.0 -2.0 -4.0 -3.0 -1.0 -1.0 -4.0 -1.0 -1.0 -1.0 -1.0 -3.0 -2.0 -4.0 -4.0 -2.0 -4.0 -3.0 -3.0 -4.0 0.0 -3.0 -3.0 -3.0 0.0 0.0 -4.0 -1.0 -4.0 0.0 0.0 -4.0 -3.0 0.0 -1.0 -2.0 -3.0 -1.0 -3.0 -4.0 -4.0 0.0 0.0 -2.0 -2.0 -4.0 -3.0 -4.0 -3.0 -1.0 -3.0 -2.0 -1.0 0.0 0.0 222.0 0.0 -2.0 -1.0 0.0 -1.0 -2.0 0.0 -3.0 -1.0 0.0 -3.0 -3.0 -4.0 -4.0 -2.0 -1.0 -2.0 -2.0 -1.0 -3.0 -3.0 -2.0 0.0 -2.0 -3.0 -3.0 -1.0 -3.0 0.0 -4.0 -3.0 0.0 -1.0 -3.0 -1.0 -1.0 -2.0 -2.0 -1.0 0.0 -2.0 0.0 
-4.0 0.0 -1.0 -1.0 -4.0 -1.0 -3.0 -2.0 -2.0 -3.0 -4.0 -3.0 -4.0 0.0 -4.0 -4.0 -1.0 0.0 0.0 -2.0 -1.0 -2.0 -2.0 0.0 -4.0 -4.0 -2.0 -4.0 -1.0 -1.0 0.0 -1.0 -1.0 -4.0 0.0 -2.0 -2.0 -4.0 -1.0 -1.0 0.0 -1.0 -4.0 -4.0 -1.0 -4.0 0.0 -4.0 0.0 0.0 0.0 0.0 -3.0 -4.0 -1.0 0.0 0.0 -2.0 -1.0 0.0 -4.0 -3.0 -1.0 -4.0 -3.0 -3.0 -2.0 -2.0 -4.0 -3.0 -1.0 -1.0 -1.0 218.0 -2.0 0.0 -1.0 -2.0 -1.0 -4.0 -3.0 -2.0 0.0 -4.0 -2.0 -3.0 -1.0 0.0 -1.0 -2.0 -3.0 0.0 -4.0 -4.0 -1.0 -3.0 -1.0 0.0 -3.0 -1.0 0.0 -2.0 -4.0 -2.0 -1.0 -2.0 -1.0 -2.0 -1.0 -3.0 -1.0 -2.0 -1.0 -3.0 -4.0 
-2.0 -4.0 -1.0 -1.0 -4.0 -1.0 -2.0 -2.0 -1.0 -4.0 -1.0 0.0 -3.0 -3.0 -2.0 -1.0 -4.0 -3.0 0.0 -3.0 0.0 0.0 -2.0 -4.0 0.0 -3.0 -1.0 -4.0 -1.0 0.0 0.0 0.0 -1.0 0.0 -2.0 -4.0 0.0 -1.0 -1.0 0.0 0.0 -4.0 -1.0 -4.0 0.0 -2.0 -4.0 -1.0 0.0 -1.0 -4.0 -4.0 -4.0 0.0 -3.0 -3.0 -4.0 -3.0 -3.0 0.0 -2.0 0.0 -3.0 -1.0 -3.0 -1.0 -3.0 -2.0 -4.0 -2.0 -3.0 -1.0 -4.0 -1.0 211.0 -4.0 -2.0 -2.0 -2.0 -2.0 -3.0 0.0 -1.0 -1.0 -2.0 0.0 0.0 -3.0 -1.0 -4.0 -2.0 -2.0 -2.0 0.0 -1.0 -2.0 -1.0 -2.0 -1.0 -3.0 -1.0 -1.0 -4.0 -1.0 -4.0 -2.0 0.0 0.0 -1.0 -3.0 -2.0 0.0 -2.0 -3.0 -3.0 
-2.0 0.0 -4.0 -1.0 -3.0 -4.0 -3.0 -1.0 -2.0 -3.0 0.0 -4.0 0.0 -4.0 -1.0 -4.0 0.0 -3.0 0.0 0.0 -4.0 -3.0 -3.0 -2.0 -2.0 -4.0 0.0 -1.0 -4.0 -4.0 0.0 0.0 -4.0 -3.0 -2.0 -2.0 0.0 -1.0 -2.0 -4.0 -4.0 -4.0 0.0 -1.0 -3.0 0.0 -4.0 -4.0 -4.0 -4.0 -2.0 0.0 -2.0 -3.0 -2.0 0.0 0.0 -3.0 -4.0 -3.0 -4.0 0.0 -4.0 -3.0 -4.0 0.0 -3.0 -2.0 -1.0 0.0 -4.0 0.0 0.0 -4.0 -2.0 235.0 -3.0 -1.0 0.0 -1.0 -1.0 -1.0 -1.0 -1.0 0.0 -3.0 -1.0 -3.0 -1.0 -1.0 0.0 -2.0 -4.0 -4.0 0.0 -2.0 -3.0 -1.0 0.0 -2.0 -3.0 -1.0 -1.0 -4.0 0.0 -4.0 0.0 -4.0 -3.0 -3.0 -4.0 0.0 -4.0 -4.0 -2.0 
-1.0 -1.0 -3.0 -3.0 -2.0 -3.0 -2.0 -3.0 -1.0 -2.0 -3.0 -4.0 0.0 0.0 -1.0 -2.0 0.0 0.0 -1.0 -2.0 -2.0 0.0 -4.0 -4.0 -3.0 -1.0 -2.0 0.0 -1.0 0.0 0.0 -1.0 -4.0 0.0 -2.0 -4.0 -3.0 -2.0 -2.0 -2.0 -3.0 0.0 -1.0 -1.0 0.0 -4.0 -4.0 0.0 -4.0 -2.0 -2.0 0.0 -1.0 -4.0 -3.0 -2.0 -1.0 0.0 -4.0 -1.0 -1.0 -1.0 -3.0 -4.0 -3.0 -2.0 -4.0 0.0 0.0 0.0 -4.0 -2.0 0.0 -4.0 -2.0 -4.0 221.0 -4.0 -4.0 -4.0 -3.0 0.0 -2.0 -1.0 -2.0 -3.0 -1.0 -4.0 0.0 -3.0 -1.0 -3.0 -1.0 -1.0 -4.0 0.0 -2.0 -2.0 -2.0 -4.0 -1.0 -2.0 -1.0 -4.0 0.0 -4.0 -1.0 -2.0 -4.0 -1.0 0.0 -2.0 -2.0 -4.0 0.0 
-4.0 -2.0 -1.0 -2.0 0.0 -3.0 0.0 -3.0 -2.0 -3.0 0.0 -2.0 -1.0 -3.0 0.0 -1.0 -3.0 -3.0 0.0 -3.0 -3.0 0.0 -3.0 -1.0 -4.0 -4.0 0.0 -3.0 -2.0 -1.0 -3.0 -2.0 -2.0 -3.0 -4.0 -1.0 -1.0 -2.0 -3.0 -1.0 -2.0 -1.0 -1.0 0.0 -3.0 -1.0 -4.0 -4.0 -1.0 -2.0 0.0 -4.0 -2.0 -1.0 0.0 -3.0 -1.0 -2.0 0.0 -3.0 0.0 -4.0 -4.0 0.0 0.0 -4.0 -2.0 -1.0 -4.0 -4.0 -2.0 -2.0 -3.0 0.0 -3.0 -4.0 0.0 225.0 0.0 -4.0 -4.0 -2.0 -1.0 0.0 -4.0 -1.0 -4.0 -4.0 0.0 -2.0 -2.0 -1.0 -4.0 -4.0 -3.0 -1.0 -2.0 -1.0 -4.0 -4.0 -1.0 0.0 -4.0 -2.0 -3.0 0.0 -2.0 -3.0 0.0 0.0 -2.0 -1.0 0.0 -1.0 -3.0 
-4.0 0.0 -1.0 -4.0 -4.0 -1.0 0.0 -1.0 -4.0 0.0 -2.0 -3.0 -1.0 -3.0 0.0 -2.0 0.0 -4.0 -2.0 -4.0 0.0 -1.0 -4.0 -4.0 -3.0 -4.0 0.0 -2.0 -3.0 0.0 -4.0 0.0 -3.0 -3.0 -3.0 -1.0 -3.0 -4.0 0.0 0.0 -2.0 -4.0 -3.0 0.0 -1.0 -4.0 -1.0 0.0 -2.0 -2.0 0.0 -1.0 0.0 -1.0 -4.0 -4.0 -4.0 -1.0 -1.0 0.0 -3.0 -2.0 -3.0 0.0 -1.0 -4.0 0.0 -2.0 0.0 0.0 -2.0 0.0 0.0 -2.0 -4.0 0.0 -1.0 -4.0 220.0 -4.0 -4.0 -3.0 -2.0 0.0 -4.0 -4.0 0.0 -3.0 0.0 -1.0 -2.0 -4.0 0.0 -3.0 -2.0 0.0 -4.0 0.0 -3.0 -1.0 -1.0 -4.0 -1.0 0.0 -2.0 -4.0 -3.0 -1.0 -4.0 -1.0 -3.0 -2.0 -3.0 -1.0 -1.0 
0.0 -4.0 -2.0 -1.0 -3.0 -1.0 0.0 -3.0 0.0 -2.0 -2.0 0.0 -1.0 0.0 -4.0 -3.0 -1.0 -2.0 -3.0 -3.0 -2.0 -3.0 -1.0 -1.0 -2.0 -1.0 -3.0 0.0 0.0 -2.0 0.0 -3.0 -3.0 0.0 0.0 -2.0 0.0 -3.0 -4.0 0.0 -1.0 0.0 -4.0 -1.0 0.0 -3.0 0.0 -4.0 -4.0 0.0 -4.0 -4.0 -4.0 -2.0 -3.0 -1.0 -3.0 -3.0 -1.0 -4.0 0.0 0.0 -3.0 0.0 0.0 -2.0 -2.0 0.0 -2.0 -4.0 -3.0 -3.0 -4.0 -4.0 -4.0 -4.0 -1.0 -3.0 -2.0 230.0 0.0 -4.0 -1.0 -4.0 0.0 -4.0 -3.0 -4.0 -4.0 -2.0 -3.0 0.0 -1.0 -1.0 0.0 -4.0 0.0 -4.0 -3.0 -3.0 0.0 -3.0 -2.0 -4.0 -4.0 -4.0 -2.0 -3.0 -2.0 -1.0 -2.0 0.0 -3.0 -3.0 0.0 
-4.0 -4.0 0.0 -3.0 -3.0 0.0 -3.0 0.0 0.0 -1.0 -1.0 -2.0 -4.0 -1.0 0.0 -2.0 -1.0 -1.0 -3.0 0.0 -1.0 0.0 0.0 -3.0 -3.0 -4.0 -4.0 -3.0 -2.0 -2.0 0.0 -3.0 -1.0 -1.0 -3.0 -2.0 -4.0 -2.0 -1.0 0.0 -1.0 0.0 -3.0 -4.0 -2.0 -2.0 -4.0 -2.0 -1.0 0.0 0.0 -1.0 -1.0 -3.0 0.0 -3.0 -2.0 -2.0 0.0 -1.0 -4.0 -4.0 -1.0 0.0 -2.0 -4.0 -4.0 -2.0 0.0 0.0 -4.0 -1.0 -4.0 -4.0 -1.0 -1.0 -1.0 0.0 0.0 -2.0 216.0 -2.0 -4.0 0.0 -3.0 -1.0 -4.0 -4.0 -2.0 -2.0 -2.0 -1.0 -4.0 -3.0 -3.0 -4.0 -1.0 -1.0 -2.0 0.0 0.0 -1.0 -3.0 -3.0 -4.0 -3.0 -4.0 0.0 -1.0 0.0 -4.0 0.0 0.0 -3.0 -4.0 
0.0 -2.0 -1.0 -3.0 -1.0 -3.0 -1.0 -2.0 -4.0 -2.0 -2.0 -4.0 -2.0 -3.0 0.0 0.0 -3.0 -1.0 -3.0 -3.0 -4.0 -2.0 -4.0 -4.0 -2.0 0.0 -4.0 -3.0 -2.0 -1.0 -4.0 0.0 -3.0 0.0 -3.0 -2.0 -3.0 -1.0 -3.0 -3.0 -2.0 0.0 -1.0 -4.0 0.0 0.0 -4.0 0.0 -4.0 -4.0 -3.0 0.0 -4.0 -2.0 -2.0 0.0 0.0 -2.0 -1.0 -2.0 0.0 -2.0 0.0 0.0 -2.0 -1.0 0.0 -2.0 -4.0 -4.0 -3.0 0.0 -3.0 -3.0 0.0 -4.0 -3.0 -1.0 -2.0 -4.0 -1.0 227.0 -3.0 -3.0 0.0 -2.0 -2.0 -3.0 -1.0 -2.0 -4.0 -4.0 -3.0 -4.0 0.0 -1.0 -4.0 0.0 -2.0 -4.0 -1.0 -2.0 -3.0 0.0 -4.0 -3.0 0.0 -2.0 -1.0 -3.0 -1.0 0.0 -1.0 -2.0 0.0 
-1.0 0.0 -3.0 -1.0 0.0 -3.0 -2.0 -1.0 -3.0 -4.0 -1.0 -2.0 -3.0 -2.0 -2.0 -3.0 -1.0 0.0 -4.0 -1.0 -4.0 -1.0 -1.0 -4.0 -1.0 -2.0 -2.0 -3.0 0.0 -2.0 -3.0 -3.0 -3.0 -1.0 -3.0 -3.0 -2.0 -4.0 0.0 -2.0 -1.0 -1.0 -3.0 0.0 -4.0 -4.0 -2.0 -4.0 -1.0 -1.0 -4.0 -3.0 -4.0 -4.0 -4.0 -4.0 0.0 -4.0 -4.0 0.0 0.0 -2.0 -4.0 -2.0 0.0 -3.0 -3.0 -1.0 -3.0 -3.0 -3.0 -2.0 -2.0 -3.0 -3.0 -1.0 -2.0 -2.0 -1.0 -2.0 0.0 -3.0 229.0 -3.0 0.0 -1.0 -2.0 -2.0 -2.0 -3.0 -2.0 0.0 -3.0 -1.0 -2.0 -4.0 -4.0 0.0 -1.0 -3.0 0.0 0.0 0.0 -1.0 0.0 0.0 -1.0 -4.0 -2.0 0.0 -3.0 -2.0 -3.0 0.0 -2.0 
-2.0 -1.0 -3.0 -2.0 0.0 -3.0 0.0 0.0 -1.0 -3.0 0.0 0.0 -2.0 0.0 -4.0 -4.0 -2.0 -3.0 0.0 -1.0 0.0 -1.0 -4.0 -1.0 -2.0 -3.0 -2.0 -1.0 0.0 -4.0 0.0 -3.0 0.0 -1.0 -3.0 -2.0 -3.0 -2.0 0.0 -3.0 -1.0 0.0 -2.0 -1.0 -2.0 -2.0 -4.0 0.0 0.0 -3.0 -1.0 -2.0 -3.0 -1.0 -1.0 -4.0 0.0 -4.0 -3.0 0.0 -3.0 0.0 -1.0 -1.0 -3.0 -3.0 -2.0 -3.0 -1.0 -1.0 -2.0 -3.0 -4.0 -3.0 -4.0 0.0 -2.0 -2.0 -3.0 -4.0 -4.0 -3.0 -1.0 218.0 -3.0 -3.0 0.0 0.0 -2.0 -2.0 -3.0 0.0 -4.0 -1.0 -1.0 0.0 -4.0 -4.0 -2.0 -4.0 0.0 -4.0 -1.0 0.0 -4.0 0.0 -3.0 -4.0 -3.0 -4.0 -1.0 -1.0 -3.0 -3.0 -1.0 
-2.0 -2.0 0.0 0.0 -2.0 -3.0 -2.0 -3.0 -3.0 0.0 -3.0 -3.0 -1.0 0.0 -2.0 -4.0 -2.0 -4.0 -1.0 -1.0 0.0 -1.0 0.0 -2.0 0.0 -1.0 0.0 -1.0 -4.0 -3.0 -3.0 0.0 -3.0 -1.0 -3.0 -3.0 -4.0 -3.0 -1.0 -2.0 -2.0 -2.0 -1.0 -1.0 -1.0 -1.0 -3.0 -4.0 -2.0 -3.0 -2.0 -1.0 0.0 -1.0 -1.0 0.0 -2.0 -1.0 -4.0 -4.0 -4.0 0.0 -4.0 -3.0 -3.0 -3.0 -3.0 -3.0 -3.0 -1.0 -4.0 -4.0 0.0 -2.0 -2.0 -4.0 0.0 -4.0 0.0 -3.0 -2.0 -4.0 -3.0 -4.0 226.0 -4.0 -2.0 0.0 -4.0 0.0 0.0 -2.0 -1.0 -3.0 -3.0 -2.0 -1.0 -4.0 -2.0 0.0 -2.0 -2.0 -3.0 -2.0 -4.0 0.0 -1.0 -2.0 -4.0 -1.0 -1.0 0.0 -4.0 0.0 0.0 
-3.0 -4.0 0.0 0.0 0.0 -2.0 -2.0 -2.0 -1.0 0.0 -3.0 -1.0 -4.0 -2.0 -4.0 -2.0 -3.0 -4.0 -4.0 -1.0 -4.0 0.0 -4.0 -3.0 -3.0 -4.0 -2.0 0.0 -2.0 -1.0 -2.0 -4.0 -3.0 -2.0 0.0 -4.0 0.0 -3.0 0.0 -1.0 0.0 -1.0 -3.0 -1.0 -1.0 -1.0 -4.0 -2.0 0.0 0.0 -4.0 -3.0 -1.0 -4.0 -1.0 -1.0 0.0 -2.0 0.0 -1.0 -1.0 -1.0 -1.0 -2.0 0.0 -1.0 -2.0 0.0 -4.0 -3.0 -3.0 0.0 0.0 -4.0 -3.0 -2.0 -4.0 0.0 -3.0 0.0 -2.0 -3.0 -3.0 -3.0 -2.0 213.0 -1.0 -1.0 0.0 -3.0 -1.0 -4.0 0.0 -2.0 0.0 -3.0 -2.0 -1.0 -4.0 -3.0 -4.0 -1.0 -1.0 0.0 -2.0 0.0 0.0 -3.0 -1.0 -2.0 -4.0 0.0 -3.0 -4.0 -2.0 
-4.0 -4.0 -1.0 -1.0 -4.0 -1.0 -1.0 0.0 -3.0 -1.0 -2.0 -4.0 0.0 -3.0 -4.0 -4.0 0.0 -2.0 -3.0 0.0 -2.0 -1.0 -2.0 -4.0 -3.0 -4.0 -1.0 -4.0 -3.0 -1.0 -2.0 -3.0 -2.0 0.0 -3.0 0.0 -4.0 0.0 -4.0 -3.0 -4.0 -3.0 -1.0 0.0 0.0 -2.0 0.0 -2.0 0.0 -1.0 -2.0 0.0 0.0 -1.0 -1.0 -2.0 -1.0 -1.0 -4.0 -4.0 -4.0 -4.0 0.0 -3.0 -2.0 0.0 -4.0 0.0 -1.0 -3.0 -2.0 -1.0 -1.0 -3.0 -4.0 0.0 -2.0 0.0 -3.0 -4.0 -2.0 -1.0 -1.0 -3.0 -3.0 -3.0 223.0 -2.0 -4.0 -3.0 0.0 0.0 -4.0 -2.0 -1.0 -2.0 0.0 0.0 -1.0 -1.0 -1.0 -3.0 -4.0 -3.0 -3.0 -1.0 -3.0 -2.0 -3.0 -2.0 -2.0 -2.0 0.0 -2.0 -1.0 
-4.0 -2.0 -1.0 -3.0 0.0 -4.0 -1.0 -2.0 -1.0 -1.0 0.0 0.0 0.0 -1.0 0.0 -2.0 -1.0 -4.0 0.0 -4.0 0.0 0.0 0.0 -2.0 -3.0 -3.0 -1.0 -1.0 -1.0 0.0 0.0 0.0 0.0 0.0 -3.0 -3.0 0.0 -3.0 0.0 -3.0 -2.0 -2.0 0.0 -2.0 0.0 -4.0 -2.0 -2.0 -4.0 0.0 0.0 -2.0 0.0 0.0 0.0 -4.0 -1.0 -4.0 0.0 -4.0 -4.0 0.0 0.0 -2.0 -1.0 -4.0 -4.0 -2.0 -3.0 0.0 -4.0 -4.0 0.0 -2.0 0.0 -3.0 -4.0 -3.0 -4.0 -2.0 -3.0 0.0 0.0 0.0 -3.0 -3.0 -3.0 210.0 -4.0 -3.0 -4.0 -3.0 -3.0 -4.0 -1.0 -2.0 -3.0 -2.0 -1.0 -2.0 -4.0 0.0 -3.0 -2.0 -2.0 -2.0 -2.0 -2.0 -3.0 -1.0 -2.0 -3.0 -2.0 -2.0 -3.0 
0.0 -3.0 -4.0 -4.0 -1.0 -4.0 -1.0 -3.0 -4.0 -4.0 -4.0 -1.0 0.0 -2.0 -3.0 -2.0 -2.0 0.0 -4.0 0.0 0.0 -3.0 0.0 -1.0 -4.0 0.0 -4.0 -1.0 0.0 -3.0 0.0 0.0 -3.0 -2.0 -3.0 -2.0 -3.0 -4.0 -1.0 -1.0 -3.0 -4.0 -1.0 -3.0 -1.0 0.0 -1.0 -3.0 -1.0 -4.0 -2.0 -4.0 -1.0 -2.0 -1.0 -4.0 -1.0 -4.0 -4.0 -1.0 -4.0 0.0 0.0 -1.0 0.0 -3.0 -2.0 -1.0 -2.0 -3.0 -1.0 0.0 -3.0 -1.0 -3.0 0.0 -2.0 -1.0 -2.0 -3.0 -1.0 -2.0 -2.0 -4.0 -4.0 0.0 -2.0 -4.0 225.0 -1.0 -3.0 -1.0 -4.0 -1.0 0.0 -3.0 -4.0 0.0 -1.0 -1.0 0.0 -3.0 0.0 -2.0 -3.0 -2.0 0.0 -1.0 0.0 -2.0 -4.0 -2.0 -2.0 -4.0 -4.0 
-4.0 -2.0 -1.0 -1.0 -3.0 -2.0 -3.0 -3.0 -4.0 -4.0 -2.0 -4.0 -3.0 0.0 -2.0 -2.0 -4.0 -2.0 -1.0 0.0 0.0 -3.0 -2.0 -3.0 -4.0 -3.0 -4.0 0.0 -2.0 -2.0 -2.0 -3.0 -3.0 0.0 -3.0 0.0 0.0 -3.0 -1.0 -4.0 -3.0 -3.0 -3.0 -1.0 -1.0 -3.0 -3.0 0.0 0.0 -1.0 -3.0 -2.0 -4.0 0.0 0.0 -2.0 -4.0 0.0 -3.0 0.0 -1.0 -3.0 -2.0 -2.0 -4.0 -1.0 -3.0 -2.0 -2.0 -3.0 -1.0 0.0 -4.0 0.0 -4.0 -2.0 -4.0 0.0 0.0 -1.0 0.0 0.0 -3.0 0.0 -1.0 -1.0 -3.0 -4.0 0.0 217.0 0.0 0.0 -4.0 0.0 -4.0 -4.0 -1.0 0.0 -1.0 -3.0 -4.0 -4.0 0.0 -2.0 0.0 -1.0 0.0 -3.0 -2.0 -1.0 0.0 0.0 -2.0 -4.0 -1.0 
-1.0 -3.0 -1.0 -3.0 -2.0 -4.0 0.0 -2.0 0.0 -2.0 0.0 -3.0 0.0 -1.0 -1.0 0.0 0.0 -4.0 -4.0 -2.0 0.0 -1.0 -1.0 -2.0 -2.0 -2.0 -3.0 0.0 0.0 -3.0 0.0 -3.0 0.0 -1.0 0.0 -4.0 -2.0 -1.0 -2.0 -2.0 -1.0 0.0 -3.0 -1.0 0.0 -3.0 0.0 -3.0 0.0 -4.0 0.0 -4.0 -2.0 -4.0 -1.0 -2.0 -1.0 -2.0 -3.0 -4.0 0.0 0.0 -2.0 -1.0 -3.0 -3.0 -4.0 0.0 -1.0 -2.0 -1.0 -4.0 -3.0 -1.0 -1.0 0.0 -2.0 -3.0 -2.0 0.0 -4.0 -2.0 0.0 -2.0 -3.0 -4.0 -4.0 -2.0 -1.0 -2.0 191.0 -1.0 -3.0 -1.0 -3.0 -1.0 -4.0 0.0 0.0 -1.0 -1.0 0.0 0.0 -2.0 -1.0 -3.0 -4.0 0.0 -4.0 0.0 0.0 -2.0 -1.0 -1.0 -1.0 
0.0 -2.0 -4.0 -4.0 -3.0 0.0 -1.0 -3.0 -3.0 -4.0 -3.0 -3.0 -2.0 -2.0 -4.0 0.0 -3.0 -1.0 -1.0 -1.0 0.0 -3.0 -1.0 0.0 -3.0 -2.0 -2.0 -3.0 -3.0 -1.0 -2.0 -1.0 -4.0 -4.0 -4.0 -4.0 -3.0 0.0 -3.0 -1.0 0.0 -4.0 -2.0 0.0 0.0 -4.0 0.0 0.0 -4.0 -3.0 -1.0 -2.0 -2.0 -2.0 -3.0 -1.0 -3.0 0.0 -4.0 -4.0 -2.0 -2.0 -4.0 -3.0 -4.0 -2.0 -4.0 0.0 -1.0 -1.0 -2.0 0.0 -4.0 0.0 -3.0 -3.0 -2.0 0.0 0.0 0.0 -2.0 -4.0 -3.0 -2.0 -3.0 -4.0 -1.0 -3.0 -2.0 0.0 0.0 239.0 -3.0 0.0 0.0 0.0 -2.0 -3.0 -2.0 -4.0 -4.0 -1.0 -3.0 -4.0 0.0 -3.0 -1.0 -1.0 -4.0 -3.0 -1.0 -4.0 -3.0 -1.0 -4.0 
-2.0 -4.0 -3.0 0.0 -3.0 -1.0 0.0 -4.0 -4.0 -4.0 -2.0 -4.0 -3.0 0.0 -4.0 -4.0 -2.0 0.0 0.0 -4.0 -2.0 -3.0 -3.0 -1.0 -2.0 0.0 -2.0 -2.0 -1.0 -3.0 -2.0 -4.0 -2.0 -4.0 0.0 0.0 -3.0 -4.0 -2.0 -2.0 -2.0 -2.0 -4.0 0.0 -1.0 -4.0 -3.0 0.0 0.0 -3.0 -2.0 0.0 -3.0 -1.0 -1.0 -3.0 -2.0 0.0 -4.0 -2.0 -3.0 0.0 0.0 -1.0 -4.0 -2.0 -2.0 -4.0 -1.0 0.0 -4.0 -2.0 -1.0 -1.0 -2.0 -4.0 -4.0 -2.0 -2.0 0.0 -4.0 -4.0 -2.0 -3.0 -2.0 0.0 -4.0 -1.0 0.0 -4.0 -2.0 -3.0 242.0 0.0 -1.0 0.0 -1.0 -4.0 -3.0 -3.0 -2.0 -2.0 -4.0 -4.0 -2.0 -3.0 -2.0 -3.0 -1.0 -4.0 -2.0 -1.0 -3.0 -2.0 0.0 
0.0 -3.0 -3.0 -2.0 -2.0 -1.0 -4.0 -3.0 -2.0 0.0 -4.0 -1.0 -3.0 -4.0 -2.0 -4.0 0.0 -3.0 0.0 -3.0 -4.0 -1.0 -3.0 -2.0 -1.0 -3.0 0.0 0.0 -3.0 -4.0 -1.0 -2.0 -1.0 -4.0 0.0 -3.0 -2.0 -1.0 0.0 -1.0 -4.0 -1.0 -1.0 -3.0 -4.0 -2.0 -3.0 -1.0 -1.0 -3.0 -4.0 0.0 -1.0 -2.0 -3.0 -3.0 -3.0 -4.0 0.0 -2.0 -1.0 -1.0 -1.0 -2.0 0.0 -2.0 -2.0 0.0 -2.0 -2.0 -1.0 0.0 -1.0 0.0 -1.0 -4.0 -2.0 0.0 -3.0 -3.0 -1.0 -4.0 0.0 -1.0 0.0 -2.0 -3.0 0.0 -4.0 -3.0 0.0 -3.0 -1.0 215.0 -3.0 -3.0 -1.0 0.0 -2.0 -4.0 -3.0 -2.0 -3.0 -3.0 -3.0 -3.0 -3.0 -2.0 -1.0 -2.0 0.0 0.0 -1.0 0.0 -1.0 
-1.0 -1.0 -4.0 -1.0 0.0 -2.0 -4.0 0.0 -3.0 -4.0 -2.0 -1.0 -1.0 0.0 0.0 -1.0 -4.0 -3.0 -4.0 -4.0 -1.0 -2.0 -3.0 -4.0 -3.0 -1.0 0.0 -2.0 0.0 0.0 0.0 -1.0 -4.0 0.0 -2.0 0.0 -3.0 -1.0 -4.0 -2.0 -1.0 0.0 -2.0 -4.0 -3.0 -2.0 -3.0 -2.0 -3.0 0.0 -4.0 -4.0 -2.0 -3.0 -3.0 -4.0 -4.0 -1.0 -3.0 -4.0 -3.0 -2.0 -4.0 -2.0 -4.0 -2.0 -1.0 0.0 -3.0 0.0 0.0 -1.0 -4.0 -2.0 -3.0 -3.0 -1.0 0.0 0.0 -2.0 -4.0 0.0 -3.0 -4.0 -4.0 -4.0 -1.0 -4.0 -1.0 -3.0 -4.0 0.0 -2.0 -1.0 240.0 -3.0 -2.0 -2.0 -1.0 -1.0 -4.0 -3.0 -4.0 -2.0 -3.0 -2.0 -1.0 0.0 -3.0 -4.0 -3.0 -3.0 -1.0 -1.0 0.0 
0.0 0.0 0.0 -1.0 -4.0 -3.0 -2.0 -2.0 -4.0 -1.0 -1.0 -3.0 -2.0 -4.0 -1.0 0.0 -3.0 -4.0 -1.0 0.0 -1.0 -3.0 -4.0 -4.0 -2.0 -3.0 0.0 0.0 -3.0 -3.0 -3.0 -2.0 -1.0 -4.0 -3.0 -3.0 -2.0 0.0 -4.0 -1.0 0.0 -4.0 -1.0 -2.0 -2.0 -1.0 -4.0 -4.0 -2.0 0.0 -1.0 0.0 -4.0 -2.0 -2.0 -3.0 -1.0 -3.0 0.0 -4.0 -4.0 -4.0 -3.0 -3.0 -2.0 -3.0 0.0 0.0 -4.0 0.0 0.0 -2.0 -3.0 -2.0 -3.0 0.0 -1.0 -4.0 0.0 -1.0 -1.0 0.0 -3.0 -1.0 -1.0 0.0 -3.0 -3.0 -4.0 -3.0 -2.0 -2.0 -3.0 -4.0 -3.0 235.0 -3.0 -3.0 -1.0 -2.0 -2.0 -3.0 -3.0 -4.0 -1.0 -2.0 -2.0 0.0 -2.0 0.0 -4.0 0.0 -4.0 -4.0 -1.0 
-1.0 -4.0 -1.0 -4.0 -1.0 -1.0 -2.0 -3.0 -4.0 -1.0 -2.0 -3.0 0.0 0.0 0.0 -3.0 0.0 -3.0 -4.0 -3.0 -3.0 -4.0 -4.0 -3.0 -2.0 -3.0 -1.0 0.0 -1.0 0.0 -1.0 -4.0 -2.0 0.0 0.0 -1.0 -2.0 -2.0 -4.0 -4.0 -1.0 -1.0 -3.0 -1.0 -1.0 -2.0 0.0 -4.0 -4.0 0.0 -2.0 -1.0 -2.0 -4.0 -1.0 -3.0 -4.0 -3.0 -1.0 -4.0 0.0 -3.0 -2.0 0.0 -1.0 -4.0 -1.0 -4.0 -4.0 -1.0 -2.0 -1.0 -1.0 -3.0 -1.0 0.0 0.0 0.0 -4.0 -3.0 -4.0 0.0 0.0 -3.0 -2.0 0.0 -3.0 -1.0 -4.0 0.0 -2.0 -3.0 -2.0 -4.0 -3.0 -4.0 230.0 -3.0 -4.0 -1.0 -2.0 -3.0 -2.0 -4.0 -1.0 -1.0 -2.0 -2.0 -3.0 -1.0 -3.0 -1.0 -2.0 -2.0 0.0 
-1.0 -4.0 -2.0 -3.0 -1.0 -2.0 -3.0 -3.0 -1.0 -2.0 -4.0 -1.0 0.0 0.0 -3.0 -2.0 -1.0 -3.0 -1.0 -4.0 0.0 0.0 -1.0 0.0 -3.0 -3.0 -3.0 -3.0 -1.0 0.0 -1.0 0.0 0.0 -4.0 -3.0 -2.0 -2.0 -1.0 -2.0 -2.0 0.0 -4.0 -1.0 -3.0 -2.0 -4.0 -3.0 -3.0 -3.0 -3.0 -1.0 -3.0 -3.0 -1.0 -1.0 -3.0 -1.0 0.0 -2.0 -4.0 -1.0 0.0 -4.0 -2.0 -4.0 -3.0 -2.0 0.0 -2.0 -3.0 -2.0 -4.0 -4.0 -2.0 -4.0 -1.0 0.0 -2.0 -4.0 -1.0 -4.0 0.0 -3.0 -3.0 -3.0 -3.0 0.0 -3.0 0.0 -4.0 -2.0 -2.0 0.0 -1.0 -3.0 0.0 0.0 228.0 -2.0 -2.0 -4.0 0.0 -1.0 -2.0 0.0 -1.0 -3.0 -4.0 -2.0 -2.0 -3.0 -3.0 -3.0 -3.0 0.0 
-1.0 -4.0 -2.0 -3.0 -2.0 -3.0 0.0 -1.0 -3.0 -2.0 -3.0 -2.0 -2.0 -4.0 -4.0 -3.0 -4.0 -1.0 -3.0 0.0 -1.0 0.0 -3.0 -2.0 -4.0 -3.0 -1.0 -1.0 0.0 -1.0 -4.0 -2.0 -4.0 -3.0 -4.0 -2.0 -2.0 -2.0 -2.0 -1.0 0.0 -4.0 -2.0 -4.0 -1.0 -1.0 -1.0 0.0 -4.0 -4.0 0.0 0.0 -3.0 -2.0 0.0 -2.0 -2.0 -4.0 -1.0 -2.0 -4.0 0.0 0.0 -1.0 -1.0 -2.0 -4.0 -4.0 -1.0 -1.0 -3.0 -2.0 -1.0 0.0 -1.0 -1.0 -3.0 -1.0 -2.0 -1.0 -4.0 -2.0 -4.0 -1.0 -3.0 0.0 0.0 -3.0 0.0 -3.0 -4.0 -1.0 -2.0 -4.0 0.0 0.0 -2.0 -4.0 230.0 -1.0 -4.0 -4.0 -1.0 -3.0 0.0 -3.0 -2.0 -4.0 0.0 -1.0 -3.0 -1.0 -2.0 -4.0 -1.0 
-1.0 0.0 -1.0 -2.0 -2.0 -4.0 -4.0 -3.0 -3.0 -3.0 -1.0 -3.0 0.0 0.0 0.0 -1.0 -4.0 -1.0 -2.0 -1.0 -3.0 -3.0 0.0 -2.0 -2.0 -4.0 -4.0 -4.0 -2.0 0.0 -2.0 -2.0 0.0 -1.0 -4.0 -1.0 -4.0 0.0 -3.0 -4.0 -1.0 0.0 0.0 -2.0 -4.0 -3.0 -1.0 -3.0 -4.0 -3.0 -3.0 -3.0 0.0 -3.0 -3.0 -4.0 -2.0 -3.0 -4.0 -2.0 -2.0 -4.0 -2.0 -4.0 -1.0 -1.0 -4.0 -1.0 0.0 -4.0 0.0 -2.0 0.0 -1.0 -4.0 -3.0 -1.0 -3.0 -3.0 0.0 -1.0 0.0 0.0 -4.0 0.0 -4.0 -4.0 -4.0 -3.0 -3.0 0.0 -2.0 -2.0 -1.0 -3.0 -3.0 -2.0 -3.0 -1.0 242.0 0.0 -3.0 -3.0 -2.0 -3.0 -2.0 -3.0 -2.0 -3.0 -3.0 0.0 -1.0 -1.0 -4.0 -3.0 
-3.0 -4.0 -4.0 -1.0 -2.0 -2.0 -1.0 -1.0 -2.0 -2.0 -3.0 -1.0 -3.0 0.0 -3.0 0.0 0.0 -2.0 -1.0 -1.0 0.0 -1.0 -2.0 -1.0 -4.0 -3.0 -2.0 -4.0 -2.0 -3.0 0.0 -1.0 -3.0 -1.0 -4.0 -2.0 -2.0 -2.0 -4.0 0.0 -1.0 -2.0 -2.0 -2.0 0.0 -3.0 -1.0 0.0 -4.0 -3.0 -1.0 -3.0 -3.0 -3.0 -2.0 0.0 -4.0 -1.0 0.0 0.0 -2.0 -3.0 -4.0 0.0 -2.0 -2.0 0.0 -1.0 -1.0 -3.0 0.0 -4.0 -3.0 -1.0 -2.0 -4.0 -3.0 0.0 -2.0 -2.0 0.0 -4.0 -1.0 -2.0 -1.0 -2.0 -2.0 -1.0 0.0 -2.0 0.0 -3.0 0.0 -1.0 -3.0 -2.0 -2.0 -1.0 -4.0 -4.0 215.0 -4.0 -1.0 -1.0 -2.0 -3.0 -4.0 -1.0 -3.0 -1.0 -1.0 -2.0 -3.0 -2.0 -1.0 
-4.0 -4.0 0.0 -2.0 0.0 -4.0 0.0 -2.0 -1.0 -2.0 -4.0 -2.0 -1.0 -2.0 -3.0 -4.0 -1.0 -1.0 -3.0 -1.0 -2.0 -1.0 0.0 -3.0 0.0 -2.0 -3.0 -3.0 -2.0 -4.0 -2.0 -1.0 -1.0 -2.0 -2.0 -1.0 -3.0 -4.0 -1.0 -4.0 -3.0 -2.0 -1.0 -1.0 -2.0 -4.0 -3.0 -3.0 0.0 -4.0 -1.0 -3.0 -3.0 -2.0 0.0 -1.0 0.0 -2.0 -3.0 -3.0 -3.0 -2.0 -1.0 -2.0 -2.0 -2.0 -4.0 -2.0 -3.0 -3.0 -4.0 -3.0 -4.0 -4.0 -1.0 -1.0 0.0 -4.0 -4.0 -3.0 -4.0 -2.0 -3.0 -3.0 -1.0 -4.0 -3.0 -4.0 0.0 0.0 -4.0 0.0 -1.0 -2.0 -3.0 -3.0 -3.0 -1.0 -4.0 -2.0 -4.0 249.0 -3.0 -4.0 -3.0 0.0 -1.0 -2.0 -1.0 0.0 -1.0 0.0 -1.0 -4.0 -3.0 
-1.0 -4.0 -3.0 -2.0 -3.0 -1.0 -1.0 0.0 0.0 0.0 -3.0 -3.0 0.0 -3.0 -1.0 0.0 -2.0 -2.0 -1.0 -4.0 0.0 -4.0 0.0 -1.0 -2.0 0.0 0.0 -3.0 -3.0 -1.0 -2.0 -4.0 -4.0 -1.0 -1.0 -1.0 -1.0 -4.0 -4.0 0.0 -3.0 0.0 -4.0 -2.0 -3.0 -1.0 -3.0 -1.0 -2.0 0.0 -2.0 -2.0 0.0 -2.0 0.0 -4.0 -3.0 0.0 -2.0 -2.0 -2.0 0.0 -3.0 -1.0 -3.0 -1.0 -3.0 0.0 -1.0 0.0 -3.0 -4.0 0.0 0.0 0.0 -1.0 0.0 -2.0 -3.0 0.0 -1.0 -2.0 -1.0 0.0 -4.0 -4.0 -3.0 -4.0 -3.0 -3.0 0.0 -4.0 -3.0 0.0 -4.0 -1.0 -3.0 0.0 0.0 0.0 -2.0 -4.0 199.0 -2.0 -3.0 -1.0 -4.0 -1.0 0.0 -1.0 0.0 -4.0 -1.0 0.0 -3.0 
-1.0 -3.0 -4.0 0.0 0.0 0.0 -4.0 0.0 -3.0 -3.0 -4.0 -2.0 -4.0 -2.0 0.0 -1.0 -4.0 0.0 -1.0 -3.0 -3.0 -1.0 -2.0 0.0 0.0 -1.0 0.0 -1.0 -3.0 -2.0 -1.0 -4.0 -1.0 -2.0 -4.0 -1.0 -3.0 -4.0 -3.0 -2.0 -2.0 -2.0 -4.0 -3.0 -2.0 -3.0 -4.0 0.0 -1.0 0.0 -4.0 -4.0 -2.0 -2.0 -3.0 -3.0 -3.0 0.0 -1.0 -2.0 -2.0 -3.0 0.0 -4.0 -1.0 -3.0 -2.0 -3.0 -4.0 -2.0 -1.0 -2.0 -4.0 0.0 -3.0 -1.0 -1.0 -1.0 -1.0 -1.0 -2.0 -4.0 -2.0 -4.0 0.0 -3.0 0.0 -4.0 -4.0 -1.0 -1.0 -1.0 0.0 -4.0 -2.0 -4.0 -4.0 -2.0 -2.0 0.0 -1.0 -2.0 -1.0 229.0 0.0 -2.0 -1.0 -1.0 -3.0 0.0 -4.0 -4.0 -2.0 -2.0 -1.0 
0.0 -2.0 -3.0 -3.0 -4.0 0.0 -4.0 -1.0 -4.0 0.0 -2.0 -3.0 -4.0 -4.0 0.0 -2.0 -2.0 -1.0 0.0 -3.0 -3.0 -3.0 0.0 -2.0 -2.0 -2.0 -4.0 -1.0 -4.0 -3.0 -2.0 -1.0 -1.0 -2.0 0.0 -1.0 0.0 -1.0 -3.0 -4.0 -3.0 -2.0 -1.0 -3.0 -1.0 -4.0 -2.0 -1.0 -4.0 -4.0 -4.0 -3.0 -1.0 -4.0 -2.0 0.0 -2.0 -1.0 0.0 -1.0 -3.0 -4.0 -2.0 0.0 -3.0 -2.0 -4.0 -1.0 -3.0 -2.0 0.0 -4.0 -1.0 -2.0 0.0 -2.0 -4.0 -1.0 -3.0 -3.0 -2.0 -1.0 0.0 0.0 -3.0 -2.0 -1.0 -4.0 -3.0 -3.0 -2.0 -3.0 -3.0 -3.0 -3.0 -2.0 -4.0 -4.0 0.0 -4.0 -2.0 0.0 -4.0 -2.0 238.0 -2.0 0.0 -3.0 0.0 -4.0 -1.0 -3.0 -1.0 -1.0 0.0 
-3.0 0.0 -3.0 -2.0 -1.0 -4.0 0.0 -4.0 0.0 0.0 -1.0 -4.0 0.0 -4.0 -1.0 -1.0 -4.0 -1.0 -1.0 -2.0 -4.0 -3.0 -1.0 -2.0 0.0 -2.0 -3.0 0.0 -1.0 -1.0 -3.0 -1.0 -2.0 -3.0 0.0 -1.0 -2.0 -3.0 -2.0 -2.0 0.0 -2.0 -1.0 -1.0 0.0 -3.0 -1.0 0.0 -3.0 -2.0 -2.0 -1.0 -2.0 -4.0 -1.0 -1.0 -3.0 -2.0 -2.0 -2.0 -1.0 -1.0 -1.0 -4.0 -1.0 -2.0 -4.0 -3.0 -3.0 -2.0 -2.0 -1.0 -1.0 -3.0 -3.0 -1.0 -1.0 -4.0 -4.0 0.0 -3.0 -2.0 -1.0 -1.0 -2.0 -4.0 -2.0 -2.0 0.0 0.0 -2.0 -1.0 0.0 -4.0 -3.0 0.0 0.0 -1.0 -1.0 -3.0 -4.0 -2.0 -3.0 0.0 -1.0 211.0 -3.0 -2.0 -4.0 -2.0 -2.0 -2.0 -3.0 -2.0 -2.0 
0.0 -4.0 -3.0 -3.0 -3.0 -4.0 0.0 0.0 -2.0 0.0 0.0 -2.0 -1.0 -2.0 -1.0 -2.0 -1.0 -4.0 -4.0 0.0 -3.0 -4.0 -2.0 -1.0 -4.0 0.0 -3.0 -2.0 0.0 -2.0 -1.0 -2.0 -4.0 0.0 -2.0 -3.0 -3.0 -4.0 0.0 -2.0 -1.0 -1.0 -1.0 -2.0 -3.0 -3.0 -2.0 -1.0 -4.0 -4.0 -4.0 -3.0 -3.0 -4.0 -3.0 -2.0 -1.0 -4.0 -3.0 -3.0 -3.0 0.0 -3.0 -2.0 -2.0 0.0 0.0 -3.0 -1.0 -4.0 0.0 -2.0 -2.0 -4.0 -3.0 -4.0 -2.0 0.0 -3.0 -4.0 0.0 0.0 -3.0 -4.0 -1.0 -4.0 -2.0 -1.0 0.0 0.0 -4.0 0.0 -1.0 -3.0 -2.0 -1.0 -3.0 -4.0 -4.0 -1.0 -3.0 -1.0 -1.0 -3.0 -4.0 -1.0 235.0 0.0 -4.0 0.0 -1.0 -4.0 -1.0 0.0 -2.0 
-4.0 -3.0 -3.0 -4.0 -2.0 -2.0 -4.0 -3.0 0.0 -1.0 -3.0 -4.0 -1.0 -2.0 -1.0 -2.0 -1.0 -1.0 -2.0 -4.0 -2.0 0.0 -1.0 0.0 -1.0 0.0 -1.0 -1.0 -3.0 -2.0 0.0 -2.0 -3.0 0.0 -1.0 -2.0 -3.0 0.0 -1.0 -3.0 -4.0 -1.0 0.0 -1.0 0.0 -1.0 -2.0 -4.0 -4.0 0.0 -3.0 -4.0 -2.0 -2.0 -4.0 -2.0 0.0 -1.0 -1.0 0.0 -4.0 -1.0 -3.0 -1.0 -1.0 0.0 -2.0 0.0 -2.0 -1.0 0.0 -1.0 -4.0 0.0 -4.0 -2.0 -3.0 -3.0 0.0 -1.0 -3.0 -4.0 -4.0 0.0 -4.0 -4.0 -3.0 0.0 -3.0 -3.0 -1.0 -2.0 -4.0 -2.0 -3.0 -4.0 -4.0 -1.0 -1.0 -4.0 -1.0 -4.0 -4.0 -2.0 -1.0 -3.0 -2.0 222.0 -4.0 -1.0 0.0 0.0 0.0 -2.0 -2.0 
-4.0 -2.0 -2.0 -3.0 -1.0 0.0 -1.0 -4.0 -2.0 0.0 -3.0 -3.0 0.0 -4.0 -2.0 -4.0 -2.0 -1.0 -2.0 -4.0 -3.0 -4.0 0.0 -3.0 -4.0 -2.0 0.0 -1.0 -3.0 -1.0 -2.0 -1.0 -4.0 -1.0 -3.0 -4.0 -4.0 0.0 -4.0 -1.0 -3.0 -3.0 -3.0 -4.0 -1.0 -2.0 -3.0 0.0 -2.0 -1.0 -1.0 0.0 -4.0 -1.0 0.0 -2.0 -2.0 -4.0 -3.0 -3.0 0.0 -3.0 0.0 -4.0 -1.0 -3.0 0.0 -4.0 -2.0 -3.0 -1.0 0.0 -4.0 -3.0 -2.0 -4.0 -1.0 0.0 -2.0 -4.0 -3.0 -1.0 -4.0 -4.0 -4.0 0.0 -1.0 -2.0 -3.0 -3.0 -2.0 -2.0 -1.0 -1.0 -4.0 -1.0 -3.0 -2.0 -1.0 0.0 0.0 0.0 -4.0 -1.0 0.0 -3.0 -1.0 -4.0 241.0 -4.0 -3.0 -1.0 0.0 -3.0 -3.0 
-1.0 -4.0 -3.0 -2.0 -3.0 -4.0 -4.0 0.0 0.0 -4.0 -3.0 -1.0 0.0 -1.0 0.0 0.0 0.0 -2.0 0.0 -3.0 -3.0 -2.0 -3.0 -2.0 -1.0 0.0 0.0 -2.0 -3.0 -2.0 -2.0 -2.0 -3.0 -1.0 -4.0 0.0 -3.0 -1.0 -4.0 -3.0 -4.0 -4.0 -3.0 0.0 -4.0 -1.0 -3.0 -1.0 -2.0 0.0 -2.0 -4.0 -3.0 -4.0 -1.0 -3.0 -3.0 -1.0 0.0 -2.0 -3.0 -3.0 0.0 -2.0 -1.0 -3.0 -2.0 -2.0 -2.0 -1.0 -1.0 -3.0 -3.0 -3.0 -3.0 -3.0 -2.0 0.0 -3.0 0.0 -4.0 -2.0 -1.0 -1.0 -2.0 0.0 0.0 -2.0 0.0 0.0 -3.0 -4.0 -4.0 -3.0 -2.0 -2.0 0.0 -2.0 -3.0 -3.0 -4.0 -1.0 0.0 -3.0 -3.0 -4.0 -2.0 0.0 -2.0 223.0 -2.0 -3.0 0.0 0.0 0.0 
-3.0 -3.0 -4.0 0.0 -1.0 0.0 -4.0 -3.0 0.0 -4.0 -2.0 -2.0 -3.0 0.0 -4.0 -1.0 -2.0 0.0 0.0 -2.0 0.0 0.0 -3.0 -3.0 -1.0 -4.0 -3.0 -2.0 -3.0 -3.0 -3.0 -4.0 -1.0 -3.0 0.0 0.0 -3.0 -2.0 -2.0 0.0 -3.0 0.0 -3.0 -2.0 -2.0 -4.0 -4.0 -1.0 0.0 -4.0 0.0 -2.0 0.0 -3.0 -3.0 -3.0 -4.0 -1.0 -2.0 -3.0 0.0 0.0 -4.0 -4.0 -2.0 -1.0 0.0 -2.0 -3.0 -4.0 -3.0 -2.0 0.0 -3.0 0.0 -2.0 -2.0 -2.0 -1.0 -3.0 -4.0 0.0 0.0 -3.0 -1.0 -3.0 0.0 -4.0 -3.0 -4.0 -1.0 -1.0 -2.0 0.0 -3.0 -4.0 -1.0 -3.0 -1.0 -3.0 -2.0 -2.0 0.0 -1.0 0.0 0.0 0.0 -3.0 -3.0 -2.0 222.0 -3.0 -4.0 -1.0 0.0 
0.0 -1.0 -1.0 -1.0 -2.0 -4.0 -4.0 -2.0 -2.0 -2.0 0.0 -3.0 -4.0 -4.0 0.0 -4.0 -4.0 -1.0 0.0 -2.0 -4.0 -2.0 -3.0 -1.0 -2.0 0.0 -1.0 -2.0 -1.0 -2.0 -4.0 -3.0 -3.0 -2.0 -4.0 -2.0 -1.0 0.0 -3.0 -2.0 -3.0 -2.0 0.0 -4.0 -1.0 -2.0 0.0 -3.0 0.0 0.0 -1.0 0.0 -2.0 -1.0 -1.0 -1.0 -3.0 0.0 -1.0 0.0 -1.0 -2.0 -1.0 0.0 -3.0 -2.0 -3.0 -1.0 -2.0 -3.0 -2.0 -4.0 -4.0 -1.0 -4.0 -1.0 0.0 -1.0 -2.0 -4.0 0.0 -3.0 -3.0 -1.0 -3.0 -1.0 0.0 -3.0 -2.0 -4.0 -1.0 0.0 -2.0 -1.0 -3.0 0.0 -1.0 -2.0 -3.0 -2.0 -4.0 -3.0 -2.0 -1.0 0.0 -3.0 -2.0 -2.0 -4.0 -1.0 -2.0 215.0 -3.0 -3.0 -1.0 
-2.0 0.0 -4.0 -3.0 -1.0 -1.0 -2.0 -2.0 -3.0 -3.0 0.0 -3.0 0.0 -2.0 -3.0 0.0 -3.0 -2.0 -4.0 -4.0 -4.0 -2.0 -1.0 -2.0 0.0 -1.0 -4.0 -2.0 -2.0 -1.0 -4.0 -3.0 -4.0 -2.0 -2.0 -1.0 -2.0 -1.0 -1.0 0.0 -2.0 -3.0 -4.0 -2.0 -1.0 -1.0 -3.0 -1.0 -4.0 -2.0 0.0 -3.0 -3.0 -4.0 0.0 0.0 0.0 -4.0 -1.0 -1.0 0.0 -4.0 -3.0 -1.0 -4.0 -4.0 -1.0 0.0 0.0 -3.0 -4.0 -3.0 0.0 -4.0 0.0 0.0 0.0 -1.0 0.0 -3.0 0.0 -4.0 -2.0 -2.0 -4.0 -3.0 -3.0 -3.0 -4.0 -3.0 -1.0 0.0 0.0 -2.0 -4.0 -2.0 -1.0 -1.0 -2.0 -2.0 -1.0 -1.0 -4.0 -3.0 -3.0 -1.0 -3.0 0.0 -3.0 -1.0 -3.0 -3.0 229.0 -2.0 -3.0 
-2.0 -2.0 -4.0 -2.0 -4.0 -3.0 -2.0 0.0 -4.0 -1.0 0.0 0.0 0.0 -1.0 -2.0 -3.0 -4.0 -4.0 -1.0 -1.0 -4.0 -4.0 0.0 -1.0 -2.0 -4.0 -2.0 -4.0 -1.0 -4.0 -3.0 -4.0 -1.0 0.0 -2.0 0.0 -4.0 -4.0 -1.0 0.0 -3.0 -1.0 0.0 -3.0 -3.0 0.0 -3.0 -2.0 -3.0 -2.0 -2.0 0.0 0.0 -3.0 -3.0 0.0 -4.0 -1.0 0.0 -2.0 -3.0 0.0 -3.0 0.0 -4.0 -3.0 -2.0 -2.0 -4.0 -1.0 -3.0 0.0 -2.0 0.0 -3.0 0.0 0.0 -3.0 -3.0 -3.0 -3.0 -3.0 -4.0 -1.0 -1.0 -2.0 -3.0 -1.0 -1.0 -1.0 -1.0 -4.0 -4.0 -1.0 -4.0 0.0 -4.0 -2.0 0.0 -3.0 -3.0 0.0 -4.0 0.0 0.0 -2.0 -3.0 -2.0 -1.0 -4.0 -1.0 -1.0 -2.0 229.0 -4.0 
-2.0 -3.0 -4.0 -2.0 -3.0 -3.0 0.0 -2.0 0.0 -3.0 -1.0 -3.0 -4.0 0.0 -2.0 0.0 -2.0 0.0 -3.0 -3.0 -2.0 -1.0 -3.0 -4.0 0.0 0.0 -4.0 0.0 -1.0 -1.0 -4.0 -2.0 -1.0 -3.0 -3.0 -1.0 -4.0 -2.0 -3.0 -4.0 -3.0 -2.0 -4.0 -2.0 -4.0 -1.0 -3.0 -4.0 -3.0 -4.0 -4.0 -2.0 0.0 -3.0 -1.0 -1.0 -4.0 -3.0 0.0 -4.0 -3.0 -1.0 -2.0 -3.0 0.0 -2.0 -3.0 -4.0 0.0 0.0 -2.0 -4.0 -2.0 -2.0 -4.0 -3.0 0.0 -2.0 0.0 -1.0 -1.0 0.0 0.0 -3.0 -1.0 -2.0 0.0 0.0 -4.0 0.0 -4.0 -2.0 -1.0 -1.0 -1.0 -3.0 -4.0 -2.0 -2.0 -3.0 -2.0 -4.0 -1.0 -3.0 -1.0 -4.0 -1.0 -4.0 -4.0 -3.0 -2.0 0.0 -3.0 -2.0 241.0 

-13147.14 -13877.0 -13596.0 -11797.0 -12546.0 -11538.0 -12115.0 -13294.0 -11345.0 -10936.0 -10137.0 -11077.0 -10885.0 -10785.0 -11162.0 -10317.0 -10023.0 -9117.0 -9563.0 -8761.0 -8009.0 -8079.0 -7204.0 -7880.0 -6878.0 -6191.0 -6999.0 -7202.0 -5656.0 -6960.0 -5891.0 -5568.0 -6132.0 -4745.0 -5914.0 -5021.0 -4385.0 -5590.0 -5008.0 -3718.0 -5059.0 -4468.0 -3147.0 -3116.0 -3352.0 -2148.0 -2510.0 -1989.0 -2564.0 -2600.0 -2541.0 -1294.0 -658.0 -562.0 -832.0 -267.0 314.0 -1005.0 369.0 232.0 749.0 1748.0 1118.0 1917.0 1795.0 1363.0 2183.0 1661.0 2314.0 3115.0 3226.0 3890.0 3922.0 3689.0 3649.0 4472.0 3831.0 4501.0 4756.0 4138.0 4616.0 5828.0 6343.0 4722.0 5868.0 6271.0 6858.0 4907.0 7333.0 8073.0 6266.0 8214.0 8662.0 8367.0 8547.0 8763.0 8981.0 9036.0 9847.0 9995.0 9289.0 10806.0 8972.0 10640.0 11390.0 9890.0 11660.0 10930.0 12695.0 11907.0 12155.0 11709.0 12702.0 13090.0 13921.0 