15
35.86 -1.0 -2.0 -4.0 -2.0 -3.0 -4.0 -4.0 0.0 -2.0 -3.0 -4.0 0.0 -4.0 -3.0 
0.0 20.0 -1.0 -4.0 0.0 0.0 0.0 -2.0 -4.0 -4.0 -2.0 -1.0 -2.0 0.0 0.0 
-3.0 -2.0 26.0 -4.0 -3.0 0.0 -3.0 -2.0 -1.0 0.0 -1.0 -4.0 0.0 -3.0 0.0 
0.0 -2.0 -1.0 24.0 -3.0 -4.0 -2.0 -1.0 -4.0 -3.0 0.0 -2.0 0.0 -2.0 0.0 
-3.0 -2.0 -4.0 0.0 24.0 0.0 -4.0 -1.0 -4.0 -1.0 0.0 0.0 -2.0 0.0 -3.0 
-3.0 -1.0 -3.0 -1.0 -3.0 28.0 -2.0 -2.0 -1.0 -2.0 0.0 -3.0 -3.0 0.0 -4.0 
-3.0 -2.0 -2.0 -4.0 0.0 -3.0 33.0 -4.0 -4.0 -1.0 -1.0 0.0 -3.0 -2.0 -4.0 
-2.0 -4.0 -3.0 -1.0 -1.0 -4.0 0.0 27.0 -3.0 -2.0 0.0 -2.0 -1.0 -2.0 -2.0 
0.0 -3.0 -4.0 -2.0 -3.0 0.0 -4.0 -3.0 35.0 -2.0 -3.0 -4.0 -2.0 -4.0 -1.0 
0.0 -1.0 -1.0 -2.0 -3.0 -4.0 -2.0 -2.0 -4.0 28.0 -2.0 0.0 -3.0 -1.0 -3.0 
-4.0 -3.0 -3.0 -3.0 -3.0 -4.0 -4.0 0.0 -1.0 -1.0 31.0 -3.0 0.0 -1.0 -1.0 
-2.0 -4.0 -1.0 -1.0 -4.0 -1.0 -3.0 -3.0 -3.0 -2.0 -4.0 39.0 -4.0 -3.0 -4.0 
-3.0 -4.0 0.0 -2.0 0.0 -4.0 -1.0 0.0 -3.0 -3.0 -3.0 -2.0 31.0 -2.0 -4.0 
-2.0 -2.0 -2.0 -3.0 -2.0 -2.0 -1.0 0.0 -1.0 -3.0 -4.0 -1.0 -1.0 26.0 -2.0 
-1.0 -2.0 -4.0 -3.0 -1.0 -3.0 -1.0 -1.0 0.0 -3.0 -1.0 -4.0 -4.0 -1.0 29.0 

-278.14 -131.0 -107.0 -90.0 -52.0 -59.0 -32.0 22.0 24.0 42.0 159.0 135.0 151.0 173.0 213.0 