65
139.36 -4.0 0.0 0.0 0.0 -4.0 -4.0 -4.0 0.0 0.0 -3.0 -1.0 -3.0 -4.0 -4.0 -2.0 -2.0 0.0 -4.0 -2.0 -2.0 -2.0 -2.0 -2.0 0.0 0.0 -4.0 -4.0 -2.0 -2.0 -2.0 -2.0 -1.0 -4.0 -4.0 -2.0 0.0 -2.0 -2.0 -1.0 -3.0 -4.0 -4.0 -2.0 -2.0 -3.0 -1.0 -4.0 -3.0 -1.0 -2.0 -4.0 -2.0 -3.0 0.0 -3.0 -3.0 -3.0 -1.0 -2.0 0.0 -3.0 -2.0 0.0 -4.0 
-3.0 135.0 -1.0 -3.0 0.0 -3.0 -2.0 -3.0 0.0 0.0 -2.0 0.0 -2.0 -3.0 -4.0 -4.0 -2.0 -3.0 -4.0 0.0 0.0 -2.0 -1.0 -4.0 0.0 -4.0 -1.0 -4.0 -1.0 0.0 -3.0 -3.0 -4.0 -4.0 -1.0 -3.0 -2.0 -2.0 -3.0 -1.0 -2.0 -3.0 -2.0 -2.0 -2.0 -2.0 0.0 -3.0 -1.0 0.0 -1.0 -4.0 -2.0 -3.0 -2.0 -3.0 -4.0 -2.0 -2.0 -1.0 -1.0 -3.0 -4.0 -4.0 0.0 
-3.0 0.0 126.0 0.0 -3.0 0.0 -3.0 -2.0 -1.0 0.0 -4.0 -1.0 -2.0 -3.0 -2.0 -3.0 -1.0 -4.0 -2.0 -3.0 0.0 -1.0 -4.0 0.0 -1.0 0.0 -1.0 -2.0 -3.0 -1.0 -3.0 -3.0 -3.0 -3.0 -1.0 -3.0 -2.0 -2.0 -4.0 -3.0 0.0 -4.0 -3.0 -3.0 -3.0 0.0 -4.0 -1.0 0.0 -4.0 -2.0 -2.0 -1.0 -4.0 -3.0 -4.0 0.0 -3.0 0.0 -1.0 0.0 -3.0 -2.0 -2.0 0.0 
0.0 0.0 -3.0 126.0 -2.0 0.0 -2.0 -2.0 -1.0 0.0 0.0 -4.0 -2.0 -4.0 -3.0 -1.0 -4.0 -4.0 0.0 -2.0 -2.0 -1.0 -2.0 -3.0 -2.0 -3.0 -4.0 -3.0 -1.0 -4.0 -4.0 -1.0 -3.0 -3.0 -1.0 -4.0 -1.0 -1.0 0.0 -3.0 -2.0 -4.0 0.0 0.0 -4.0 -1.0 -1.0 -3.0 -1.0 -3.0 -4.0 -3.0 -1.0 -2.0 -3.0 -4.0 -1.0 0.0 0.0 -1.0 -1.0 -2.0 -1.0 0.0 -4.0 
-3.0 -2.0 -4.0 -3.0 129.0 -4.0 0.0 0.0 -1.0 -4.0 -1.0 -3.0 -2.0 -1.0 0.0 0.0 0.0 -4.0 -3.0 -1.0 -1.0 -2.0 -3.0 0.0 -3.0 -4.0 -4.0 -2.0 0.0 -2.0 -2.0 -1.0 0.0 -1.0 -3.0 -3.0 -3.0 0.0 -4.0 -4.0 -4.0 -4.0 -3.0 -4.0 -2.0 -3.0 -1.0 -4.0 -2.0 -1.0 -4.0 0.0 -3.0 -1.0 -1.0 -2.0 -2.0 0.0 -2.0 -2.0 0.0 0.0 -2.0 -2.0 -2.0 
-1.0 -3.0 -4.0 0.0 -1.0 125.0 -3.0 -2.0 -2.0 -4.0 -2.0 -3.0 -1.0 -4.0 -1.0 -2.0 -2.0 0.0 0.0 -1.0 -2.0 0.0 -3.0 -3.0 -2.0 -4.0 -3.0 -1.0 -2.0 -4.0 -4.0 -1.0 -1.0 -4.0 -1.0 -4.0 -4.0 -2.0 0.0 -4.0 -1.0 -1.0 0.0 0.0 -1.0 -2.0 -4.0 -2.0 0.0 0.0 -2.0 -4.0 -2.0 -2.0 0.0 -3.0 -4.0 -3.0 -1.0 -1.0 -2.0 0.0 -1.0 -4.0 0.0 
-4.0 0.0 -2.0 -2.0 -3.0 0.0 141.0 -1.0 -4.0 -3.0 -3.0 -4.0 0.0 0.0 -3.0 -3.0 -1.0 -4.0 -4.0 -3.0 0.0 -2.0 0.0 -1.0 -4.0 -4.0 -1.0 -1.0 -3.0 -2.0 -1.0 -1.0 -4.0 -4.0 -1.0 -1.0 -2.0 0.0 -2.0 0.0 -4.0 -3.0 -2.0 -1.0 -3.0 -1.0 -4.0 -3.0 -4.0 -4.0 -1.0 -1.0 -1.0 -4.0 -1.0 -3.0 -3.0 -3.0 -4.0 0.0 -4.0 -1.0 -1.0 -3.0 -4.0 
-2.0 -2.0 0.0 0.0 -3.0 -4.0 0.0 124.0 -2.0 -1.0 -3.0 -3.0 0.0 -4.0 -3.0 0.0 -4.0 -4.0 -4.0 0.0 -1.0 -3.0 -2.0 0.0 -3.0 0.0 -2.0 -1.0 -1.0 -3.0 -2.0 -1.0 -4.0 -1.0 -4.0 -3.0 -1.0 -2.0 -1.0 0.0 -1.0 -2.0 -3.0 -3.0 -2.0 -4.0 -1.0 -1.0 -1.0 -3.0 0.0 -3.0 -4.0 -1.0 0.0 -4.0 -3.0 -1.0 -3.0 -1.0 -2.0 0.0 -4.0 -3.0 0.0 
-4.0 -1.0 -3.0 -4.0 -1.0 -4.0 0.0 0.0 132.0 -4.0 -2.0 -4.0 -1.0 0.0 -3.0 0.0 -2.0 -2.0 -2.0 -4.0 0.0 -2.0 -4.0 -3.0 0.0 -4.0 -1.0 -1.0 0.0 0.0 0.0 0.0 -4.0 -2.0 -3.0 -2.0 -1.0 0.0 -4.0 -4.0 -3.0 -3.0 -1.0 -4.0 -4.0 0.0 -4.0 -3.0 -4.0 -1.0 -1.0 -1.0 -2.0 -4.0 0.0 -1.0 0.0 -1.0 -4.0 -3.0 0.0 -4.0 -3.0 -3.0 -2.0 
-1.0 -3.0 -4.0 0.0 -1.0 -1.0 -1.0 0.0 -1.0 134.0 -1.0 -4.0 -4.0 -3.0 -2.0 -2.0 -1.0 -4.0 -2.0 0.0 -1.0 0.0 -2.0 -4.0 -2.0 -2.0 -4.0 -3.0 -4.0 -1.0 -1.0 -4.0 -4.0 -2.0 -3.0 -4.0 -2.0 -1.0 -1.0 -4.0 -3.0 -2.0 -1.0 -3.0 -4.0 0.0 -1.0 -1.0 -4.0 -3.0 -1.0 0.0 0.0 0.0 -4.0 -4.0 -3.0 -1.0 -4.0 -4.0 0.0 -2.0 -2.0 0.0 -3.0 
-2.0 -2.0 0.0 -2.0 -1.0 -1.0 -4.0 -4.0 0.0 -2.0 124.0 -2.0 0.0 0.0 -2.0 0.0 -4.0 0.0 -2.0 0.0 -2.0 -3.0 -1.0 -2.0 -2.0 0.0 0.0 -4.0 -4.0 -1.0 -3.0 -3.0 -3.0 0.0 0.0 0.0 -4.0 -4.0 -1.0 -1.0 -4.0 0.0 -3.0 -3.0 -2.0 -3.0 -2.0 -1.0 -4.0 -3.0 0.0 -3.0 -1.0 -3.0 -2.0 -4.0 -2.0 -1.0 -4.0 -3.0 -2.0 -2.0 -2.0 -3.0 -1.0 
-1.0 -2.0 -2.0 -4.0 -3.0 -1.0 -4.0 -3.0 -4.0 -3.0 -1.0 146.0 -4.0 -4.0 -4.0 -3.0 0.0 -1.0 -3.0 -2.0 0.0 0.0 -1.0 -3.0 -1.0 0.0 -2.0 -3.0 -4.0 -4.0 -3.0 -3.0 -2.0 0.0 -4.0 -3.0 -1.0 0.0 -4.0 -2.0 -4.0 -3.0 0.0 -2.0 -3.0 -1.0 -2.0 -3.0 -3.0 -3.0 -2.0 -4.0 -4.0 -4.0 0.0 -1.0 -2.0 -4.0 0.0 -1.0 -2.0 -1.0 -3.0 -1.0 -4.0 
-2.0 -4.0 -1.0 -1.0 -2.0 -1.0 -3.0 -4.0 -3.0 -4.0 0.0 -1.0 137.0 -1.0 -1.0 -1.0 -1.0 -4.0 -3.0 -3.0 -4.0 -2.0 0.0 -3.0 -2.0 -3.0 -4.0 -4.0 -3.0 -1.0 -2.0 -4.0 -2.0 -1.0 -2.0 -3.0 -3.0 -3.0 -1.0 -1.0 0.0 -3.0 0.0 -1.0 -4.0 -4.0 -4.0 -4.0 0.0 -4.0 0.0 -4.0 -4.0 -2.0 -2.0 -4.0 -2.0 -2.0 0.0 -1.0 0.0 -3.0 0.0 -1.0 0.0 
-1.0 0.0 -4.0 0.0 0.0 -2.0 -1.0 -1.0 -1.0 -2.0 -4.0 -4.0 -1.0 121.0 0.0 -1.0 -1.0 -4.0 -3.0 -2.0 -4.0 -2.0 -1.0 -3.0 0.0 0.0 -1.0 -4.0 0.0 -1.0 -2.0 -2.0 -3.0 0.0 -3.0 0.0 -4.0 -2.0 -1.0 -3.0 -3.0 0.0 -1.0 -3.0 -3.0 0.0 -4.0 -2.0 -1.0 -1.0 -2.0 -2.0 -1.0 -2.0 -4.0 -2.0 -2.0 0.0 -3.0 -2.0 -4.0 -2.0 -3.0 -4.0 -2.0 
-4.0 -3.0 -4.0 -4.0 0.0 -4.0 0.0 -4.0 -4.0 -3.0 -4.0 -3.0 -3.0 -4.0 134.0 0.0 -3.0 0.0 0.0 -2.0 0.0 0.0 -4.0 0.0 -4.0 -1.0 -4.0 0.0 -1.0 -2.0 -3.0 -2.0 -3.0 0.0 -1.0 0.0 0.0 -1.0 -3.0 -2.0 -1.0 -1.0 -2.0 -4.0 -4.0 -3.0 -3.0 -2.0 -3.0 -1.0 -1.0 -3.0 -3.0 0.0 -4.0 -1.0 -2.0 -3.0 -2.0 -1.0 -1.0 0.0 -2.0 -3.0 -4.0 
-1.0 0.0 -2.0 0.0 -3.0 -4.0 -4.0 -1.0 -2.0 -4.0 -2.0 0.0 0.0 0.0 -3.0 144.0 -1.0 -2.0 -2.0 -3.0 0.0 -1.0 -3.0 0.0 -2.0 -3.0 -2.0 -4.0 -4.0 -4.0 -2.0 -4.0 -2.0 -2.0 -4.0 -2.0 -3.0 -4.0 -4.0 0.0 -4.0 -4.0 0.0 -4.0 -4.0 -2.0 -3.0 -3.0 -3.0 -3.0 -4.0 -1.0 -1.0 -1.0 -1.0 -1.0 -1.0 -4.0 -3.0 -3.0 -4.0 0.0 -3.0 0.0 -3.0 
-1.0 -3.0 -4.0 -2.0 -2.0 -3.0 0.0 0.0 -1.0 -1.0 -4.0 -3.0 -4.0 -3.0 -4.0 -2.0 134.0 -1.0 0.0 0.0 0.0 -2.0 -3.0 0.0 -3.0 0.0 -4.0 -2.0 -4.0 0.0 -1.0 -4.0 -4.0 0.0 -2.0 0.0 -3.0 -4.0 -1.0 -2.0 -4.0 -2.0 -2.0 -1.0 -2.0 -1.0 -3.0 -4.0 -2.0 -4.0 -4.0 -4.0 -1.0 -1.0 0.0 0.0 -4.0 -2.0 -3.0 -2.0 -1.0 -2.0 -1.0 -3.0 -4.0 
-4.0 -4.0 -1.0 0.0 -3.0 -4.0 -2.0 -4.0 -2.0 -4.0 0.0 -1.0 -2.0 -1.0 0.0 0.0 -3.0 143.0 -3.0 -2.0 0.0 -3.0 -1.0 -4.0 -4.0 -3.0 -4.0 -2.0 -3.0 0.0 -4.0 -1.0 -4.0 0.0 -4.0 -4.0 -4.0 -4.0 -3.0 -2.0 0.0 -3.0 -2.0 -1.0 -3.0 -3.0 -4.0 -1.0 -2.0 -3.0 -2.0 0.0 -4.0 -2.0 0.0 -2.0 -1.0 -4.0 0.0 -4.0 -1.0 -1.0 0.0 -2.0 -4.0 
-3.0 0.0 -3.0 -1.0 -3.0 -2.0 -2.0 -1.0 -2.0 -2.0 -1.0 -3.0 -1.0 -2.0 -2.0 -2.0 -1.0 0.0 112.0 -3.0 -3.0 0.0 0.0 -3.0 0.0 0.0 -1.0 0.0 -2.0 -3.0 -4.0 0.0 -1.0 0.0 0.0 0.0 -4.0 -4.0 0.0 -2.0 -4.0 -2.0 -4.0 0.0 -3.0 -1.0 0.0 -3.0 -2.0 -1.0 -1.0 -1.0 -3.0 0.0 -1.0 0.0 -3.0 -4.0 0.0 -4.0 -1.0 -2.0 -4.0 -4.0 -3.0 
0.0 -2.0 -2.0 -3.0 -4.0 -4.0 -3.0 -3.0 -1.0 -3.0 0.0 0.0 -1.0 -1.0 -4.0 -3.0 0.0 -2.0 0.0 112.0 -1.0 -1.0 -3.0 0.0 -3.0 -1.0 -1.0 -3.0 -2.0 0.0 0.0 -2.0 0.0 -1.0 -2.0 -1.0 -4.0 -4.0 -1.0 0.0 -1.0 -4.0 -2.0 -1.0 0.0 0.0 -1.0 0.0 -4.0 -3.0 0.0 -4.0 -1.0 -4.0 -2.0 -2.0 -4.0 -2.0 -1.0 -2.0 -4.0 0.0 -4.0 0.0 0.0 
0.0 -2.0 -1.0 0.0 -3.0 -1.0 -1.0 -4.0 -2.0 -4.0 -3.0 -1.0 -4.0 0.0 0.0 -1.0 -1.0 -1.0 -1.0 -2.0 128.0 -2.0 -1.0 -3.0 -1.0 -3.0 -4.0 -3.0 -1.0 0.0 -4.0 -3.0 -3.0 -2.0 -2.0 0.0 -3.0 -1.0 -4.0 0.0 0.0 -4.0 -1.0 -1.0 -1.0 0.0 -4.0 -2.0 0.0 -1.0 -4.0 -3.0 -4.0 -3.0 0.0 -1.0 0.0 -4.0 -4.0 -4.0 -1.0 -3.0 -4.0 -3.0 -4.0 
-3.0 0.0 -4.0 -3.0 0.0 -3.0 -3.0 -1.0 0.0 0.0 -4.0 -1.0 -4.0 -1.0 -4.0 -4.0 -4.0 -4.0 -3.0 0.0 -4.0 156.0 -1.0 -4.0 -3.0 -1.0 -4.0 -3.0 -1.0 -3.0 -3.0 -4.0 -1.0 -2.0 -4.0 0.0 -3.0 -3.0 -3.0 -1.0 -2.0 -3.0 -1.0 -2.0 -3.0 -1.0 -4.0 -4.0 -1.0 -3.0 -4.0 -4.0 -4.0 -1.0 -2.0 -1.0 -1.0 -4.0 -4.0 -4.0 -1.0 -2.0 -2.0 -4.0 0.0 
0.0 -3.0 -3.0 -1.0 -1.0 -2.0 -1.0 0.0 -4.0 -2.0 -4.0 0.0 0.0 -2.0 -2.0 -2.0 -4.0 -2.0 -2.0 -3.0 0.0 -4.0 123.0 -1.0 -1.0 0.0 -4.0 0.0 -4.0 -4.0 -2.0 -2.0 -3.0 -4.0 -2.0 -2.0 0.0 -3.0 -3.0 -1.0 0.0 -3.0 0.0 0.0 0.0 0.0 -3.0 -1.0 -4.0 -3.0 -4.0 -3.0 -2.0 -4.0 -1.0 -1.0 -3.0 -1.0 -4.0 -1.0 0.0 0.0 0.0 -4.0 -3.0 
-2.0 -2.0 -2.0 0.0 -3.0 -2.0 -4.0 -3.0 -3.0 -1.0 0.0 -1.0 0.0 -4.0 -1.0 -3.0 -4.0 0.0 -1.0 -4.0 -4.0 0.0 -3.0 137.0 -2.0 -3.0 -2.0 -1.0 -2.0 -2.0 -3.0 0.0 -4.0 -3.0 -4.0 -1.0 -3.0 0.0 -1.0 -2.0 -1.0 0.0 -2.0 -3.0 -3.0 0.0 -3.0 -3.0 0.0 -2.0 -3.0 -4.0 -4.0 -3.0 -4.0 -1.0 0.0 -3.0 -2.0 -1.0 -3.0 -4.0 -4.0 0.0 -4.0 
-3.0 -4.0 -4.0 0.0 0.0 -3.0 -4.0 -2.0 0.0 -3.0 -3.0 -1.0 0.0 -3.0 -1.0 -1.0 -4.0 -2.0 -1.0 -4.0 -4.0 -1.0 0.0 -3.0 139.0 0.0 -1.0 -3.0 -4.0 -3.0 -1.0 -4.0 -3.0 -4.0 -4.0 -4.0 -3.0 -2.0 -2.0 -3.0 -4.0 0.0 -4.0 -2.0 0.0 -2.0 0.0 -4.0 0.0 -3.0 -1.0 -2.0 0.0 -4.0 -3.0 -3.0 0.0 -2.0 -2.0 -2.0 -1.0 -1.0 0.0 -4.0 -3.0 
-2.0 -4.0 -3.0 -3.0 -1.0 -3.0 -4.0 -2.0 -1.0 -4.0 0.0 -4.0 -4.0 0.0 -2.0 -3.0 -1.0 -3.0 -3.0 -4.0 -2.0 -4.0 0.0 -3.0 -1.0 153.0 -3.0 -1.0 -4.0 -1.0 -4.0 -2.0 -4.0 -3.0 -2.0 -3.0 -3.0 -1.0 -3.0 -3.0 -2.0 -3.0 0.0 -2.0 -1.0 -3.0 -2.0 -4.0 -2.0 -3.0 -4.0 -2.0 -3.0 -1.0 -3.0 -1.0 -2.0 -3.0 -4.0 -2.0 -2.0 0.0 -2.0 -2.0 -2.0 
-1.0 -3.0 -3.0 -2.0 -3.0 -4.0 -3.0 -2.0 -2.0 -2.0 0.0 -4.0 0.0 -4.0 -1.0 -1.0 -1.0 0.0 0.0 -4.0 -4.0 -3.0 0.0 -4.0 0.0 -1.0 132.0 -3.0 -4.0 0.0 0.0 -3.0 -3.0 -3.0 0.0 -4.0 0.0 -1.0 -2.0 -4.0 -3.0 -3.0 -1.0 -4.0 -3.0 0.0 -3.0 -2.0 0.0 -4.0 -2.0 0.0 -2.0 0.0 -1.0 -4.0 -3.0 -2.0 -2.0 0.0 -4.0 -1.0 -4.0 -2.0 -3.0 
-3.0 -3.0 -1.0 -2.0 -1.0 -4.0 -4.0 -2.0 -4.0 -1.0 0.0 -4.0 -2.0 -2.0 -1.0 -3.0 -1.0 -4.0 -3.0 -2.0 -2.0 -3.0 -2.0 -2.0 0.0 0.0 -2.0 142.0 -4.0 -3.0 -4.0 -4.0 0.0 -3.0 -3.0 -2.0 -1.0 0.0 0.0 -2.0 -3.0 -4.0 -4.0 -4.0 -1.0 -2.0 -2.0 0.0 -4.0 -1.0 -2.0 -4.0 -2.0 -4.0 -1.0 0.0 0.0 -3.0 -4.0 -4.0 -1.0 -3.0 -1.0 -2.0 -2.0 
-1.0 -2.0 -2.0 -4.0 0.0 -1.0 0.0 -3.0 -2.0 -3.0 -3.0 -4.0 -1.0 -1.0 -2.0 -2.0 -3.0 -2.0 0.0 -4.0 -4.0 0.0 -1.0 -1.0 -3.0 0.0 -1.0 -4.0 126.0 -1.0 0.0 -2.0 -1.0 -3.0 -3.0 0.0 -1.0 -4.0 -2.0 0.0 -4.0 -4.0 -1.0 -4.0 -1.0 0.0 -2.0 -4.0 -3.0 -3.0 0.0 -3.0 0.0 -3.0 0.0 -4.0 -4.0 -1.0 -3.0 0.0 -1.0 -3.0 -2.0 -3.0 -2.0 
-2.0 -3.0 -3.0 -2.0 -2.0 -2.0 -2.0 -1.0 -1.0 0.0 0.0 -3.0 0.0 -4.0 0.0 0.0 -4.0 -2.0 -1.0 -2.0 0.0 0.0 0.0 -2.0 -2.0 -4.0 0.0 -3.0 -1.0 108.0 -4.0 -1.0 -1.0 -3.0 -1.0 -3.0 0.0 -2.0 -4.0 0.0 -1.0 -4.0 -2.0 0.0 0.0 0.0 -2.0 -1.0 0.0 -1.0 -4.0 -1.0 -2.0 -4.0 -4.0 -2.0 0.0 0.0 -2.0 0.0 -3.0 -3.0 -2.0 -2.0 -3.0 
-4.0 -1.0 0.0 -3.0 -3.0 -1.0 0.0 -4.0 -2.0 -4.0 -3.0 -3.0 -1.0 0.0 -2.0 -1.0 -3.0 0.0 -4.0 -2.0 -4.0 -4.0 -2.0 -2.0 0.0 -4.0 -2.0 -3.0 0.0 0.0 143.0 -4.0 0.0 -1.0 -2.0 -4.0 -3.0 -4.0 -3.0 -3.0 -3.0 -3.0 -3.0 -4.0 0.0 -2.0 -4.0 -3.0 -3.0 -4.0 0.0 -2.0 0.0 -2.0 -3.0 -2.0 -1.0 -3.0 -2.0 0.0 -4.0 -2.0 -1.0 -3.0 -3.0 
-3.0 -1.0 -1.0 -4.0 -4.0 0.0 -1.0 -3.0 -4.0 -4.0 -1.0 -1.0 0.0 -2.0 -1.0 -4.0 -4.0 -4.0 -2.0 -4.0 -1.0 -3.0 -3.0 -2.0 -2.0 0.0 -2.0 -3.0 -2.0 -4.0 -3.0 153.0 -1.0 -2.0 -3.0 -4.0 -1.0 -3.0 -4.0 -2.0 -2.0 -4.0 -2.0 -4.0 -3.0 -4.0 -3.0 -2.0 -3.0 -3.0 -3.0 -2.0 -4.0 -1.0 -4.0 -2.0 -4.0 -1.0 -2.0 0.0 0.0 -2.0 -3.0 -1.0 -1.0 
-1.0 -1.0 -3.0 0.0 -1.0 -4.0 -1.0 0.0 -4.0 -1.0 0.0 0.0 -3.0 -3.0 -2.0 -3.0 -3.0 -1.0 -2.0 0.0 -4.0 -4.0 -2.0 -1.0 0.0 -2.0 -4.0 -3.0 -4.0 0.0 -1.0 -1.0 113.0 -2.0 -2.0 -3.0 -4.0 0.0 -1.0 -4.0 -1.0 -2.0 -1.0 -1.0 0.0 0.0 -2.0 -1.0 -4.0 -4.0 -2.0 0.0 -1.0 -1.0 -1.0 -2.0 -1.0 -2.0 0.0 -4.0 0.0 -3.0 -2.0 0.0 -3.0 
-2.0 -3.0 0.0 -1.0 -2.0 -3.0 -3.0 -1.0 -2.0 0.0 -2.0 -2.0 -3.0 0.0 -4.0 0.0 -4.0 -3.0 -1.0 -4.0 -1.0 -1.0 -3.0 -4.0 -3.0 -3.0 -2.0 -2.0 0.0 -3.0 0.0 -3.0 -3.0 129.0 -2.0 -1.0 -3.0 0.0 -1.0 -4.0 -1.0 0.0 -4.0 -3.0 -2.0 -2.0 -3.0 -2.0 -4.0 -2.0 0.0 -1.0 -3.0 -1.0 -2.0 -2.0 -4.0 -2.0 0.0 -1.0 -1.0 0.0 -3.0 -4.0 -3.0 
-4.0 -1.0 -4.0 -2.0 0.0 -4.0 -1.0 -1.0 0.0 -3.0 -2.0 -1.0 -4.0 -4.0 0.0 -4.0 -2.0 -1.0 -1.0 -2.0 -2.0 0.0 -3.0 -4.0 -4.0 -3.0 -1.0 0.0 -2.0 -2.0 -2.0 -3.0 -2.0 -3.0 135.0 0.0 -3.0 -4.0 -1.0 0.0 -1.0 -1.0 -4.0 -3.0 -3.0 -1.0 -3.0 -4.0 0.0 -3.0 0.0 -1.0 -1.0 -1.0 -3.0 -4.0 -3.0 -4.0 -2.0 -3.0 0.0 -4.0 -2.0 -2.0 -2.0 
-1.0 -2.0 -3.0 -1.0 -3.0 -4.0 -3.0 0.0 -4.0 -2.0 -2.0 -3.0 -2.0 -1.0 0.0 -2.0 -1.0 0.0 -2.0 -1.0 -3.0 -1.0 -1.0 -4.0 -3.0 -2.0 -1.0 -1.0 -1.0 -1.0 0.0 -4.0 -1.0 -3.0 0.0 127.0 -2.0 0.0 -4.0 -2.0 -4.0 -1.0 -4.0 0.0 -1.0 -4.0 -1.0 -4.0 -3.0 -4.0 -4.0 -3.0 -1.0 -1.0 -4.0 0.0 -1.0 -3.0 0.0 -4.0 0.0 0.0 -4.0 -2.0 -3.0 
-1.0 -4.0 -2.0 -3.0 -1.0 -3.0 -4.0 -2.0 -2.0 -2.0 -2.0 -3.0 -2.0 -4.0 -1.0 -4.0 -1.0 -3.0 -4.0 -2.0 -3.0 0.0 -1.0 -3.0 -3.0 -4.0 -4.0 -2.0 -4.0 -1.0 -4.0 0.0 -1.0 -1.0 -2.0 -2.0 145.0 -3.0 0.0 0.0 -4.0 0.0 -4.0 -4.0 -4.0 0.0 -3.0 0.0 -4.0 -3.0 0.0 -2.0 -4.0 -4.0 -4.0 -3.0 -1.0 -3.0 -2.0 -1.0 -1.0 -1.0 0.0 -3.0 -2.0 
-4.0 -2.0 -2.0 0.0 -4.0 -1.0 -3.0 0.0 -3.0 -2.0 -2.0 0.0 -1.0 0.0 -3.0 0.0 -4.0 -1.0 -1.0 -1.0 -4.0 -4.0 0.0 0.0 0.0 -4.0 -2.0 0.0 -1.0 -2.0 0.0 -1.0 -4.0 -1.0 -2.0 0.0 0.0 107.0 0.0 -1.0 0.0 -1.0 -1.0 -2.0 -4.0 -2.0 -4.0 -1.0 -1.0 0.0 -4.0 0.0 0.0 -3.0 -3.0 -3.0 -2.0 -4.0 0.0 -2.0 -1.0 -3.0 -3.0 -3.0 0.0 
-2.0 -1.0 -4.0 -3.0 -3.0 0.0 0.0 0.0 -1.0 -2.0 -3.0 -1.0 -4.0 -4.0 -4.0 -3.0 -4.0 -4.0 -1.0 -3.0 0.0 -3.0 -3.0 0.0 -4.0 -1.0 -1.0 0.0 -4.0 -3.0 0.0 -3.0 -4.0 -3.0 0.0 -2.0 -4.0 -4.0 132.0 -3.0 -2.0 -4.0 0.0 -3.0 0.0 -4.0 0.0 -3.0 -2.0 -1.0 -3.0 0.0 -3.0 -3.0 -3.0 -1.0 0.0 -4.0 0.0 0.0 -2.0 -4.0 0.0 -1.0 0.0 
-2.0 -4.0 -1.0 -2.0 -3.0 -3.0 -2.0 -4.0 0.0 0.0 -2.0 -2.0 0.0 0.0 -2.0 -1.0 -2.0 -4.0 -2.0 -4.0 0.0 -2.0 -3.0 0.0 -3.0 0.0 -2.0 -4.0 -4.0 -4.0 -3.0 0.0 -4.0 0.0 -3.0 -4.0 -2.0 -4.0 -4.0 135.0 -2.0 -2.0 0.0 -1.0 -2.0 -1.0 -3.0 -2.0 -3.0 0.0 -1.0 -1.0 -4.0 -1.0 -3.0 0.0 -3.0 -1.0 -4.0 -3.0 -2.0 -2.0 -3.0 -3.0 -2.0 
-1.0 -3.0 -4.0 0.0 -2.0 0.0 -2.0 0.0 0.0 0.0 -1.0 0.0 -3.0 -1.0 -1.0 -3.0 -2.0 -1.0 -1.0 -3.0 -3.0 -3.0 -4.0 0.0 -4.0 -2.0 -1.0 0.0 -2.0 -4.0 -2.0 -2.0 -2.0 0.0 -2.0 -3.0 -4.0 -4.0 -1.0 -3.0 115.0 -2.0 -4.0 0.0 0.0 -4.0 -1.0 -3.0 -1.0 0.0 -1.0 -2.0 -4.0 -1.0 0.0 -2.0 0.0 -4.0 -3.0 0.0 -3.0 -3.0 -1.0 -1.0 -1.0 
-4.0 -1.0 -4.0 0.0 0.0 0.0 -4.0 -4.0 -4.0 -3.0 -1.0 -2.0 -1.0 -2.0 0.0 -1.0 -1.0 -1.0 -1.0 -1.0 -4.0 -2.0 -1.0 -2.0 -2.0 -4.0 -3.0 0.0 -4.0 0.0 -4.0 -2.0 -4.0 -3.0 -2.0 0.0 0.0 -2.0 0.0 -4.0 0.0 125.0 0.0 -2.0 -4.0 -2.0 -4.0 -4.0 -1.0 -3.0 -3.0 -1.0 -3.0 -1.0 -2.0 0.0 -1.0 -1.0 -4.0 -4.0 0.0 -2.0 -1.0 -3.0 -1.0 
-4.0 -3.0 -3.0 -4.0 0.0 -2.0 -2.0 -1.0 0.0 -1.0 -2.0 -3.0 -1.0 -1.0 -4.0 -1.0 -3.0 -1.0 -4.0 0.0 0.0 -1.0 -1.0 -3.0 -1.0 -4.0 -4.0 -1.0 -1.0 -2.0 -4.0 -3.0 -2.0 -1.0 -4.0 -4.0 -3.0 -2.0 -2.0 -4.0 -2.0 -4.0 138.0 -1.0 -4.0 -3.0 -3.0 -2.0 -1.0 0.0 -4.0 -3.0 -1.0 -3.0 -2.0 -1.0 0.0 -2.0 -1.0 -3.0 -3.0 -3.0 -2.0 -3.0 0.0 
-1.0 -4.0 -3.0 0.0 -4.0 -1.0 -2.0 -2.0 -3.0 0.0 -2.0 -4.0 -4.0 -1.0 -4.0 -1.0 0.0 -2.0 -2.0 -1.0 -2.0 -2.0 -3.0 -1.0 -1.0 -2.0 -2.0 -4.0 -2.0 0.0 0.0 -3.0 -2.0 0.0 -2.0 0.0 -2.0 -4.0 -1.0 -3.0 -3.0 -2.0 -4.0 136.0 -1.0 -2.0 -3.0 0.0 -4.0 -3.0 -2.0 0.0 -3.0 -3.0 -1.0 -1.0 -3.0 -2.0 -3.0 -4.0 -3.0 -2.0 -4.0 -4.0 -2.0 
-3.0 -1.0 -2.0 -4.0 0.0 -1.0 -2.0 0.0 -4.0 0.0 -3.0 -1.0 0.0 -3.0 0.0 -3.0 -2.0 0.0 -3.0 -4.0 -4.0 -1.0 -1.0 0.0 -4.0 -3.0 -2.0 -2.0 -4.0 -2.0 0.0 0.0 -1.0 0.0 -2.0 0.0 -4.0 -4.0 -2.0 -1.0 -2.0 -2.0 -2.0 -3.0 114.0 -2.0 0.0 -2.0 -2.0 0.0 -1.0 -4.0 0.0 -1.0 -2.0 -2.0 -1.0 0.0 0.0 -4.0 -1.0 -4.0 -2.0 -4.0 0.0 
-4.0 -4.0 -3.0 -2.0 -1.0 -4.0 -3.0 -1.0 -2.0 -4.0 -4.0 0.0 -3.0 -3.0 0.0 0.0 -1.0 -1.0 -1.0 -1.0 0.0 -1.0 0.0 -4.0 -2.0 -2.0 -3.0 -4.0 -1.0 -2.0 -4.0 0.0 0.0 -3.0 -3.0 0.0 -3.0 -3.0 -2.0 -4.0 -2.0 -2.0 0.0 -2.0 -3.0 132.0 -4.0 -2.0 -2.0 0.0 -4.0 0.0 -1.0 0.0 0.0 -4.0 -4.0 -2.0 -2.0 -2.0 -2.0 -3.0 -4.0 -2.0 -2.0 
0.0 -1.0 -2.0 -2.0 0.0 -4.0 -4.0 -1.0 -3.0 0.0 -2.0 -4.0 -3.0 -3.0 -3.0 -3.0 -1.0 -1.0 -4.0 -1.0 -3.0 -4.0 -3.0 0.0 -2.0 -1.0 -1.0 0.0 -2.0 -3.0 -1.0 -2.0 0.0 -4.0 -4.0 -4.0 -4.0 -3.0 -3.0 -1.0 -2.0 0.0 -2.0 -2.0 0.0 -3.0 136.0 -3.0 -2.0 -2.0 -3.0 -3.0 -1.0 -1.0 -3.0 -3.0 0.0 -3.0 -3.0 -2.0 -4.0 -1.0 -1.0 -1.0 -4.0 
-1.0 -1.0 0.0 -1.0 -3.0 0.0 -3.0 -2.0 0.0 0.0 -2.0 -2.0 0.0 -4.0 0.0 -4.0 -2.0 -4.0 -3.0 -4.0 0.0 0.0 -4.0 -2.0 -2.0 -4.0 0.0 -1.0 0.0 -4.0 -1.0 -3.0 -4.0 -3.0 -3.0 0.0 -2.0 -4.0 -3.0 0.0 -2.0 -2.0 -4.0 0.0 -2.0 0.0 -1.0 123.0 -3.0 -4.0 0.0 0.0 -3.0 -4.0 -2.0 -3.0 0.0 -3.0 -3.0 -1.0 -3.0 -3.0 -2.0 0.0 -2.0 
-4.0 -1.0 -4.0 0.0 0.0 -2.0 -2.0 -2.0 -4.0 -1.0 -2.0 0.0 0.0 -2.0 0.0 -4.0 -1.0 -2.0 -1.0 -2.0 -1.0 -1.0 0.0 -2.0 0.0 -1.0 0.0 -1.0 0.0 -3.0 -2.0 -3.0 -4.0 0.0 -4.0 0.0 -1.0 0.0 -1.0 -2.0 -2.0 -4.0 -2.0 -2.0 0.0 -4.0 -1.0 0.0 110.0 -1.0 -4.0 -2.0 -1.0 -1.0 -3.0 -4.0 -4.0 -3.0 -1.0 -3.0 -2.0 -2.0 0.0 -1.0 -3.0 
0.0 -4.0 -2.0 -2.0 -3.0 0.0 0.0 -2.0 0.0 -1.0 0.0 0.0 0.0 -2.0 -3.0 -2.0 -1.0 -1.0 -4.0 -1.0 -2.0 -1.0 -4.0 -4.0 -1.0 -2.0 -3.0 -2.0 -2.0 -2.0 -4.0 -2.0 0.0 -1.0 -4.0 -1.0 -4.0 0.0 -2.0 0.0 -4.0 -1.0 -4.0 -1.0 -3.0 -4.0 0.0 -2.0 -4.0 110.0 -1.0 0.0 0.0 -1.0 -3.0 -4.0 0.0 0.0 0.0 -2.0 -1.0 0.0 -1.0 -2.0 -3.0 
-1.0 -2.0 0.0 -2.0 -4.0 -2.0 -3.0 -4.0 -4.0 -4.0 0.0 -4.0 -1.0 -2.0 -4.0 -4.0 -2.0 -4.0 0.0 -3.0 -1.0 -4.0 0.0 -4.0 -3.0 -3.0 -2.0 -3.0 -1.0 -3.0 0.0 0.0 0.0 -2.0 0.0 -3.0 -4.0 -4.0 -3.0 -4.0 -4.0 0.0 -2.0 0.0 -4.0 -3.0 -2.0 -2.0 -4.0 -4.0 138.0 -3.0 -1.0 -1.0 -2.0 -1.0 -1.0 -1.0 -2.0 -1.0 0.0 0.0 -1.0 -1.0 -4.0 
-2.0 -2.0 -3.0 -2.0 -2.0 -3.0 -2.0 -2.0 -4.0 -1.0 -2.0 0.0 -1.0 -2.0 -4.0 -2.0 -4.0 -3.0 -2.0 -3.0 -4.0 -1.0 -1.0 -1.0 -3.0 -2.0 -2.0 -4.0 -2.0 -4.0 -3.0 -3.0 0.0 -1.0 -2.0 -3.0 0.0 -1.0 -2.0 -4.0 -2.0 -1.0 -2.0 -2.0 -1.0 -3.0 0.0 -3.0 -2.0 -2.0 -1.0 133.0 -1.0 0.0 -3.0 -2.0 -2.0 -4.0 0.0 -4.0 -2.0 -1.0 -2.0 -4.0 0.0 
-4.0 -2.0 -2.0 0.0 0.0 -3.0 -1.0 -1.0 -4.0 -1.0 -1.0 -4.0 -1.0 -4.0 -3.0 -3.0 -4.0 -4.0 -3.0 -3.0 0.0 -2.0 0.0 0.0 -3.0 -3.0 -1.0 -3.0 0.0 -2.0 -3.0 -1.0 -1.0 -2.0 -2.0 -4.0 -1.0 -1.0 0.0 0.0 -3.0 -1.0 -1.0 -3.0 -3.0 -1.0 -4.0 -1.0 0.0 -4.0 0.0 -3.0 125.0 -1.0 -1.0 -3.0 0.0 -4.0 -3.0 -3.0 0.0 -2.0 -3.0 -4.0 0.0 
0.0 0.0 -1.0 -4.0 -2.0 -2.0 -4.0 0.0 -4.0 -1.0 -4.0 0.0 -1.0 -1.0 -1.0 -4.0 -3.0 -4.0 0.0 -4.0 0.0 -4.0 -3.0 -1.0 -1.0 -4.0 -1.0 0.0 0.0 -4.0 0.0 -3.0 -4.0 -1.0 -3.0 -2.0 0.0 -1.0 0.0 -1.0 -2.0 -2.0 -2.0 0.0 -2.0 -4.0 0.0 0.0 -3.0 -2.0 0.0 -4.0 -3.0 120.0 -3.0 0.0 -4.0 0.0 -3.0 -3.0 -4.0 -3.0 -1.0 -2.0 0.0 
-1.0 -1.0 -2.0 -2.0 -3.0 -3.0 -3.0 -4.0 -2.0 -3.0 -2.0 0.0 -2.0 -1.0 0.0 -4.0 -1.0 -4.0 -3.0 -1.0 0.0 -2.0 -1.0 -1.0 -1.0 0.0 -2.0 -1.0 -2.0 -4.0 -2.0 -2.0 0.0 -1.0 0.0 -3.0 -2.0 -4.0 -3.0 -4.0 -1.0 0.0 -4.0 -4.0 -4.0 0.0 -4.0 -2.0 -4.0 0.0 -2.0 -1.0 -2.0 -1.0 126.0 -1.0 0.0 -3.0 -3.0 -4.0 -3.0 0.0 -3.0 -3.0 0.0 
-2.0 -3.0 -4.0 -3.0 -3.0 0.0 -3.0 -3.0 -3.0 -2.0 -3.0 -1.0 -3.0 -3.0 -4.0 -1.0 -2.0 -1.0 -2.0 0.0 -1.0 -3.0 -2.0 -3.0 -4.0 -2.0 -4.0 -2.0 -2.0 0.0 -2.0 -1.0 -3.0 0.0 0.0 -3.0 0.0 0.0 -3.0 -3.0 -1.0 -4.0 0.0 0.0 -4.0 -2.0 -4.0 -1.0 0.0 -2.0 -2.0 0.0 -4.0 -1.0 -2.0 127.0 -2.0 -2.0 -2.0 -2.0 -3.0 -1.0 0.0 -3.0 -1.0 
-3.0 -1.0 -3.0 -2.0 -4.0 -4.0 -4.0 -4.0 -4.0 -2.0 -1.0 -1.0 -2.0 -2.0 -3.0 -3.0 -1.0 -2.0 -2.0 0.0 -4.0 -1.0 -1.0 -2.0 -4.0 -3.0 -2.0 -2.0 -3.0 -1.0 -3.0 0.0 -4.0 -3.0 -1.0 -3.0 0.0 -1.0 -1.0 -3.0 0.0 -4.0 0.0 -1.0 -2.0 -1.0 -1.0 0.0 -4.0 -3.0 -3.0 0.0 -3.0 0.0 -4.0 -2.0 132.0 0.0 -4.0 -2.0 0.0 -3.0 -2.0 -1.0 -2.0 
-4.0 0.0 -3.0 -2.0 -4.0 -2.0 -3.0 0.0 -2.0 -1.0 -3.0 -4.0 -3.0 -1.0 -2.0 -2.0 -1.0 -3.0 0.0 -2.0 -2.0 -1.0 -1.0 -2.0 -1.0 -2.0 -1.0 -2.0 -3.0 0.0 -3.0 -4.0 -1.0 -1.0 -2.0 0.0 -4.0 -2.0 -2.0 -4.0 0.0 0.0 -4.0 -3.0 0.0 -2.0 0.0 -4.0 -1.0 0.0 -1.0 0.0 -3.0 -1.0 -2.0 -1.0 -3.0 111.0 -1.0 -1.0 0.0 -2.0 0.0 -2.0 0.0 
-4.0 -1.0 -2.0 -4.0 -2.0 -3.0 -2.0 -4.0 -3.0 0.0 -3.0 -3.0 -2.0 -4.0 -2.0 -2.0 -4.0 -1.0 -3.0 -2.0 0.0 -1.0 -3.0 -1.0 -1.0 -3.0 -4.0 -4.0 -4.0 -4.0 0.0 0.0 -4.0 -4.0 0.0 -1.0 -3.0 -1.0 -3.0 -3.0 -2.0 -2.0 -2.0 -3.0 -4.0 -4.0 -3.0 -2.0 0.0 -1.0 -1.0 -1.0 -1.0 -4.0 0.0 -3.0 -3.0 -1.0 148.0 -2.0 -1.0 -4.0 -4.0 -3.0 -2.0 
0.0 -1.0 -1.0 -3.0 -4.0 -4.0 -1.0 0.0 0.0 -2.0 -1.0 -1.0 0.0 -1.0 0.0 -3.0 -2.0 -1.0 -3.0 -4.0 0.0 -4.0 -1.0 -4.0 -2.0 -4.0 -2.0 -3.0 0.0 -3.0 0.0 -1.0 0.0 -2.0 -2.0 -3.0 -2.0 -3.0 -4.0 -4.0 -4.0 -2.0 0.0 -2.0 -1.0 -3.0 -2.0 -3.0 -1.0 0.0 -3.0 -3.0 -4.0 0.0 -3.0 -3.0 -2.0 -4.0 -4.0 131.0 -4.0 0.0 -2.0 -2.0 -3.0 
-4.0 0.0 -2.0 0.0 -1.0 -4.0 -2.0 0.0 -4.0 -4.0 -1.0 -2.0 -3.0 -2.0 -3.0 -4.0 -2.0 -1.0 -3.0 -3.0 -3.0 -3.0 -2.0 -1.0 -4.0 -4.0 -1.0 0.0 -2.0 -1.0 -3.0 -2.0 -1.0 -4.0 -1.0 0.0 -3.0 0.0 -1.0 0.0 0.0 0.0 0.0 -4.0 -3.0 -2.0 0.0 0.0 -4.0 -2.0 0.0 -1.0 -1.0 -3.0 -2.0 -4.0 -4.0 -2.0 -2.0 0.0 118.0 0.0 -1.0 -1.0 -1.0 
-2.0 -4.0 -2.0 -4.0 0.0 -1.0 -2.0 -2.0 -4.0 -3.0 -4.0 -1.0 0.0 -4.0 -1.0 -1.0 -3.0 0.0 -3.0 0.0 -2.0 0.0 -1.0 -1.0 -3.0 -1.0 -4.0 -1.0 -2.0 0.0 0.0 -1.0 -1.0 -1.0 0.0 -1.0 -3.0 -3.0 -4.0 -2.0 -4.0 -2.0 -1.0 -3.0 -1.0 -3.0 -3.0 -2.0 0.0 -1.0 -2.0 -2.0 -4.0 -4.0 -3.0 -4.0 -1.0 -2.0 -3.0 -3.0 -2.0 127.0 -1.0 -1.0 -3.0 
-2.0 -3.0 -2.0 -1.0 0.0 -4.0 -2.0 -1.0 -4.0 0.0 -4.0 -2.0 -3.0 -1.0 0.0 -2.0 -4.0 -1.0 0.0 -4.0 -2.0 -2.0 -2.0 -3.0 -3.0 -4.0 -3.0 -1.0 -4.0 -2.0 -4.0 -1.0 -3.0 -1.0 -2.0 -3.0 0.0 -3.0 -1.0 0.0 -2.0 -2.0 -1.0 -1.0 -4.0 -1.0 -1.0 0.0 -3.0 -1.0 -1.0 0.0 -3.0 -2.0 0.0 -2.0 0.0 -2.0 -4.0 -1.0 -1.0 -1.0 118.0 -1.0 0.0 
-3.0 -2.0 -3.0 -2.0 0.0 -4.0 -3.0 -2.0 -1.0 -2.0 -1.0 -1.0 -1.0 -1.0 -2.0 0.0 -4.0 -1.0 -4.0 -3.0 -1.0 -3.0 -3.0 -1.0 -1.0 -4.0 0.0 -3.0 0.0 -2.0 -2.0 -2.0 0.0 -2.0 -1.0 -4.0 0.0 -2.0 -1.0 -1.0 -1.0 -4.0 -1.0 -4.0 0.0 0.0 0.0 -3.0 -1.0 -4.0 -1.0 -3.0 -3.0 -4.0 -3.0 -4.0 -1.0 -4.0 0.0 -2.0 -2.0 -4.0 -1.0 127.0 -4.0 
-3.0 -2.0 0.0 -2.0 -4.0 -3.0 -3.0 0.0 -1.0 -2.0 -2.0 -4.0 -4.0 -4.0 -3.0 -4.0 0.0 -3.0 -1.0 -4.0 -2.0 -1.0 0.0 -1.0 -4.0 -1.0 -3.0 0.0 -3.0 -1.0 -4.0 -4.0 -4.0 -3.0 -1.0 -1.0 -2.0 -3.0 -4.0 -1.0 -1.0 -2.0 -4.0 0.0 0.0 -2.0 -2.0 -2.0 -1.0 -4.0 -4.0 -2.0 -1.0 -1.0 0.0 -3.0 0.0 0.0 -3.0 -3.0 -4.0 -2.0 -3.0 -4.0 140.0 

-4610.639999999999 -4363.0 -3911.0 -3708.0 -3572.0 -3267.0 -3873.0 -3168.0 -3265.0 -3218.0 -3118.0 -3017.0 -2588.0 -2656.0 -2201.0 -2740.0 -2296.0 -2054.0 -1790.0 -1456.0 -1952.0 -1819.0 -1291.0 -1437.0 -1009.0 -928.0 -808.0 -645.0 -613.0 -407.0 -356.0 -109.0 65.0 109.0 223.0 289.0 780.0 503.0 1061.0 872.0 824.0 1160.0 1368.0 1294.0 1434.0 1780.0 1860.0 1674.0 1582.0 1899.0 2854.0 2757.0 2623.0 2527.0 2766.0 3299.0 3585.0 3218.0 4036.0 3192.0 3706.0 3619.0 3975.0 3837.0 4623.0 