10
4.909619825053831 1.0089582703113176 4.887026285562125 6.472343987822724 4.124581712186889 9.169547134216453 8.82282753867986 7.744478011896554 9.783565955505114 0.6649748622408092 
1.7348170251361483 5.730871654169844 4.420822876216231 4.36787145061442 6.302780745940092 9.451411703617572 9.12325100881653 5.765155632379793 2.1884251800010714 4.488517531677264 
7.464901383067138 9.289616324894737 1.5748437492526923 2.5433811066738645 4.765131364374071 8.174620667812661 3.8383798377745313 8.824325821259706 9.93877909773315 2.0422145172798354 
9.712076447024598 4.513681536143074 1.5914936300743854 7.83527343148397 7.340918007594393 0.866213859793209 2.210626842342809 5.417248154131369 7.482592705555221 6.1112898625328125 
4.311852332497555 5.188448194465709 2.7735079904585866 6.26260122376447 0.22394823873757574 1.4056858933874072 6.458318988601511 6.183402958315183 2.8289413897778704 1.5425048664795205 
9.272235241832444 7.811874624056876 8.02207967950693 8.990099352054353 9.268895315055381 8.320343561910498 0.915862987670073 3.6744296344215455 8.302607986087754 2.1637526361224415 
6.884628800005923 2.7529174476451415 0.6022785796390273 7.466899782664279 5.430955877433705 1.454510733738128 3.415351204473287 9.006611366809592 9.552412967063601 2.339784793288749 
7.053615759357199 7.164154523836501 5.796946194492403 9.78314485667362 1.8387461816752493 4.654836070671483 0.517463658680436 5.317084512036091 2.42394279378108 0.5858726117690649 
5.970943189019798 8.628841510581767 5.759081922987381 4.450258997460923 5.854653556557411 8.462689151395736 7.570276587396979 1.033504962988534 3.631841849821793 7.4564856731992855 
3.640778532875615 0.891745428898556 8.5715149824697 5.029000734176789 6.408661957064781 0.05387482069530436 3.8116951851958722 2.8349219602538147 4.4377462592537995 6.906994519413876 

341.53564162777246 306.71789277352445 321.1499930229525 284.0254934369767 193.174511901403 313.35663510850134 285.2766563567173 188.8612231183792 306.86771985622676 241.9922794901093 