15
7.952808064949549 8.01734399920138 2.1717331497097527 3.8436050198671747 6.697618961701104 0.5129220679151325 0.047542454923779065 6.180611012987056 3.8764019773790404 2.0027743895047676 0.5223567451816324 1.1043531750736668 1.8307915900136895 5.752598779967643 3.859888893897624 
4.952517058494365 9.577032625846368 8.548364320044845 8.624913706759461 8.012913377700032 3.429109649121711 8.209329568811743 5.751111172514668 2.2007611642606606 8.83449975533727 2.748028015940349 1.77578836281155 8.47024943403213 4.060065686841675 0.1472501744455923 
6.37606524077435 7.622790459483642 6.062862605784308 0.9369501668931124 1.6946205174671236 0.2935208386043453 6.390405435149214 9.279382457133654 6.109110037082711 9.329246357971439 0.27720207843463407 2.1086795083775156 3.0778904854658062 0.5151648006281473 5.239131897870418 
0.021458919570255253 6.485691048316104 5.664348078224657 6.414506085367328 8.077948924468 7.516392876512441 5.453096039444168 4.660416205940983 9.44850543752972 4.4960966741264095 8.066925232891558 9.985245670091947 9.928286982683874 6.378165273518914 3.716087443297936 
7.282976811820966 6.7432460104216485 2.58295124881585 4.386161184912667 3.5322004347045057 0.7834810801119818 6.758434261077241 2.808393679911163 5.632492804231014 7.425390549202236 9.694003097932795 4.566113673295709 5.873097955806065 7.441955397552941 7.098139807644924 
2.497681076666188 7.663610903141095 6.150869289542808 1.2417752827127604 3.1130686688901124 7.603630269514358 5.913128087782427 1.5726008303159145 0.6103250393115744 1.2281097555092146 4.370076114305148 8.321638676114707 5.259796868828415 8.83740651983817 8.394805604761007 
4.851886596442649 9.418138401512262 4.70578489149727 1.634182808602881 9.039870329711059 6.240769907590893 7.659408948564198 1.7306828467149482 1.3344522461283415 3.2805921976697237 3.52461311878412 1.8385873510623418 7.303258637826671 5.592402042576258 0.26951094839712364 
9.887005753322772 5.455605995581438 0.7065942629922606 4.796766494731363 8.192558637091242 6.92182131292326 0.8923792350121396 6.292621451776169 5.487463018273253 2.1723660818339896 6.499882757398337 4.797028321028427 3.2041397691930715 1.3761928357471132 7.852135647141121 
5.23201802789335 7.945366463156055 9.226272103089423 2.1521035190059945 6.510182567171114 2.469372831676182 2.1012505979862217 6.176544766428288 2.542430650656735 8.232185914386811 5.285713807090446 5.147628716320226 6.973932967196351 3.5549064652316478 0.6375372205185703 
3.104882421011228 6.299439031664557 2.8214970115407887 0.5693383309881261 0.3441810110056298 6.643919396231169 3.763051766432044 2.5020419320041842 9.0471283755978 7.941745704450897 1.8474072672563002 9.052099168620224 9.093327182361309 5.507389484912187 3.0683447728871927 
3.129908698198094 2.229666379735813 3.0628885736326583 9.016524096994184 3.8555092842901884 4.264901923612458 3.1720906195420495 1.0146824747193317 8.738624971534302 1.7644471969915743 0.7289529545501849 3.3125211236120444 9.923660531367792 1.8394238984904732 2.6569436388003522 
8.862089644518283 7.466262253130788 1.055674561467248 2.2988480836299297 5.03237444716079 0.5865724653550541 2.2325684190004926 0.11106285333485566 0.7721852890842229 8.635324199410775 5.958079856792679 3.223709540671843 1.193322577158944 7.112433380290703 7.015758311307577 
5.187681538382149 0.3214053445663756 0.49376951668260616 4.600844495446143 3.80198965756347 7.849618812025851 2.850293454387147 9.196935020960463 9.299547749261007 1.1310479596136347 9.284769324681138 8.291234526941 7.366799217268554 9.358134456795016 6.06477737862739 
7.725572939994386 1.482352664625609 2.9032025329996025 4.996761985582071 5.41201159363329 6.882062890121171 7.131878311027437 8.06437329947781 9.385999379660952 4.092753699618679 6.65162385844905 1.6453691773114765 2.726677982658925 3.4240505936861245 2.9204937237725948 
5.7248650769151865 3.743083245832366 3.06755377424784 5.416617087982446 2.438733897981905 1.0066223514471229 2.5248461056295013 4.156794102642811 0.009468637731656626 9.304353425217665 9.970601735840077 9.25299136473268 2.6778454468760837 4.394228718196099 6.854318915656239 

368.3689590838398 577.2172826780757 475.1998528314183 829.2470109329637 711.5845302325915 640.1320990245173 477.37598564113705 560.0628434082863 544.0092523509308 645.5178842373148 466.70756442999334 499.204756962715 799.7379934010157 567.682255619054 626.229084464167 