20
1.408403314749237 4.5872329433108225 1.5626112060369823 5.553974501333717 5.780150146230626 5.743410057152804 5.416006726589988 6.217156995174127 0.4735588118271328 1.1512738769250985 6.083098113820507 7.060003012536388 0.08337584559624078 0.020833194271490107 0.05981210913652335 8.341528184374598 4.160144438839365 0.5383952367540534 2.2992816233330258 3.9907074129857714 
0.25537316084734085 7.114874952024865 9.8302148368638 6.435927949895564 1.2870109819031794 1.2516671513305455 6.1813212448778 9.571199590733887 7.3671353507795 4.205539717298819 0.1960787388550389 1.9907786050534493 2.9466519363698254 9.487520052422152 2.4412793086258078 7.633619762290412 1.1571926867286075 5.896764888210187 7.344417157411243 3.8013434827566863 
8.56829173133823 7.268916996968279 9.439135890486064 7.148166806667708 5.228307562186919 3.4094686991544068 7.654583877466487 6.688514075036315 6.82045307186841 7.786168657062358 2.4536716816224056 9.127786566071482 8.040679587403488 1.4705220119195939 6.8068644175864055 5.894039515264621 8.89206383892552 9.54695235398918 3.4822830880098463 3.133078939766797 
8.490719861027594 5.749205094974515 7.939529528877804 5.626753362259356 4.191167004570512 3.43709625155714 8.233789562339771 3.103987764145976 7.364460651652452 6.192711791395342 0.7684120403322381 2.736365944757424 1.0002940769341517 9.293695374647669 3.4782963370800033 4.744836317184888 8.454660947916564 4.112264109195445 6.083071206611486 8.991383111414269 
7.127568289205185 1.0921158743558046 0.41817561573704864 9.18926774644834 5.630671055281926 3.3714011991450676 2.5336068143848434 7.937711225656735 8.092596631559058 2.348456664335848 2.244228869585908 0.17165705862719483 4.65011692166388 8.528001208990943 5.122184595522964 4.8145151365043 2.886212991450301 5.839024775220194 6.541090838223162 4.431555832413094 
1.0014711698279288 5.281602437854296 7.3133358738104075 0.5038891882039231 9.843140218374257 4.238392285126581 5.705941979028056 7.577728916618602 7.5665675699205615 1.077585185443728 1.1770956011848444 2.9909034549391924 7.6666252573884215 0.7775930357670602 1.0445857170563588 0.1383513534002223 8.392125557520425 6.219775429949211 2.4790376123457527 2.310589510289973 
9.144117626190678 1.5240242354590272 8.708959103096836 1.0239239689282276 7.359346671477467 8.343034634980114 0.1312735634205331 7.4584260550581 7.593048732805943 3.384614958347764 8.140134498013843 8.1294699854021 3.040643332944497 5.597396446884453 1.9184756501295819 6.240889234675934 8.575776869754698 4.4338226923331305 6.180878581425901 8.30257817480708 
3.5325645965836125 6.395314955341331 0.9129862183769755 1.5426278953075556 1.9227596285858506 5.6680227017246345 2.5218293575817743 1.4038523006074066 7.553981754043536 6.07358565109278 9.493076225353462 9.986827790295512 1.6030159629441632 5.78785098458852 4.645352017560099 5.6863303561150005 0.5985928327548651 3.3215002519340864 0.3784172287003451 1.4653269977196715 
3.4809418047231255 3.110062983107882 2.931140067601138 4.220436251455586 7.43081326598182 1.726801075682991 6.596825956094493 0.5150444000527332 3.4985394498167057 1.2104732227620085 9.087622210167675 4.591025744237484 4.71411125563688 4.290995162671355 4.79634680335535 3.017283561184736 1.322125139561492 7.3995349839078965 3.573234607515289 6.593090383432165 
0.060852943128467674 1.265591218776475 8.81673362311415 4.196477204562402 6.992577066039449 5.632124511017903 0.17162713550186504 5.152680591019508 6.292718368439724 4.1608214441808 2.9343935444429867 6.394929635826637 0.6181851725947485 7.953092364929367 8.384861245759824 8.199611129366245 2.2007507250053013 1.278412734487524 6.6948542599897785 7.600125964478533 
7.649166542356802 1.0801430705988602 6.808663201083541 1.7185107494427942 3.5941033923570744 2.6199661156311715 5.746820277731573 4.201163754323649 4.772907522605568 7.2256069323156416 3.153796188114104 6.704780981480463 0.9265441993676993 4.522510314820957 5.5918757740961444 3.9508764787655704 3.968997197335107 0.7586655413959864 9.07761261348229 5.2520216163433115 
2.2897813255570796 6.872790936659243 7.663902004255911 7.610205975320422 4.763111940241146 4.809594624795549 0.48985046002092747 5.497491191977941 3.062674540121618 8.251857048853537 9.652267129861563 0.2513882835343595 7.21881677807573 4.417584791085943 6.496733295574008 7.652160852779311 6.005389853157811 6.861507317216638 4.482855004409096 5.696517138727279 
0.7063414339495455 5.323704492784973 2.6474413127865692 5.841925202370124 8.08756612161745 7.5841608471346085 4.870990702001833 0.06804376879768759 5.987400580321123 0.010568667213115557 6.6470102356879135 2.986534105567319 2.8395499708324423 8.027710922389474 2.86033074531147 2.9277794271803845 0.6551120734341687 5.090270147802509 7.199725396946369 8.442805558260302 
9.515766903594276 8.906929555231178 6.261775594982283 6.980960575790563 0.4680835185060894 6.642144386082629 9.147070578322973 0.638682910422238 2.8592874163177227 6.61297947396371 6.4064701956141645 9.821939947296338 1.6177257803063583 2.60192286263535 0.5642948203829645 9.424701850891243 9.756652343489327 8.32260138743418 4.126953791353126 3.6980664552913645 
1.4678541771788078 3.8038419274474853 9.979660593788575 5.369423957137668 1.572018857633466 2.4985344192884416 3.3805217514868877 1.7683160641224538 7.80564647846515 7.777268333912164 4.380434675586841 5.725404379322706 3.4496911224791296 0.13273628478333133 4.42886039555678 1.8332362144148195 9.143011365332226 1.8994027679833148 1.1696848992985065 9.292253516602557 
4.374097548100831 4.583963114675891 0.988021358179656 1.0127649474743783 1.1074380395822414 5.005625840484255 9.73794479277403 4.903356455187259 4.276274398885867 0.3612709541254644 8.262793130329806 7.348491422429086 6.46138369518649 9.059048663638533 0.8138090491052896 0.7628115907303623 6.975924334118064 3.705005174122574 1.2795356467223074 6.8069139773997165 
8.789264396221238 4.980828680027923 4.257522664122914 4.359151683017916 0.24810583223412785 0.31683483149144154 5.431538312762603 6.660263546149162 2.391110918823683 9.24281562176051 8.461624078064597 5.1824098831200205 6.803620066885977 8.09040022663682 3.650966521139903 8.721453573389649 3.421952195120163 0.3240883425596164 7.0227086567172154 4.97109286338633 
2.472156624788994 5.194130471564598 7.121455635918874 8.409717013133783 9.81598843828522 6.632947326050674 0.8483723280774702 2.715623068908124 0.37726008863543825 6.357798795806192 8.945418611794306 8.123494608006865 0.03461740624757126 9.995921005253571 6.363395823875171 4.144813934461852 2.3921805886864647 2.714374414432952 2.680127492961918 5.897137790621202 
3.1773744675912194 1.3153543473421037 2.97923880424129 7.921940160062604 1.6656713148974944 3.04873518401771 0.15663086145066285 2.81798556205246 5.494852385859401 7.497135976032894 5.490898726929416 3.276963536381119 2.506793187463927 6.804802776456141 5.4955717262006445 5.180382190291684 0.8426584310715646 1.2501323601712078 9.565202025739213 6.301481107018563 
6.4177928813916125 1.7026634789179673 4.733967252179748 9.853193817114324 5.115476597306177 7.8588866074747425 0.9845883455091853 4.632952210084982 5.564112391322307 1.3172368713813132 2.977013107189548 3.8373899966760017 7.200293056700246 5.531146592206712 1.8104490653338512 2.754773942790475 7.470597598817222 0.47005496847961403 3.488973453124573 1.490249669886723 

695.5572505490454 1009.1829083915047 1282.8332682921762 1144.2211508383311 1000.794893852048 814.8140087789244 1234.7432591979768 819.7159245196913 928.8371230996055 1080.2421154020476 956.0946011463053 1189.103867839561 973.6598658418908 1150.3292424441913 926.2253372441661 965.659412874187 1105.4999673947732 1007.8116066157971 958.6143857720867 795.9990586820383 