25
1.4878495739802822 8.42178524565152 9.130087041354514 2.6387606229195173 7.232962463706989 8.785713704585344 5.637222116050328 5.392758119413851 9.481388450799436 3.934675130461147 4.551352467785216 6.956595226275558 6.033577717321431 5.264559870400619 1.103493950207366 9.336751801662373 0.5417467949555621 8.404078265100381 5.1090270774353295 4.5868118757391905 7.250640306678468 9.223176944600844 0.276412451847462 4.408378867181495 4.307869420712023 
7.757117268266741 8.747009568733551 0.6438732632077016 3.949791796893265 5.454229576040225 3.2393521164685546 1.6444351715724659 9.83179690869729 2.258885436751965 0.040371723799971226 5.75590558183218 4.0472436945204935 3.957232320733659 2.267702861953178 7.238138596457729 8.967194331809026 6.9417635402544295 4.321344884599326 1.817652838163224 1.9334745463295733 7.09180276165286 5.249593297543546 8.770903494243038 4.050482912545764 1.8205011701267926 
0.8732981305892384 3.9452137921736763 7.8465622151495555 9.504963348952549 1.9441412787450774 3.4466805349242247 2.4136364674074153 8.494628264899873 8.35677430690168 0.8591233202636328 8.784209407255199 8.684053057240014 7.491289496667001 1.8054211609670656 2.7677049782934873 2.239758151339928 8.131643085803095 8.42234092767551 7.243531440866359 6.486811781893583 0.08729104011897415 2.892229916855152 0.9961290091853958 1.189344222107439 3.6394332616636915 
3.559709173999883 6.577662914621904 4.500200433688455 2.2399072238264974 9.358770192327738 5.396905594408242 6.708453600431366 6.5099115833141985 8.285444663694086 4.258248912838997 8.579518834171552 7.517379417334387 3.4734801638973414 3.912671030391952 1.5611204344076157 2.55596428905031 6.0652225026491315 6.832882845342851 0.41938384950320984 7.20523798752499 7.517168124453562 8.387758142489108 4.9728385205511465 3.320847679587624 5.239420225488209 
2.8665524608584123 6.508130088724805 3.785010014814584 4.540543165979042 3.3912972585654835 6.189761785169189 1.341870674255674 6.734078592859445 2.656157398347788 7.317196721757187 0.6488904605765433 7.9602492875969215 9.645416747287065 0.6361679273424292 9.79456771361258 5.786147126051321 6.007161230895229 2.077061625501948 9.964435987163165 0.9699615016789254 4.59760989412798 5.271752485482905 9.681430541704387 9.909573491826988 1.8614381627737697 
6.9912855937865315 3.103346331592123 9.243108210437367 5.176329709970171 2.2503154112838386 0.22925581554031682 7.828798718847186 6.065380240021802 7.240230278216804 0.548396234065538 2.9037831195959294 0.2688722613373362 2.481400185966983 0.6591740202699281 6.6062247346527965 6.067324564611432 5.626010435009727 0.6925769364290058 6.242405522638691 2.9606148109997688 3.1964500213342637 3.993422523592096 6.690212106757429 3.833365105938192 3.210244964433606 
9.444514945604304 6.152698108190959 5.074666005231324 6.121043639220918 6.062922212911532 7.110173806268793 0.7706107603823031 9.796167839469199 5.054224469399919 2.766536430165556 9.050997302181594 5.354772862176941 5.379725391650122 5.545324293199582 0.9469516449678916 4.606661547674024 5.073262784355058 8.263239416745567 4.704110418952922 6.560322944352071 2.0383904294211073 0.4936516045317696 1.396396840492271 0.009776750566347081 4.86334442148063 
2.3298612418190787 0.8983108114091942 1.5633209301492157 6.310352705118528 5.267667348352486 0.7990466877387525 3.643298921866033 9.567481119872872 5.249044025664737 4.6796435289279685 4.964512150057654 0.09535098841443546 6.0435062339330905 0.3247599464187012 6.789926190449399 3.957709767056632 2.0909998096364846 2.903559446466125 1.8658293216670607 6.893968889444117 8.689928029412862 2.9295816771710936 9.354619521884276 7.073467601935946 3.9861782169082725 
3.897367545598339 8.311914141756283 8.465361921560142 1.6037933534414928 9.893989995596941 4.295687154722429 1.0646804009818167 4.955186828416807 9.196543854601758 8.548657700103034 8.834222877895526 4.278569098168235 5.892028676243914 6.86117001335099 6.153625978272869 5.2725243368475745 7.893953687821678 5.700317887274927 8.811056141122616 3.832429600019678 6.380385767175289 6.482083829598172 6.129631939990446 4.840690006029385 8.641049822270361 
4.966779456495749 6.689818619036997 4.222514198531375 3.5964794560915014 1.6740868555632693 1.2906768040121863 2.55123106320456 6.840113757012421 0.9425185626318755 3.2869923374175847 5.371906480111449 9.954616787562262 0.7991309115229828 8.245948731339821 0.1092917750574196 7.066597254365094 3.158832893538598 1.9861489904954033 1.935893090286569 0.12928595079687244 4.038662192692496 8.49343239561559 1.2982251644159826 3.2606300418681 6.450901079456371 
6.952071405976418 3.9340697209884032 5.614643937714594 4.429930994303623 0.18657950406171464 0.16083208708497 1.7267543758243165 5.251234656365154 5.1784915543986445 3.974851932913536 8.049264090538818 8.316974320086883 0.00413178246374879 4.0737866140682835 4.48095033370921 3.4110833632604223 0.5335117734024719 8.298958494020747 0.0952046681246288 8.067835078473967 4.537153949189051 0.19181504634225188 2.984012759767629 3.6513563787067307 0.46676607997958586 
1.3684242236464006 5.16046019352869 2.409578031811359 3.107341095018633 6.238185495781062 4.800344550659811 3.244624821486628 8.542390103924564 6.227709203737977 9.753861256885203 2.2326662774073904 6.4306643267771255 9.118076625994373 8.221225640853266 5.02976312881176 8.461856292037147 5.363464997470957 4.761479693219504 2.2162605863718343 8.040414099650121 7.331381667114636 2.3916239392443064 5.360796648570737 7.740742692781808 9.289520042883364 
4.4336093541171735 1.1260051555529416 7.883707107830402 5.661515925765133 2.979607800223306 3.091514921725743 1.7034923434816573 2.583647618507955 4.371377083200275 6.135858149723266 0.005516232888124195 3.1167868099726546 5.927423225929439 6.197414042524766 0.9602303031546311 9.602679070177023 2.3020518046485994 9.025537518359164 8.734288450930963 7.600889300343617 4.323299182705046 5.136530627379456 8.029697513737343 4.602522790253385 7.932111326606519 
4.605134280183421 0.2832114645480188 3.2890901340984877 5.933043557943144 4.550730854581295 1.2723654780665061 3.4896546932005093 0.66713216101014 4.218465771472629 9.18119194894671 9.186664601858777 1.4304900856001979 7.409013901956437 6.7977954822174915 6.930639710169956 6.487560695076644 9.676723062955558 1.4476104251074118 9.846144231892488 5.865861225259234 8.19439734245122 1.5103015076925164 7.046248332885488 7.769432878635656 5.473981688542846 
8.924909018348316 1.7199418694154822 8.411108887637369 4.235941664080357 2.9569822746915806 2.416730933251693 2.3391014330967828 9.63613294545232 1.6830830010839448 1.1249156294043006 7.921295085696376 6.7874806546659086 4.142184616696687 8.624810089170392 0.5510345424835206 6.054801854232222 7.910130813547883 2.2954324935708437 4.351073584686523 5.954616531432611 3.972458486701842 4.0629581878468235 1.6777494281701932 3.6578131360659647 3.202531002571548 
6.501496680738956 8.56533917513645 6.071546779405073 6.496068850057437 3.2315158432030966 3.4009393288283163 0.26776615496010736 3.6698041249508497 5.708503188744269 5.583102885404497 0.6292795670156304 4.601125434813744 2.254221751442178 0.6928633221893132 1.5002842800184835 9.767225298777712 6.755180370498657 8.793657150101055 8.35680567144389 6.336392986828915 3.837708254781224 2.8770544553919466 7.553498348805466 0.270748653017987 4.526282761904525 
5.184093944863124 4.556786389799944 4.518844416136543 1.4015325668452228 0.15741167171366421 3.2403291654606803 8.30820511188179 5.096597949754472 4.117238488180326 4.297319184690353 2.7920200033788234 4.605299643373337 3.4047404626915814 9.115129087097172 3.8608378190058223 2.322829218842195 4.699058764038744 6.561346873272448 3.7992555743409904 0.9994452361185879 3.489799612299457 4.046247557639516 9.649238053604027 3.8599173938911537 9.274617563901169 
0.9552700966792738 7.635839160608585 1.0262365292035658 8.95192097384314 2.0860816112093783 9.817740653693916 5.078362050904918 3.0916248430985203 1.0783258241826255 1.2441631522025787 6.097555692063184 3.2922619559208366 8.990173298488576 3.331345747362665 1.8591072271792697 2.670656419598769 1.154296024819118 1.9159304916383935 1.9760284421029084 5.680754901395822 6.2369197520329065 6.499227073778956 5.742554114259969 7.921099119908119 5.027106951166736 
0.5654797545955037 2.1860594494306005 1.3658153454079913 2.8994532991126465 1.5388890010489187 7.408259828115953 5.54188772951851 9.121883242502589 2.9382916154513596 8.681337496354306 0.5758710266918343 8.22125905168653 0.5950361734066667 6.961889434677682 3.7460924370459034 3.4730187076396546 9.418735954930867 9.49537349060279 7.201775500872397 0.24708954275346695 7.127217373297104 2.0059798034697307 0.8484225020024339 7.420824939935181 6.60112814309546 
5.601631935281165 1.04916651637329 8.360739442846247 9.080306115231188 6.971080306818987 2.754707890084922 9.078323573576263 6.288150253150113 1.7098206681519956 9.949835013265043 0.08124387471925454 0.7518803765352033 9.683832290128816 6.892419017987405 0.16974087494363355 0.08070506874006789 8.224900441829648 0.5211649801936913 4.96906105031441 2.7705659935309845 3.6485486799160602 2.621291641532384 0.34226936057212276 0.22326229100013362 4.095375953728643 
8.862705037828892 0.9938044616909059 2.0994012853912625 7.018857070711543 0.6631144214252538 7.552659531351381 9.868760859220604 2.7774313129640915 4.978940105104295 1.2150824442765396 6.478292277084458 1.735969669177716 6.589745380862738 3.630202316665967 8.427129250084239 6.041475203829446 7.217318130730788 1.1280150379919718 0.21961392298470828 8.810141126864131 5.908418738107506 6.617664647566156 0.16148595570485091 2.847651804009732 5.510600618784412 
9.524980972716723 0.7710258829976024 8.221877416436952 0.7834021442779138 3.9917441915924154 6.696083868067056 3.0168875600328238 4.712595283610794 8.225167311351424 7.959561307515457 4.419458049401891 0.9330721424585475 3.364600676455888 6.600060546580327 7.9240306976808395 1.8163368061330742 8.523476141567103 0.33105263819844355 0.8893338215813062 3.7414640785843956 9.768030356738468 7.711055190620472 2.939648726986819 3.343774101310999 4.710355410572134 
5.498957127726315 9.775965439102913 1.1233642056985382 1.121844254564488 0.3627580935678065 8.847044917358076 1.6960310374136411 7.514115372039224 3.9166448189183667 5.027659176190518 3.1820032667742204 5.9880118855302005 2.180451984604778 1.9610581828875417 1.7532995383940253 2.8172918535644156 7.987209525698015 0.04496931335681076 1.1984151998818648 0.2121362417436734 7.608609172137197 5.175206235807385 1.5134298493597775 3.498621613596539 0.9248680149911936 
3.3082253699337816 4.991524199699603 1.5538182414884227 7.834607992921176 4.663737565733329 3.058278461049997 4.752188090482684 2.282008006540772 7.960747248524024 2.1880205753982396 3.907476789892427 9.272628531952162 9.46515202814813 2.6368788458414816 5.735304824224896 9.555948029057841 3.8243126383020485 9.441089905497922 5.21518452276098 1.2717914897272442 3.6737535881158925 1.1544948306422809 2.896695673157507 7.789471761348796 2.823436292975965 
8.137057494349339 5.673082621240231 6.212604557779654 3.4657982064253243 8.856620194573754 2.8365347102977667 1.5792004183797381 1.2950272439721733 9.62900927807549 5.332939314324008 7.655774740172797 3.6867998926129886 0.4969885636300597 5.049910807537871 6.405861713097769 5.159982447066377 7.536454388376467 2.7004080807959974 4.7074522484514425 1.226554112268533 9.778652198327265 7.405275694611689 8.700524243882942 6.433282997529331 7.150088361364933 

1728.3820020242022 1525.5821188497196 1435.3346759558979 1728.9947129003822 1804.0919513155552 1288.094760157905 1353.821062387164 1557.9639752970174 2071.4029489458644 1264.4025539423976 1148.0084751249728 2009.8671943986046 1805.8564264761476 1931.8115414069853 1408.8074358009778 1518.6587109164768 1584.4771782444618 1474.6772788683836 1649.0100391746525 1134.2951716996884 1496.6328702516007 1538.2939040378167 1058.4884432866936 1575.3318494261591 1851.184569385527 