30
8.431557096659837 3.264968058521914 4.908445968915496 4.357197248303861 9.709441320568187 6.5608536777820685 2.049153125644189 4.480722721375388 0.7292255671201398 7.307126212104729 4.119601081271002 5.1951522072397305 3.2106862732603125 5.531456673671685 8.477844605890967 9.991442236594882 1.540771113092243 5.89311511189989 0.9084447135327767 6.556658855688903 6.391536116005847 6.36237524849494 8.110611336509182 4.552050733580883 5.158772717494592 4.034099116625733 2.7762314753393316 5.431460711559598 9.902778663527718 4.1597908997029265 
5.889433071949663 7.654871610391338 3.326249601505454 8.101552226379903 5.8891048160582695 1.6772782013310739 5.990277044673502 0.8430052848645508 7.158053735478841 0.430960731642992 3.4479591204275692 8.936400156372372 0.9372534729259385 2.6696290735136783 0.2661428406203159 5.321756101023251 0.21089500808009864 8.505800005891365 9.009335613964337 8.323027746601696 6.367724172199173 8.748156189390059 6.175833114640294 8.307933847177518 9.516409354316721 2.233527913038147 3.8046356102311476 6.992218229041822 6.217454390081116 8.248529780711591 
5.012731312452874 1.1757599751087089 8.091432957783663 4.348774909630376 4.075846773451283 4.817086440811272 2.2730870802850456 3.4089799763944875 6.83177741386103 0.7844880141137756 0.003102652306841147 7.575162587460367 5.163928006316773 6.3660657248636525 2.7841302064227182 0.940528401523193 0.11370768722666957 4.677694209836664 6.474899035150699 7.22953041551143 1.773940257631993 7.4770148535022765 2.456023209598588 3.5499768113738894 0.531466968790758 3.5732162080179855 1.573377389701196 6.36095363452413 3.4556314974126465 1.016504939775259 
0.9496743669834962 1.2047182110044463 1.6703573201662725 0.5578026725722063 5.952150764553287 3.463612334432006 9.401038613807643 2.488349617315815 9.61402856404598 3.428430732803631 3.0534838253411625 8.900539148840318 9.629684973824922 5.302576252516982 9.16066798038291 8.655439720282839 8.678231596883164 6.4167183069356035 3.324060709967176 2.899110155700775 7.277470238155679 9.89156688715534 8.379818267698544 4.838948500681304 9.629950452823582 1.2617604087292633 8.936140257905253 8.672959911660245 1.9951325839732925 7.161760049394137 
1.1566064281544886 9.05896526195631 0.00641352507552595 2.0750324592568803 1.2053283783556101 4.317416372472751 6.049043983539152 7.360690819757974 3.1232613966115785 3.680623371634483 0.32473341334291583 5.297160876785116 7.071045051712277 1.332838377705512 9.550997408094084 9.720322318892492 1.8522456161993173 7.729783735656229 5.378074999583583 3.9839726417093324 1.4218995424404868 1.7428506583058756 0.5535073412373914 6.433344357263796 3.6887693043462386 5.542336195399674 4.624228992140383 3.3578064273923225 1.3357334662160725 7.815727471163141 
2.5382991681456737 9.476760466793753 8.611258238996465 9.911181494661706 8.89315638413483 6.413142551815174 5.085903164247193 3.8029893892022324 7.7745497013979135 0.32182706997041066 7.221338415426388 0.394957246172426 3.1400661800220506 0.8656179828975286 1.2653582718136536 1.6092725973927202 7.523439353286942 5.069409771318561 6.46489947121221 9.95256823522843 7.4705849071568045 1.2334864091097464 5.880080259846122 4.807536787832064 2.5655832072727422 0.04981523685750444 3.185799857233186 5.567586203654804 1.164586599262848 2.3405899807633035 
7.763445212655295 7.913671972862046 0.02789889075452301 5.426163124890374 7.113776322813589 1.026579079152189 6.9252403530451065 3.0298978907245235 5.163070075779164 0.3345669566160414 4.986474553009291 6.840362717733981 7.3881198733243885 2.515434867744606 5.079840792075655 1.3766830938037422 8.851708797726788 6.903701944624405 7.822002375560249 7.6407514906703735 9.218680693841815 0.1977392058089389 9.95898338207034 5.19039240807083 9.613757823104162 9.41832929847437 0.8043366719918232 6.73046421653676 9.78576442070127 1.4392735030352877 
3.18064702596063 4.09427675249499 0.4589332630812526 6.092302307448519 9.882741333922386 9.575589022671142 4.980483670154011 3.842690959165558 1.0657455103485058 1.9718425011068308 6.414685831702497 8.338616356667236 0.15838679773857556 2.412179967205784 1.087124747273528 8.756438652458202 5.91171283945216 1.0691861632264577 7.2489120742037825 6.795725567408873 6.015662108366115 2.191179794711041 8.00909381684804 8.421983206243892 3.3506817184503426 1.542275381612337 0.9745261131930127 1.0116939992208063 9.388862627210111 7.300324449838427 
3.140005961178911 2.423405027770386 0.5188197007924966 2.7382395756617894 8.487454834699829 9.700248736326081 2.1408151607435877 6.602086063703499 7.4814764146324215 1.6034237666019657 2.263386210190219 4.9997313588726975 2.1896172381787506 0.9827935754097405 1.0300054527197988 6.826716976454925 8.10917970954468 0.10991678302208929 5.114069065898514 3.2814210891218085 3.9484528841280175 4.530446986505089 6.242767953841946 0.8594618670773102 3.588736991902579 8.736993348210397 1.2451697569726838 6.36768843768404 0.24456038692585058 0.020167757929755448 
6.967102141313564 1.9609939228574436 1.4429961238135003 5.22468569609048 7.155191549255134 7.980572963019154 4.859008278843188 8.819029538300185 9.984678505852868 1.4601448762763691 9.272265054704096 9.681323299404056 4.290400788365037 8.567045265570192 1.951881651526206 8.310707761080259 9.757592145600821 9.957984469227883 3.629061513638897 5.792647690111821 1.3389183881715694 9.054662423233607 4.883626826401901 0.7782397921636253 0.986433864534566 4.5823158195646085 3.24894270844877 0.9817345692056989 0.4219073231694881 0.36466935825126834 
8.63075515062002 1.2571237976022032 7.11623470315919 7.331649178912214 5.738976221414804 1.1837841768172186 1.9084161689758283 4.971609611666853 6.147471671757535 1.272815458346911 0.7668491052237159 2.047714968817468 9.325414371587334 8.399840334713225 5.080443242767769 9.298506803567806 1.5247876272305372 7.876687358560831 4.564340769367149 0.05557955274616222 3.7621364372353416 1.6935057630804107 4.374782505467534 8.236679584703083 5.298680937017853 9.894513080097276 3.3499294604004817 7.01042619561856 7.001418996849187 4.794709836858926 
3.428214808918911 5.579254561447545 9.758867584448966 5.801537327930104 1.2430664799150004 5.9900623587183635 6.728597813616423 5.974597501113642 1.65260572436707 6.657435454849039 4.609745614968929 0.13819523671584455 9.535195804324104 4.372219879482229 8.362185172578144 8.355596330267177 0.5664728649339767 1.9685958814554794 5.8350751591735275 7.880546132082674 3.8907686645347583 4.535703596070366 3.6210015505314552 1.3207276939684642 9.609586397092707 3.0852543891869955 3.117953751335741 8.679477967785868 1.8320704380009667 0.9244596600909982 
6.259888880646791 6.186225198402847 3.6671636421762055 4.633996528247221 3.667655937652251 5.382751512120871 3.9844233805244444 8.513617085722498 4.075563323290169 1.8015180956730337 7.030220941383107 8.633405943100094 2.8048924966233093 3.753942814413586 5.058328315385778 0.21657266101886896 8.78417353842043 8.24064797095749 1.0186456969729774 9.98006576373336 4.157056403149545 2.8023478840784177 3.04510709353778 3.2721756753688114 7.872124680731529 9.249177666674315 4.99354915541036 4.371694293891888 4.815016595706123 7.637911316813342 
7.602608271892015 7.151080130202453 5.021732250264776 6.610655463444971 2.985466644946071 2.4564778391239193 3.3030218353004157 9.2652427259167 1.1075398350869947 8.02032304758437 8.213266690213336 2.0966981709516377 0.6649621826106833 6.49766087252728 0.7132774292071431 8.230780999661482 8.350988502042583 7.305192445967622 7.1049527901380936 5.1647547328723125 9.882204237614395 8.342457796648965 7.856757182692965 1.5371729994265981 3.353691752369079 4.38744978172935 3.792485754892679 7.067612583377073 0.5020745580172659 9.984350299221237 
3.7818138732650963 4.738923962806102 4.277622784487801 5.978965284862037 3.54962568779675 4.5387100730031635 1.7613690245543667 0.5078280791825296 3.512149791092085 3.6333865989248757 9.910450740735499 7.209831657993217 4.651433614954039 8.71731623281686 7.874658920484945 5.704640293427566 5.355708628474552 2.461148747884944 3.6994408071519977 1.9700189629503206 8.881713257945863 7.4776429083132925 5.1153691226585725 9.15061825744981 0.6360558499494895 8.029883536832916 3.8113539155201837 2.543629831049914 6.826217136942447 1.8259488183286798 
0.0986413791499463 6.0321313113968 1.1978035359936723 1.6757240652410654 0.19491072986353664 1.0748210250776635 4.553183223119493 9.529698558759337 1.4925391041494929 3.5112382473466774 2.5376480985085017 3.4762230501196747 2.122380911569026 7.9044530968415225 0.7827631811139657 1.6428419923206217 9.88416192996727 3.918600605168966 2.9125794687550535 5.62896520070021 2.1868627178696034 4.316528878352224 6.146903130494305 0.09127175422796285 3.0272290545405403 9.563212707691527 1.2768260581022772 4.409889102522476 5.231810128058 9.733484860193569 
8.641244001949296 6.982526326689866 6.197694781425069 0.4480194364025447 9.399098041064883 2.6253834747388605 3.18937754405507 5.8993980577817515 1.8705975742934489 8.803796635612485 9.88395849441023 8.680478034019746 6.011689908232574 6.972222254666861 9.304136652001173 3.0901701093962117 5.189566832615018 1.1723028028417681 9.538232985278599 5.867129794255116 3.3430067012122966 7.219396891397856 7.718735267976426 5.889750834152235 7.3398690433445175 2.302099081848591 4.6156312161817254 2.2812426189730917 8.885075547737456 6.625911867115243 
6.898053872105389 8.57146589952421 7.685925194680859 5.851375472828026 6.6275356586702046 9.092587099320824 7.747604748397354 5.508604286621537 7.868427940518505 2.62350762284014 1.6502796370767825 6.314310990380115 8.43581304756455 7.448409410708487 3.4501532997395334 2.3740504989894653 0.7484960262567875 1.457654822954988 9.450411113529144 2.621548197330388 9.514435785978556 0.6946628586543635 7.503973179704074 9.52862215645858 5.548234322517255 9.840281715098918 9.738496704695725 8.113347181607146 4.405072765175857 8.526560247785579 
0.6350878016831563 2.5807531098705327 5.712745184412067 8.08472005147453 2.245693678380233 7.549482405751858 4.093212698216494 4.357511220689215 1.000166653484984 5.749483047537389 5.387356542842712 3.5440359162094204 6.032500246866517 4.319945448857085 2.5313835506380866 9.695503982189845 7.2467619861869546 7.393335477040015 3.880599016109959 4.44328396162784 2.446756421847568 3.520517145014075 3.036026175239419 1.81599756740498 6.769467494651369 2.673597372461246 3.3016205585873646 3.5903016120349207 4.390852005400616 9.057268040245123 
1.7845904280767977 3.5203850377299615 2.0135622469853476 2.766058310068278 7.8486020993177705 2.004107437587522 5.999698212888095 5.444053875752491 8.13941239428165 6.269089665284443 0.17770300846793874 2.5352770855012476 5.724737660645072 4.999961083544555 9.331029742718393 7.457066584080911 4.024936008920699 0.47835754471004854 4.167226503592508 1.085431921848904 7.158339056979438 5.770154396394686 7.169598482711925 3.3105016200667867 7.084843289442667 9.269810555496512 5.149624538229983 2.101822485185758 4.503630079418568 3.999590461602014 
3.5468206761174583 9.517409042211092 4.845652367113481 4.461818568871685 9.563755090183005 3.397083169712869 2.898790936875412 9.55521594763669 6.077441940773854 8.099784621494887 9.613348949594243 6.091756089031467 5.934349831444919 7.576170430152837 2.457817188882699 3.788368015885232 6.714779803793808 9.311969063826735 6.329612711743968 9.258206469575953 9.343383798136877 8.234187125314039 5.472753121160832 3.4890991794507418 0.026108815817016406 5.541413932820905 8.114199999970364 4.572172263911119 3.9098667028615166 8.60110657596884 
4.6028656617646355 5.031542190001646 0.5897497698544618 4.550878559299542 6.720047401948719 1.0063601403945943 6.129619891812962 2.047458332385399 0.5273169262503707 8.749377367103694 3.615424885021622 2.726120771048639 7.627656151421876 2.431596760316438 4.426600900073176 6.365038727186766 0.037901862207541104 6.080464374688015 5.3894429388738825 1.4931417804132674 2.0053219944071223 1.6294423358599341 2.767339085893777 6.236707091289844 8.048412285346537 4.519702721735131 2.646275687101313 2.5690514160231848 0.2617733922494492 8.070062959999118 
8.690044073875974 0.8093334653127271 9.497186550423491 7.919181874240634 2.468087542639321 0.21061217358908646 4.417776801888326 8.244423284577437 8.599948029156064 5.783956076499751 9.619414568349464 2.1746826478392087 6.813783354725239 1.1245270054619705 9.02327704967803 9.83986503436676 5.682447441316915 1.937215084105065 3.565751675818236 8.837595760041724 8.279133950277359 5.203532825668738 2.8466304215416205 3.548128984543495 8.285605514638684 4.488121533836276 8.843812484410185 1.6913166037588412 6.189544352632289 2.752362787471334 
6.0624952820489355 8.79488805004937 9.123574957450476 0.22422720473513236 6.559100227163271 3.8311799603975114 4.627025308592604 6.367637447517436 0.1649443272037998 2.1798505298839177 8.152509494259432 1.8012552576722674 9.931939078784097 5.28699781202314 6.492931623210376 8.135751971449292 0.33235560943282505 9.916497504011783 4.470520540657631 1.1302562512458814 1.0669684692629722 3.727262257240227 0.2080299449153089 5.312815695242628 2.470651580461599 8.060516778693126 5.093245055003354 6.266350104813629 9.4517651534324 3.2840751256623637 
8.15145763776789 0.15071231472932545 9.66144381211128 6.815994323182216 0.9565871908589618 8.713118201918578 8.161151385680656 9.037869201350814 8.440136352021812 2.0333397742905666 5.241646754742736 7.708429095375344 2.998193878223252 0.5567073314255799 6.243755930935368 7.200979446342903 4.150201408235366 2.587093433308436 2.241125718467628 4.913629591649961 3.6692294162321923 3.343707349948933 8.267388272785526 3.5391326364223397 6.582011276668396 6.9296544870890555 1.4049383390342696 4.531558689028429 1.728009279871655 3.1168671686141316 
4.499788205002639 5.069911043537837 1.6702968515941374 6.7211478913975125 2.526732105804439 8.094184891390844 0.667057552823811 8.522708191019733 7.701314222067561 2.577259098562835 1.1410181550238008 3.18172871257963 6.319864738815378 9.09640692039938 3.6251499026243508 1.4051015190756944 5.006132522434647 3.9810905314478395 2.5164837736307257 0.7396642071488546 6.552803659349654 3.8391114764921297 0.1359040515605936 1.7988684261132304 5.8684705616803825 1.1010614206852665 4.570301780958996 4.473970031272692 4.67537201155938 0.3734265657547431 
2.56447973399345 1.7374685512973942 9.550495702669483 4.853571343004113 7.333722142569158 7.015663935229238 1.6624012793635512 1.8352350609052082 2.5839535953061854 4.788836432324538 8.128381782298513 6.421052914313723 8.254931831119489 3.0717021232965758 4.301353709334062 2.9590079864736554 0.5429273723784522 0.7334310539532463 3.4931277927344717 4.432615563598459 8.612868236970952 2.235657983361113 5.6504771914924 1.0600222709183427 3.075934885294357 7.298559252868334 9.32269008109813 0.6951037562767481 6.787110685703945 3.2492045669115055 
1.8940543931222087 5.2740256595093395 6.808209532944282 3.363036091804589 1.5019896578063552 9.513632155965032 7.485413338454987 5.3784689428603105 0.32130917004879245 0.3434083898204654 8.506374171444747 0.5462447570633489 2.9673575821450813 8.140661293921372 8.53044353329241 5.0693139199013775 5.65553406214752 3.7389482724687237 4.52661678166956 2.59565827278477 1.4519838150833275 8.392676607638275 9.30728489473147 8.545614143257994 4.459997203666375 7.40618825740114 4.911913134264298 4.486885362591436 1.1089266219412242 1.9735309160865777 
7.473271132253114 3.5145886915465487 9.847196999978825 7.925511116711474 9.989861721082505 5.650304167576477 1.4882491815211396 4.543515204736737 3.0317105254790313 5.643250548593983 1.218022230799981 1.3749712928622049 9.822688659642784 4.238343990583488 9.844845625215497 6.073220097539382 1.371064707187274 7.970037236602177 6.25738168465128 1.6849508529742474 9.360990149225131 1.8474804893849328 5.253515786625576 7.521249089195312 9.371144051501068 3.915684252096243 4.912867764635007 3.773696096286904 4.6527729419205235 0.6090036691424872 
5.507855877093904 6.374846287425841 1.1778827568944117 7.057405814567276 7.583013029403279 5.2528030220492115 7.959352882165728 7.062624320273399 0.27952339910901514 6.0925032403466 2.7482545157368254 3.330440769450449 2.2417047799350676 2.9917099185787475 2.129679354152081 9.726978624635352 6.514441203305235 6.98760454391759 6.766892530573062 3.8210321041567097 7.725319114697452 3.330261927987763 7.08464263590221 9.781095607578441 4.542502651800754 8.592176730066827 2.035977376563358 8.814897844293156 2.909137254124734 7.228409498097205 

2502.2395457145544 2688.560161235029 1669.4991149556631 2977.249269020716 2018.4024374108728 1877.9803800362845 2726.1617418735977 2225.8143903782066 1710.0214109428234 2055.3746674244417 2409.068874091627 2120.770918125222 2476.217486111519 2570.7070216547418 2351.6375827397887 2049.3902354455026 2701.891151351842 2906.6809520395113 2164.190918271358 2300.9331224782213 2852.5586108987964 1845.1713666476587 2532.197910916762 2241.636594827894 2090.1263114066624 1671.3036835433745 2054.025910413275 2263.734705465819 2337.3769402076587 2638.578426044667 