35
3.7629295407118257 6.77088812735224 5.877340185893426 6.0398008010126265 3.939951329379454 6.2652585850407 3.999607121613505 4.14210252130046 3.3799912737905213 3.754732153922329 6.182719186351756 5.506755369073442 5.086627649870921 0.3444821815389032 4.669011417345377 0.914444530588957 2.3516813597122965 8.802193166039157 9.382121286965656 6.250445328566493 7.7262515821518924 8.243410182694365 6.259105693676111 4.471166144798284 5.734131368305848 2.259967473351636 1.388078359042203 9.284187563938255 2.0500777566266484 5.882426904791561 7.780288189943495 9.609484442966922 4.5314223691011595 1.699095131739965 4.4278194648658005 
5.22740929128029 6.970029173760191 5.698333717665728 7.932866053019806 5.669407236348819 4.722618575363723 8.95751143909622 5.4417944564995855 6.370322714263872 2.480994487991055 2.1710927925780146 3.8769761996883014 8.376546310268733 8.359722821466464 6.191997479523303 4.53163584739523 0.4921441831281004 5.207332567388572 3.254500276849245 3.977728352896036 5.645502851192483 9.588117726927491 0.3535921583266499 1.9341215156008884 6.471910436389857 1.2351414209808664 8.374852175817045 4.252128880491463 8.63288592745138 0.9410540535088918 8.00052939951891 4.497700834609927 4.230964062718019 2.831856371536501 6.161668644119747 
0.7443494667262351 1.8290264194291328 7.759750779256958 4.862761383590092 5.1381470141575765 4.046164562436382 8.154742090812402 7.574533186843465 2.5559036409722244 8.477451961516241 1.0906662352106788 7.0721323168272505 1.249897576455924 2.7728893229880924 5.54983525391817 2.5901140371577025 2.7572924372183536 0.1111810448092676 1.9115069893272618 3.4722626413607474 0.5496468677614563 7.016888561924053 6.5429066766403405 1.1134295008880868 6.907683028362113 1.4949019173657851 2.0375318116947563 0.9222092948082117 5.328750221085583 5.794053410847474 4.124001704033456 1.277416264507144 1.4091806402848905 4.762097634742047 9.55971762909796 
7.007961109129407 8.591005532587516 7.717163205533816 5.4271207850815495 0.7948699820781036 6.422259601382753 9.036180140909376 9.166348602803795 7.075835330092143 8.05237298504701 0.24867197522215667 0.4066066758349285 9.526812294755258 0.5689121189082513 4.3246949557937056 0.19958950068525882 5.001835613561127 6.4791954772066855 1.0585971415591688 0.6117962570181568 3.931353821893302 7.150081308347154 0.9756600200865495 7.798607701299796 9.611032637132546 9.341482802061432 4.026574816034315 4.661501992903774 6.5571109281536435 4.1039374397147155 8.485101391158919 4.980804777523797 1.1610350594010121 3.2578213133207368 4.927140310544883 
9.51988541329022 6.245243495980129 2.4315617663269995 9.944846584011634 6.012722220876473 4.803606377446259 1.2084732407085397 4.337300410597832 9.175284292617254 7.2041694961754486 0.3166005507163605 0.9196402627503064 3.922180838524479 0.4384956383436234 2.9932253816696788 7.805458186455474 4.823556727621176 7.621026044642213 2.665451045543402 4.042643300035871 7.503219501687674 0.8735429942095141 1.9105528947694672 5.820752048854541 3.1575040110805572 0.9739340046186917 8.294541820657082 3.1183773022957295 5.665393447989607 2.7051202334763227 1.134657102791612 8.62187168725082 1.863934683490942 5.709132022677115 9.49127031174239 
3.0221798649773204 9.47899535778151 6.832972865843385 5.7669441484080615 3.384417142073098 3.9299342679224303 1.4470404105757662 1.1751618443523981 4.185229451879525 4.767762610733092 8.02352217996492 9.038502590862183 3.825855974840552 4.859899717137309 2.3813188985876432 9.385807867863518 2.9542046413030842 0.6006311860040447 5.435693478792544 3.6401456689517273 4.7671494814930915 9.404904195808774 1.0349796409723744 1.3241514529468579 1.6146392407586319 1.534100878888286 8.52332988020874 1.656579373491025 6.690104030375932 6.905952940551412 8.037617934592259 1.6736784576467634 4.367037044398061 3.956772967797093 5.228256025223747 
9.081257509684747 7.8295133293272485 6.852693510924521 6.087824639042313 2.4280801059794612 8.044807362378789 9.38762329083961 1.8780544341335037 3.3884910765745344 3.839152695199195 8.759142291706016 8.764841194673282 5.951945160625458 8.863084127751156 0.0795734304888196 6.702614457068577 5.13936740704377 7.570689565639226 2.957990038057358 7.353519960278778 3.5010498923202316 8.987491721735294 4.779921549981148 1.3835203591278011 7.098047513128898 4.004569761840068 1.415050335534026 1.346653523540331 3.928802909929755 9.211919205390602 4.999196846536482 7.550336474869796 6.835001326953512 7.871945455718841 0.165410115777459 
0.7887335453331568 9.805410893147023 6.534366471073198 4.639998792517747 7.637857089943188 1.2937439921213822 4.006704573751044 7.4728475154533225 1.125204653631553 0.6763259425806378 7.919923182120621 8.337384906099414 2.018378016053229 4.29763535457623 2.966666324321261 4.314080466102942 3.7212714894251517 5.686537981468367 4.03994483372302 6.362367999046647 6.823055952423683 0.47330573325863323 6.963002357298844 6.289403628374765 7.714326134018464 0.2972752334667572 9.276487473972345 6.440086866691896 9.366419081956831 1.5672701940736733 3.6369499563339813 8.561283391296186 1.3640548396887975 4.321672261941998 6.781063406392028 
5.3342124852977255 0.5880861290595352 3.632293736947444 7.722877294123057 7.922465793337794 3.5642888343834347 1.005972245997574 9.8767809775606 5.549151521224314 6.425763511320105 6.060069246957003 3.1367627552961332 8.595165521308422 8.680659687053021 9.38282320218137 3.5929302495910562 5.001610036654277 2.5335758003471653 5.936772928991887 0.5291527530180407 0.8628964317685384 0.3781243768311082 4.623231325334834 2.621078033608497 0.013081207950021989 9.259799347472647 3.6980569162633845 7.841659671426867 4.136505567018443 2.602418690011654 3.6137343612765713 4.481733860470406 4.474817035669836 6.298054364135957 8.560043250579044 
3.906061007240057 8.555974463110076 8.379507440795685 5.485356918184236 9.190649694319825 0.5368486818817908 8.926023748029492 4.7028818304250555 7.6250654404712375 1.7295486043518349 9.597085892927991 9.32091100189612 9.213816380826147 8.672617425458437 0.24575789363025846 1.6834333210243158 7.773805342966083 9.71175979033065 3.432203038863416 3.7672028624324874 6.0002180710818145 7.47077692218363 6.339628935320415 5.053641485057971 0.9611189960087085 3.821900854310435 3.589063423263622 5.778710554545087 1.8814081345503286 6.005733603231871 3.75599671645951 5.661156151735666 7.78968671957268 7.40451876562985 7.011073324586472 
8.219293374100724 8.626970707760245 4.138480906962506 1.2386506031634847 8.608769122233905 9.75408038467206 9.133486225510733 9.231191483341828 8.548495561450567 6.444924910135472 8.5992987224433 0.11408578536875824 5.34922743293744 1.915791628973622 1.961213691080833 4.024649371212008 3.3190078922826514 9.716141312580389 5.203871280954174 0.25068079163962587 4.891983517788244 8.894299662736012 9.31456752495764 5.528100370046851 5.7118485785338 8.251827615704261 0.05439345827527586 1.0038365739308508 2.5984470637060175 4.213241824568571 2.639053299470502 3.48926412153034 5.835826578317757 5.363149323507399 5.077222672817908 
9.061140088967589 7.542301155122852 5.540748891662711 6.892828239234299 4.811124745976455 6.017850302067691 6.532045275139948 5.748642989641214 7.60161355201835 1.91144236069536 0.8630080804711548 3.092106972052476 7.054748371487368 5.810641014053768 4.972304044073189 1.360301521139553 3.6831154934728327 8.428111456056243 3.1301162640285374 9.509518089857583 2.0647808326000137 3.944419802432604 2.8699592046490774 0.6758785935428957 3.271950845192615 4.263773616104729 3.4132853733132364 5.626980979579331 0.38168866997415396 6.949123766204824 9.592070890958219 8.330558848066705 5.828758198703261 2.4253130570643187 5.112462881372929 
5.4446594570728735 9.604806003881519 6.67371798255754 0.6529512754829792 9.824860051987867 2.8647324307713475 4.089102973464033 4.2534306042124745 9.247557566177953 2.3702485504039874 1.4291644909034162 3.7269001258572154 5.464385223861222 7.382246144569185 7.859514185649685 3.413441960451775 5.431319216942256 2.10776040783844 7.981611504331881 0.4965123140102934 6.0970617771931925 3.613935498045513 4.428425205626497 9.314463680467039 6.488795460457702 7.240551529454983 4.122364755336415 5.6256171030533375 5.999426208735514 8.974306938664991 7.612294827159607 6.623080691412804 5.758939658732646 6.992192627693232 4.041202323888287 
6.645915929052778 0.7635207924303844 2.6379349609889458 5.24336136354413 2.9961302433439254 4.039594421554598 4.4646272885885585 1.2295985055051961 1.046376938427236 0.5359626678151652 7.6583049475685865 5.8915310545815816 2.9111243753639346 7.665733772516044 5.1513652847981275 6.140416353751651 9.354452774595364 1.4607475370870304 6.041371582152176 9.893514923296971 0.3205265635015453 2.15472061636187 1.549919473721838 8.330632890197599 5.498179949116505 0.6773524574550205 8.687889652392206 5.665782489892051 2.668942766828799 8.020143789394872 7.037546171268696 5.313657733859232 8.238227557550484 2.725698378357974 4.61858184509537 
4.777889164777398 1.3122889137265448 7.855796627742963 4.674356826687532 2.8478120488749448 9.958950918563575 7.709535345553861 6.396207578264578 1.7627425244291983 5.878000185711328 6.291359919614289 9.097858132297802 3.887523272528104 1.6075200571753367 4.0698127352925315 1.1585909909706782 7.140369581825605 2.605342278084255 6.921351399861237 2.1729863818825965 5.923804981061216 5.070179281225604 1.3195985581644942 9.176676233122476 4.63174898860985 9.204886791066237 2.8089035353924894 5.561696415329273 8.940580559142834 6.774705760299568 0.5921089292390413 4.35166735660883 6.039266480938875 1.276215177511122 9.665934814492145 
5.876169547669516 8.713413399415028 8.808123579707658 3.3534079442882216 3.5653198322943136 9.770361156949157 7.8229125812972855 3.311272488788944 0.5797029807726195 2.6772083329530547 6.338742147333626 1.1313468818196082 4.297441515882903 1.4809211213159001 5.90391353379753 5.508294290614643 5.299339805931545 8.089443515292166 2.6315768415578766 1.6122982768485916 2.4246694165789053 7.814994371203753 6.960264195289176 4.783647894058367 5.714307832542649 4.715499033475131 5.446215786180418 8.957250731395089 4.614584487402134 6.717373831614229 9.856359904954546 1.328612289694796 9.684324041438629 6.762640639211536 1.1061962284859395 
8.688828575803097 2.229222967976919 0.29562204189897745 8.174724737990447 7.584664088123919 7.7818307374071924 1.2892247990966255 5.028951500648969 7.93826711905643E-4 6.152052533622257 8.708095817054387 1.8033929510639701 8.61480882448086 2.8922256383788794 2.8156854786375063 0.005393009197066645 0.8415989516199407 4.452470365952359 6.0545361620492475 5.354954916813873 8.862242439721932 2.046145493811361 6.363864753215185 6.018185625026829 3.623547513341027 7.301890579251054 1.7457817511442175 8.456331377442606 4.397904426455702 6.147870163619476 3.6512528036308245 7.887786506626085 1.9091293416488997 6.055479086404762 3.329173262111534 
5.448337351499493 2.2584849093987955 5.763906526660887 9.666695142533777 9.535300141061606 0.9260909561942476 5.913601177989128 9.246206355773127 4.534098704336309 0.9764472227310439 3.6358143072492197 9.354133746966871 6.151221200007678 7.262802449066264 4.07704354907855 2.499000665271336 8.91538353589963 8.903631905214183 7.081339521698099 6.630942402018086 8.059120752089619 5.595486095937155 7.810073737693651 8.702142361973 4.955911768870194 9.430000471599042 5.9479153236879405 0.4674195780528412 2.5633437780331536 2.798867084597756 9.32539699582245 4.496466842857245 4.9107030791569 4.699083167551921 4.282592895720873 
5.253999370033461 2.5697758395736727 2.291810810258774 6.905077654749573 4.801341713990945 4.260530351551823 1.9216951015953532 6.382465965251756 5.182747919219338 3.268745134982759 3.9695058598271524 4.1714837390305775 9.882013262180914 6.190534853746115 8.88947937335851 0.38965196528970236 4.8697013009002035 0.6691198038228097 7.573759146188834 1.922317495003163 5.708579048098404 8.252071578111863 7.789843007242768 5.094889469250338 0.9446126709850922 8.272664106083852 9.852963879329318 9.4437975172123 3.5831492914243257 8.746842360060144 8.923847216524115 8.113817229533215 1.834668007860627 0.6777171381095581 8.363301098376247 
4.716050742798512 7.511757669654009 2.8723839557815856 8.428612815108927 6.099997206319405 5.468734889579973 5.401253165612362 7.2627411883424875 5.424779773708916 0.2975888949756822 1.1679692097203465 6.605807293853779 0.15874192417472344 7.128705356429615 6.708390290922712 2.9494052860900535 5.193267447564739 1.8320779539144338 5.299986482931065 5.957769833811674 2.1258108526335695 2.174496628383056 7.738407056313035 9.895847560369495 1.9487800192255922 5.560451577905506 8.72585942147738 0.5328441260766048 9.875036371866244 0.8692712490292376 9.716329602722107 9.53082564652994 7.83743333257584 1.5982682450989838 2.2755684362255115 
0.6814756431178737 2.318944690157024 5.031438711851227 9.539154275632617 7.5201176130511485 2.6015816309397675 7.475523183740396 7.189838431883048 9.824638239387088 7.266430709673885 8.740003493204258 9.52576494466637 7.297948940696674 4.833795397307687 9.984878030190565 0.654052443002946 2.3361535061175855 7.801552132751364 7.81981864214222 5.6196101521673185 0.200592585305307 8.021486755192559 4.110581090388603 1.3669574284363895 4.1404618721405475 5.347503220777785 5.333309776935906 2.8332013689936275 5.0537055305140335 0.7962485977818767 7.514635101106524 5.183220466344197 0.127413718514936 0.07983297636766529 2.8052324382281824 
9.223493672992891 2.5649606545987758 3.301965901698589 1.5567820905839014 3.368901079709831 4.985635848011033 1.8529685334395651 9.407021315675893 2.18721586532872 2.3735421606035443 4.095766659634469 2.324862160385223 8.50890113821328 6.556042694831782 7.304105471142176 3.8272995879359173 3.3652054541741547 3.1080612332758606 4.495869323547828 7.652110945190972 5.605454862659288 3.3070496272684933 1.2985311261611 6.055106520316118 0.9448179796317702 8.30445816032235 9.790394863241227 8.59795905437023 8.406720750348164 0.03305392887901326 3.3804386705414236 8.802407909164135 0.6494690151222915 3.5354528714145674 9.221200853551679 
6.368893558180035 3.5045387671465598 8.37774446166938 2.3932988491223983 0.7924507210644061 9.204371688084887 2.603103948477088 9.156804726393586 8.155946536072818 7.240415742233525 1.283802393117438 4.933848410318023 6.6405246532712265 6.567534388224483 3.146042307518828 6.368454271439122 7.865371271497834 2.958800150610832 2.970557790315543 5.803760559717929 0.5536951671978885 5.715079494492468 4.512939978068676 0.8234120001356371 0.2190708871604652 8.6467089958355 8.541160067228242 1.123056395736548 3.576066623570373 1.2699447342981107 3.253775784633862 9.909512276408734 9.201337993468526 7.498771032801525 9.820830739126585 
7.269324966464946 6.606140890629507 0.7630318059331653 4.080462156038228 8.505056860175037 4.328473496890769 6.44674673334877 6.527754905573024 1.3068094913430106 3.912834449832615 4.815863952212771 6.648394047494968 1.808108288553989 0.7178400862186529 0.19258781891571708 4.378178798431448 1.06942403404508 4.376713037445066 5.0338145086119415 1.0104851698464767 0.339246517385281 1.4329210021481464 0.7841001157752936 4.227272722002761 5.561764652201825 0.18301005022239525 0.8989687844529803 7.095249158064616 9.031849365528304 3.080938341573962 5.272271588494996 8.847323667022497 8.842175659566996 5.192989169183729 9.451683163068282 
6.060493034112401 4.823960321905125 8.139599788379453 6.489327146492158 6.444820129370546 3.0519336106415307 7.720214523950752 4.049901916848695 3.874183501986852 9.665804183257542 9.989532864991919 4.486573941970735 2.517988721363691 8.754612400078427 4.938289969240024 0.9952965916773937 9.974047544085341 8.357017286329366 9.128970902620821 8.671099424662696 4.156350992439716 3.249691714351881 8.646630870488721 5.315288084130404 6.3574721035461215 3.1276500457297085 1.5472506440125067 3.180383263957193 3.3838559492844587 0.024470067345711 4.620831236800273 9.490015297368233 4.953263055106662 9.377006996566445 2.7336890294001828 
0.5338887566018724 8.647156021658306 5.00834801010582 0.2741869904867855 1.4133129577913783 3.626827280555014 9.484386150924994 3.298394534628619 1.1006928189027287 6.050586657839281 7.793539989696927 7.856939925028264 0.37676031771577634 3.6703406590210106 4.1057814516712785 4.6815833688471145 8.422218765996556 4.439412602073443 8.486279925867647 2.919803215231301 2.3658638476815943 4.129464074549024 2.8706066308810696 5.927955826244398 2.929134329883656 0.9329033476297521 3.352583674329941 0.26833191382019006 8.457436165192082 0.8181680905306821 8.892510291344939 5.002701087562259 9.091476958126512 6.008799849274624 4.922627708409965 
2.1347008628650297 2.6072337819552627 0.37323204422376577 4.008336420631645 0.6256889696112167 3.5410705585355884 9.74073551030396 4.717810093602752 5.793451591634642 7.616915841919329 2.1999785834647434 4.159299187583715 3.100413267740528 4.205291484917052 3.2901741985001607 9.264553459316803 0.34777338599369045 0.5693871027268149 3.660804853946952 6.82843137162865 5.114248989281961 2.9912535171390187 2.254426592518347 2.558914477719081 4.912875854100877 1.5215874073842128 6.358075158968038 4.948369686844077 5.986583578065472 7.059467320911117 0.9723084326331732 0.6460612676000366 2.923021824312091 1.7437887381037076 3.8629359274896045 
4.193539256886724 5.341390313984869 6.226042277888854 9.389003690983989 6.4786810725007795 9.788778570597657 0.2944650048401498 3.741616098779137 3.070801173275748 4.680798399776156 6.53248848117753 6.581692733476853 5.718381642678766 3.6310501664072605 0.21979484091607993 9.230775324099112 7.722622785437137 7.83623037767825 2.5221861162949564 7.547511245195986 6.644147552567076 1.318458275517449 8.166860397589534 8.413462721184304 5.856836964679668 3.7736617606677827 3.262580097173519 2.355398873896064 9.831916149902298 4.534624867569537 3.6996063587651697 1.247248209443158 6.717047829840778 7.72957299939704 9.65216740077825 
9.263404481015035 5.769331760472921 3.101929605756654 7.106617920872508 7.296090130199758 6.50775178447604 9.154149489090619 3.0513341503576132 5.903005688180154 1.06974634643611 5.288296213931625 6.9897851628614704 9.517498423197399 1.1882302357434993 7.438296533780207 7.7761093693629935 5.1320086400714535 6.449521889393516 7.323575131670586 1.422911880786768 1.956560863476412 1.0492814292462849 8.901029665998808 2.49389685189616 4.65758887536499 2.132704409807528 6.852082650522711 8.969333406204882 1.6983908102833956 3.986849483618242 1.0138032905061412 8.060244993669134 2.0310370659517085 8.847127352640197 7.547860785242867 
8.347606623755809 7.930559725293541 6.8866164944941 2.338341551939412 1.8357205741898819 9.115771335718145 5.076006725709867 4.619217551696991 8.034333205380415 3.4670796918315716 7.033620187491477 9.154531042199874 1.0219481968034216 2.630176119288693 3.729094586838629 3.4291143639285657 9.59317905302819 6.585492710367836 7.960956209817879 2.2549406630797453 0.055875491343094774 9.86683769117172 3.897449019454701 5.957957912395981 1.019151935881678 3.5286374408989385 6.651631041902881 9.882528930492121 9.601329436806065 1.189727906553214 5.855883988973196 2.3353648004911465 8.887202474620766 4.522646963739776 1.5076270773602596 
5.288103663279429 7.176925473429754 3.410909785953109 9.977165042729014 7.167455630796837 0.5942066589570338 8.662747409772498 3.0002416058492964 9.884093821422423 1.9593908127755244 0.6483187946679436 2.72200835982662 2.886245700606059 0.48339572151354315 5.518414533452153 1.4157628117619592 5.471197766073002 8.801366222899553 1.7661865201750537 5.368947996093393 4.847692499933815 6.140294161983528 3.809456514992581 8.610545193857451 1.5144701649244552 9.002746430618508 5.999669762636115 3.6481359085528506 5.4049612855858555 3.649230776067862 0.004577606340762097 3.1895468482185496 5.945410548743725 7.874625429606683 0.86524406757718 
8.943132526552866 6.683476151578009 3.099481173444776 2.1939938130895884 1.0223916902035124 0.4666129858644452 1.6349039306058522 8.958428366667537 4.224754763645184 4.284312579558428 8.13010775685881 7.087656642547568 5.511017791169238 3.8355445743311423 8.674626509083136 2.740400128203576 0.38104154703132886 6.642499560078604 5.802558403297276 0.4906494790987348 4.522975129156899 9.104010802883051 2.7341082943213624 8.915064032435474 1.1073999588750938 7.266789280022249 5.590087062626416 4.107321185238928 3.4044366860305497 3.289872425729846 8.027913316353398 6.49813975732479 7.020994375976704 9.587461796485648 8.773056546080022 
4.025715752474674 5.986981645405761 0.45757510605745066 8.857749197602313 5.179825407865682 2.16344237266111 6.638721425819884 2.0291888806410983 8.733863271023072 8.002217678596834 1.684055951675546 8.752338144970466 3.0826052292958392 8.55587716567226 0.3022529386807693 1.507824619296434 7.019492905144082 9.818301296437044 7.886588123239148 6.673329599791643 5.515760297998254 6.970441781536154 7.338495556395613 6.177251789338847 8.604732472491355 7.91242034847407 3.989126371857181 0.3263129367674156 8.828146136554137 4.582276140794805 1.9322006788242663 1.7341714566324673 2.8673546437607413 6.9933018942259615 5.403716102130703 
9.11599802799342 5.960798703462902 2.6660603769288094 6.9788327546339035 8.864356043161619 3.5001344355284414 7.187805132157274 0.30352844490472264 1.7846213926445176 2.800933523553435 0.0011744667835311695 8.838378702624336 2.1435695364470506 9.459878683110176 3.2056656657987546 3.664083563247197 6.2726428426980485 6.938897248934146 0.14954084307785886 2.7831273066800613 8.367807292772012 5.057691495781089 4.896450569152803 1.5492257935262488 1.84079503912996 2.9296367890350905 3.2702089482234897 8.865979001096862 5.601920325970974 4.542037796798076 1.1127880721164818 6.618410982454059 5.992548112248187 0.6602471622347883 5.634745345295617 
0.43585186470171844 6.735685136484751 9.0261658958262 1.293934084779118 8.331870590543929 1.2360510900457922 5.925161195968268 2.5074921451790977 0.026745209089289457 3.8363833018825977 6.111454399960551 1.6837387107740376 3.8302140404360707 9.224614001871817 4.810543643419286 2.554757142213565 9.847021140469927 2.0869519580608187 5.058244485451022 5.597074148977591 7.9650326139399255 2.314792624819737 5.989450235990027 4.446995064600284 6.595470025306644 4.598767529673314 2.855718291467176 9.648786463182761 3.4570658547078956 5.081137728474731 7.529318933517022 8.818046237620633 2.8307200157185273 1.8881262976952085 9.042389002864855 

3278.200874837321 3063.4972936953413 2429.4172084650263 3062.935160161648 2838.1457973615375 2833.34183085971 3275.7625608978074 3196.7638970687576 2970.4162700183533 3466.1504569199624 3025.004010232481 2979.693904243605 3594.9694917863817 3176.130986014498 3252.0410688684374 3340.0571376268213 3020.2139723449204 3585.6872224581844 3614.8428554507223 3219.0523556624676 2805.333701177012 3212.575243642038 3320.10258387938 2832.8385695259185 3390.5108924329948 2967.9949298109914 2362.5161166792573 3521.8140991876403 3202.723831455316 3218.288331459709 2814.1402110747936 3505.7975541218043 3358.760870633487 2740.162295381267 3324.5634131188717 