15, 35.15163032319222, 0.9982392217567500;
65, 351.77837675742654, 1.1494245580966465;
115, 832.62101518694660, 1.1618206429531819;
165, 1410.13272840488640, 1.1471642509325726;
215, 2078.44581142684300, 1.1379667974055810;
265, 2870.13744462893060, 1.1491250817359973;
315, 3690.83911644665840, 1.1407415018152570;
365, 4612.35659032520700, 1.1432806098175148;
415, 5609.20563829545500, 1.1471118377594973;
465, 6643.17221616184800, 1.1456629303154557;
515, 7745.37123946281100, 1.1461991069846695;
565, 8902.95160999449400, 1.1466896592559790;
615, 10089.58005303123700, 1.1444366969458170;
665, 11386.48611357973500, 1.1487575561617844;
715, 12673.97425878021000, 1.1469885882290953;
765, 13969.43001940926500, 1.1424089947086458;
815, 15447.36020364801900, 1.1488915480863160;
865, 16828.62912542218700, 1.1447451993494833;
915, 18329.59083014399600, 1.1461090438553443;
965, 19815.45458797654600, 1.1440270898248940;
