15, 6.29517563203182, 0.1787709749438108;
65, 30.60856827530930, 0.1000125146636822;
115, 65.03043081223842, 0.0907420009340424;
165, 109.43150879205011, 0.0890241835276436;
215, 159.76213163895451, 0.0874711288061257;
265, 222.12116852490823, 0.0889312832088012;
315, 271.79823262636190, 0.0840057001388426;
365, 346.62973818701107, 0.0859202992428193;
415, 411.17781472980784, 0.0840880098031093;
465, 479.56381367049900, 0.0827042361940198;
515, 564.74523702597560, 0.0835738489918934;
565, 639.77000724532080, 0.0824016218157099;
615, 724.62297974430450, 0.0821922344746612;
665, 824.21868510944070, 0.0831536114833528;
715, 909.86545640586040, 0.0823423871638682;
765, 1005.25608650310330, 0.0822090517373394;
815, 1101.37213340523340, 0.0819141341099978;
865, 1206.30807067081450, 0.0820575082227506;
915, 1311.94968665681950, 0.0820333315072016;
965, 1430.73214149505320, 0.0826020074829212;
