15, 632.59233461940730, 17.9644151350535780;
65, 1152.79868470085130, 3.7667327109488050;
115, 8660.87734603695000, 12.0851935072189000;
165, 13666.14207266495400, 11.1176127737001490;
215, 5949.28510551325200, 3.2572843040473620;
265, 17950.09394299732600, 7.1867301017294690;
315, 33655.96425187281000, 10.4021752220629060;
365, 99810.08091376178000, 24.7402662691731160;
415, 29731.04957107790700, 6.0801548581416940;
465, 51606.02044455015000, 8.8998301836259710;
515, 7904.88503298106000, 1.1698047628053756;
565, 19537.09141688839700, 2.5163543149594320;
615, 173724.16326483295000, 19.7051122585375000;
665, 144492.99402316188000, 14.5775805670712670;
715, 138521.18398892914000, 12.5361006752254540;
765, 35786.19297812274500, 2.9265667022766350;
815, 94790.61578459381000, 7.0500160465668800;
865, 94892.97959688400000, 6.4549692096667570;
915, 373672.70228554530000, 23.3649331018899000;
965, 127231.74026818798000, 7.3456077884123570;
