15, 0, 0.00000000000052, 0.0000000000000148;
15, 1, 0.00000000000069, 0.0000000000000197;
15, 2, 0.00000000000043, 0.0000000000000121;
15, 3, 0.00000000033134, 0.0000000000094096;
15, 4, 0.00000000311326, 0.0000000000884105;
15, 5, 0.00000000939032, 0.0000000002666671;
15, 6, 0.00000005326098, 0.0000000015125102;
65, 0, 0.00000000002724, 0.0000000000000890;
65, 1, 0.00000000066211, 0.0000000000021634;
65, 2, 0.00000000770848, 0.0000000000251872;
65, 3, 0.00000004741783, 0.0000000001549362;
65, 4, 0.00000126017683, 0.0000000041175873;
65, 5, 0.00000532706340, 0.0000000174060087;
65, 6, 0.00021917776713, 0.0000007161563211;
115, 0, 0.00000000006011, 0.0000000000000839;
115, 1, 0.00000000231190, 0.0000000000032260;
115, 2, 0.00000010784829, 0.0000000001504891;
115, 3, 0.00000097302283, 0.0000000013577342;
115, 4, 0.00000547734346, 0.0000000076429619;
115, 5, 0.00003554124220, 0.0000000495934502;
115, 6, 0.00105067564760, 0.0000014660891740;
165, 0, 0.00000000456846, 0.0000000000037165;
165, 1, 0.00000003105521, 0.0000000000252639;
165, 2, 0.00000043995809, 0.0000000003579125;
165, 3, 0.00000011480680, 0.0000000000933971;
165, 4, 0.00001723045703, 0.0000000140172368;
165, 5, 0.00052410830128, 0.0000004263700109;
165, 6, 0.00137054202272, 0.0000011149566145;
215, 0, 0.00000000752143, 0.0000000000041180;
215, 1, 0.00000002765549, 0.0000000000151416;
215, 2, 0.00000002236350, 0.0000000000122442;
215, 3, 0.00000623417291, 0.0000000034132628;
215, 4, 0.00002119349282, 0.0000000116036180;
215, 5, 0.00007170898478, 0.0000000392612804;
215, 6, 0.00439389024783, 0.0000024056923620;
265, 0, 0.00000000110907, 0.0000000000004440;
265, 1, 0.00000000026390, 0.0000000000001057;
265, 2, 0.00000318808723, 0.0000000012764235;
265, 3, 0.00000071765630, 0.0000000002873301;
265, 4, 0.00024116779416, 0.0000000965570348;
265, 5, 0.00050886527256, 0.0000002037358347;
265, 6, 0.00702306379436, 0.0000028118440014;
315, 0, 0.00000000799006, 0.0000000000024695;
315, 1, 0.00000023041500, 0.0000000000712152;
315, 2, 0.00000213563885, 0.0000000006600699;
315, 3, 0.00003734768132, 0.0000000115431881;
315, 4, 0.00080952263373, 0.0000002502021995;
315, 5, 0.00154875551060, 0.0000004786796800;
315, 6, 0.03108621733130, 0.0000096079338940;
365, 0, 0.00000001319637, 0.0000000000032710;
365, 1, 0.00000016920285, 0.0000000000419409;
365, 2, 0.00000079834449, 0.0000000001978884;
365, 3, 0.00003506931373, 0.0000000086927508;
365, 4, 0.00051131698002, 0.0000001267418894;
365, 5, 0.00372735828081, 0.0000009239130507;
365, 6, 0.10267874423187, 0.0000254513316613;
415, 0, 0.00000007509436, 0.0000000000153572;
415, 1, 0.00000044891226, 0.0000000000918049;
415, 2, 0.00000462010584, 0.0000000009448358;
415, 3, 0.00001638292768, 0.0000000033503942;
415, 4, 0.00019720708794, 0.0000000403298791;
415, 5, 0.00085334601996, 0.0000001745137163;
415, 6, 0.08187962786075, 0.0000167448113774;
465, 0, 0.00000007280062, 0.0000000000125550;
465, 1, 0.00000059902941, 0.0000000001033069;
465, 2, 0.00000603387682, 0.0000000010405855;
465, 3, 0.00007071900211, 0.0000000121960016;
465, 4, 0.00042437373303, 0.0000000731863090;
465, 5, 0.01107234764397, 0.0000019095061568;
465, 6, 0.03821061080931, 0.0000065896952426;
515, 0, 0.00000006211123, 0.0000000000091915;
515, 1, 0.00000305820611, 0.0000000004525688;
515, 2, 0.00001400659544, 0.0000000020727666;
515, 3, 0.00005877238095, 0.0000000086974334;
515, 4, 0.00143439198325, 0.0000002122685614;
515, 5, 0.03712202243231, 0.0000054935041389;
515, 6, 0.13361614140912, 0.0000197731906228;
565, 0, 0.00000035045840, 0.0000000000451386;
565, 1, 0.00000043387327, 0.0000000000558824;
565, 2, 0.00000191508489, 0.0000000002466607;
565, 3, 0.00016168494036, 0.0000000208248295;
565, 4, 0.00100830095315, 0.0000001298679727;
565, 5, 0.01217881003615, 0.0000015686163581;
565, 6, 0.31315891005900, 0.0000403344979956;
615, 0, 0.00000011747013, 0.0000000000133244;
615, 1, 0.00000292159693, 0.0000000003313897;
615, 2, 0.00001881463583, 0.0000000021340987;
615, 3, 0.00016790309749, 0.0000000190448428;
615, 4, 0.00529411435919, 0.0000006004986054;
615, 5, 0.03878543303324, 0.0000043993379939;
615, 6, 0.49754792920825, 0.0000564356599266;
665, 0, 0.00000002087301, 0.0000000000021058;
665, 1, 0.00000562005500, 0.0000000005669950;
665, 2, 0.00002331802729, 0.0000000023525045;
665, 3, 0.00021751091430, 0.0000000219441980;
665, 4, 0.00618981413025, 0.0000006244767422;
665, 5, 0.02678552523986, 0.0000027023327661;
665, 6, 1.09854556451901, 0.0001108298473683;
715, 0, 0.00000061111983, 0.0000000000553061;
715, 1, 0.00000289681020, 0.0000000002621599;
715, 2, 0.00004196909284, 0.0000000037981828;
715, 3, 0.00001299979917, 0.0000000011764756;
715, 4, 0.00370070248124, 0.0000003349117986;
715, 5, 0.06575098349421, 0.0000059504324526;
715, 6, 0.24626849939368, 0.0000222871810118;
765, 0, 0.00000004053343, 0.0000000000033148;
765, 1, 0.00000417052972, 0.0000000003410626;
765, 2, 0.00000276177000, 0.0000000002258554;
765, 3, 0.00123489786246, 0.0000001009889755;
765, 4, 0.00030981800500, 0.0000000253366727;
765, 5, 0.02135384764531, 0.0000017463008575;
765, 6, 0.34601216414126, 0.0000282966025131;
815, 0, 0.00000033919003, 0.0000000000252271;
815, 1, 0.00000494224525, 0.0000000003675776;
815, 2, 0.00009803146485, 0.0000000072910530;
815, 3, 0.00000588368439, 0.0000000004375968;
815, 4, 0.00050167674392, 0.0000000373120173;
815, 5, 0.11392126315842, 0.0000084728506790;
815, 6, 0.41085206754631, 0.0000305569664781;
865, 0, 0.00000036261930, 0.0000000000246667;
865, 1, 0.00000872516495, 0.0000000005935178;
865, 2, 0.00003994587028, 0.0000000027172649;
865, 3, 0.00038780127831, 0.0000000263796681;
865, 4, 0.00867806776982, 0.0000005903140621;
865, 5, 0.02154963270130, 0.0000014658852126;
865, 6, 0.55295862688554, 0.0000376142779574;
915, 0, 0.00000006707888, 0.0000000000041943;
915, 1, 0.00000795218797, 0.0000000004972328;
915, 2, 0.00005341567897, 0.0000000033399650;
915, 3, 0.00167732246768, 0.0000001048792888;
915, 4, 0.00419096022898, 0.0000002620515354;
915, 5, 0.08966050024536, 0.0000056062740931;
915, 6, 0.35972190881847, 0.0000224926206368;
965, 0, 0.00000062871980, 0.0000000000362986;
965, 1, 0.00001478112644, 0.0000000008533748;
965, 2, 0.00007909031332, 0.0000000045662067;
965, 3, 0.00037726695767, 0.0000000217811617;
965, 4, 0.00099696599604, 0.0000000575589171;
965, 5, 0.06863852868748, 0.0000039627824775;
965, 6, 0.78833848963904, 0.0000455139993935;
