167.6 -3.0 -3.0 -2.0 -3.0 0.0 -3.0 -3.0 -1.0 0.0 0.0 -3.0 0.0 0.0 -1.0 -3.0 -3.0 -2.0 0.0 -1.0 0.0 -2.0 -1.0 -2.0 0.0 0.0 0.0 -2.0 0.0 0.0 0.0 -1.0 -2.0 -3.0 -3.0 0.0 -1.0 0.0 -3.0 -2.0 -2.0 -3.0 -2.0 -3.0 -2.0 -3.0 -3.0 -2.0 -3.0 -2.0 -1.0 -2.0 -1.0 -2.0 0.0 -3.0 0.0 -2.0 0.0 -1.0 0.0 -2.0 -3.0 -3.0 0.0 -1.0 -1.0 -1.0 -1.0 -3.0 -2.0 -2.0 -3.0 -3.0 -1.0 0.0 0.0 -3.0 -1.0 -3.0 -3.0 -3.0 -1.0 0.0 -3.0 -1.0 -3.0 -2.0 -2.0 -3.0 0.0 -3.0 -2.0 -3.0 -1.0 -2.0 0.0 -1.0 0.0 0.0 -2.0 -3.0 -3.0 -3.0 0.0 0.0 0.0 -1.0 0.0 -2.0 -3.0 -3.0 0.0 -3.0 0.0 
-3.0 182.0 0.0 -1.0 -2.0 -1.0 0.0 0.0 -1.0 0.0 0.0 -2.0 -2.0 -2.0 -3.0 -2.0 0.0 -1.0 -3.0 -3.0 -2.0 -2.0 -2.0 -3.0 -2.0 -1.0 0.0 -2.0 -2.0 -1.0 -1.0 -3.0 -3.0 -1.0 -2.0 -1.0 0.0 -1.0 -3.0 -3.0 -2.0 -3.0 0.0 -2.0 0.0 -1.0 -1.0 -1.0 -3.0 -3.0 -3.0 -2.0 -3.0 0.0 0.0 0.0 -1.0 -1.0 -2.0 -3.0 -1.0 -3.0 -2.0 0.0 -2.0 0.0 0.0 -2.0 -3.0 -2.0 0.0 -1.0 -1.0 0.0 0.0 -1.0 0.0 -2.0 -1.0 -2.0 -2.0 -1.0 -3.0 -3.0 -3.0 -2.0 0.0 -3.0 -2.0 -1.0 -1.0 -3.0 -1.0 0.0 -3.0 -2.0 -3.0 0.0 -2.0 -2.0 -2.0 -2.0 -1.0 -2.0 -2.0 -2.0 -1.0 -3.0 -3.0 -2.0 0.0 -3.0 -3.0 -1.0 -3.0 
0.0 -1.0 146.0 -3.0 -2.0 0.0 0.0 -1.0 0.0 -1.0 0.0 -2.0 -1.0 -1.0 0.0 0.0 -3.0 -3.0 -1.0 0.0 -2.0 -3.0 -2.0 -1.0 -1.0 -3.0 -1.0 -1.0 0.0 -2.0 0.0 -2.0 -3.0 -3.0 -1.0 -2.0 -1.0 -1.0 0.0 -3.0 -3.0 -1.0 -3.0 -1.0 -2.0 0.0 0.0 -1.0 -1.0 -3.0 0.0 -3.0 -1.0 -2.0 0.0 -2.0 -3.0 0.0 -3.0 0.0 -2.0 -1.0 -1.0 0.0 -1.0 -1.0 0.0 -1.0 -2.0 0.0 -2.0 -2.0 -1.0 -3.0 -1.0 -2.0 -1.0 -1.0 0.0 0.0 0.0 -2.0 0.0 -1.0 -1.0 -3.0 -1.0 -1.0 -2.0 0.0 -2.0 0.0 -1.0 -1.0 0.0 -1.0 0.0 0.0 -1.0 -3.0 -1.0 -2.0 0.0 -1.0 -2.0 -2.0 -2.0 0.0 -3.0 -2.0 -2.0 -2.0 0.0 -3.0 -2.0 
-1.0 -1.0 -1.0 163.0 0.0 -1.0 -1.0 0.0 0.0 -1.0 0.0 -3.0 -1.0 -2.0 -3.0 -1.0 -1.0 0.0 0.0 -3.0 -2.0 -1.0 0.0 -2.0 -1.0 -1.0 -2.0 -2.0 -1.0 0.0 0.0 -2.0 -3.0 0.0 0.0 -2.0 -1.0 -2.0 -3.0 0.0 -2.0 -3.0 -2.0 0.0 -1.0 -2.0 -2.0 0.0 -3.0 -3.0 -2.0 -1.0 -1.0 -2.0 -2.0 -3.0 0.0 0.0 -1.0 -1.0 -1.0 -2.0 0.0 0.0 0.0 -2.0 -1.0 -2.0 0.0 -3.0 -2.0 0.0 -2.0 -1.0 -3.0 -2.0 0.0 0.0 -3.0 -3.0 -2.0 -3.0 0.0 -3.0 -1.0 -3.0 -1.0 -1.0 -1.0 0.0 -2.0 0.0 -2.0 -2.0 0.0 0.0 -2.0 -1.0 -3.0 -2.0 -3.0 -1.0 -3.0 0.0 -3.0 0.0 -3.0 -3.0 -3.0 -3.0 -2.0 -2.0 -2.0 -2.0 -1.0 
-1.0 -1.0 0.0 0.0 179.0 -1.0 -3.0 0.0 -2.0 -2.0 0.0 -3.0 -2.0 -1.0 0.0 -1.0 0.0 -3.0 -2.0 -3.0 -1.0 0.0 -3.0 -3.0 -2.0 -1.0 -1.0 0.0 0.0 0.0 -1.0 0.0 -3.0 -3.0 -3.0 0.0 -2.0 0.0 0.0 -2.0 -2.0 -3.0 0.0 0.0 -3.0 -2.0 -3.0 -3.0 -1.0 -3.0 0.0 -3.0 0.0 -2.0 -1.0 -1.0 -3.0 -1.0 -3.0 -1.0 -1.0 -1.0 -2.0 0.0 -3.0 0.0 -2.0 -3.0 -2.0 -1.0 -1.0 -1.0 -1.0 -3.0 -2.0 -3.0 -3.0 -3.0 -1.0 -1.0 -1.0 -2.0 -3.0 -2.0 0.0 -2.0 -1.0 0.0 -3.0 -3.0 -1.0 0.0 -1.0 -2.0 -1.0 -2.0 -1.0 -3.0 -3.0 -3.0 -3.0 -2.0 -1.0 -2.0 -2.0 -2.0 0.0 -2.0 -1.0 0.0 -2.0 -2.0 -3.0 -1.0 -3.0 
-3.0 -2.0 0.0 -1.0 -3.0 161.0 -3.0 -3.0 -3.0 -3.0 -3.0 0.0 -1.0 -1.0 -1.0 -2.0 -3.0 -2.0 -3.0 -3.0 -1.0 -3.0 -3.0 -3.0 -1.0 -3.0 -1.0 -1.0 -3.0 -3.0 -1.0 -2.0 0.0 -3.0 0.0 -1.0 -3.0 -3.0 -1.0 0.0 -2.0 0.0 0.0 0.0 -1.0 -1.0 0.0 -2.0 -1.0 -3.0 -2.0 -1.0 0.0 -2.0 -1.0 -1.0 -1.0 -1.0 0.0 0.0 0.0 0.0 -1.0 0.0 -2.0 0.0 -1.0 -2.0 -2.0 -2.0 0.0 0.0 -3.0 0.0 -1.0 -1.0 -2.0 -3.0 0.0 -1.0 -1.0 -3.0 -3.0 0.0 -2.0 0.0 -1.0 -2.0 0.0 -1.0 0.0 -3.0 0.0 -2.0 -1.0 0.0 -2.0 -3.0 -1.0 -3.0 -2.0 0.0 0.0 0.0 -2.0 -3.0 -3.0 -2.0 -1.0 -1.0 0.0 0.0 -1.0 -2.0 0.0 
0.0 -3.0 -3.0 0.0 -2.0 -1.0 172.0 -3.0 -1.0 0.0 -1.0 -2.0 -2.0 -3.0 -2.0 0.0 -1.0 -2.0 -1.0 -3.0 -3.0 -2.0 -3.0 -1.0 0.0 -2.0 0.0 -3.0 -3.0 -2.0 -3.0 0.0 -2.0 -3.0 -1.0 -2.0 0.0 0.0 -3.0 0.0 -3.0 -3.0 -2.0 0.0 -2.0 0.0 0.0 -2.0 0.0 -3.0 -3.0 -3.0 -1.0 -3.0 -3.0 -2.0 -1.0 -2.0 -2.0 0.0 -1.0 0.0 -2.0 0.0 -3.0 -3.0 0.0 -3.0 0.0 -1.0 -2.0 -2.0 -2.0 -2.0 -1.0 0.0 0.0 0.0 0.0 -1.0 -1.0 -2.0 -2.0 -3.0 -1.0 0.0 -2.0 -1.0 0.0 -2.0 -2.0 0.0 -3.0 -3.0 0.0 -3.0 -3.0 0.0 -1.0 -2.0 -1.0 -2.0 0.0 -3.0 -2.0 0.0 -1.0 0.0 -2.0 -2.0 0.0 -3.0 -3.0 0.0 -1.0 
-2.0 -1.0 -3.0 -3.0 -2.0 0.0 -1.0 164.0 0.0 0.0 -2.0 0.0 0.0 -3.0 -1.0 -3.0 0.0 -3.0 -1.0 -2.0 0.0 -1.0 0.0 -2.0 -1.0 0.0 0.0 -2.0 -1.0 -2.0 -3.0 0.0 0.0 0.0 0.0 -3.0 -1.0 -1.0 -1.0 -3.0 -1.0 -3.0 -2.0 -1.0 0.0 -2.0 -3.0 -3.0 -1.0 -3.0 -3.0 -1.0 -2.0 -1.0 -2.0 -2.0 -1.0 0.0 -3.0 -2.0 -1.0 0.0 -2.0 -3.0 -1.0 -3.0 -2.0 -3.0 -1.0 -2.0 -3.0 0.0 -2.0 0.0 -2.0 -2.0 -2.0 0.0 -3.0 0.0 -3.0 -2.0 0.0 -1.0 -2.0 0.0 -3.0 -2.0 -3.0 -2.0 -3.0 -1.0 -2.0 -2.0 0.0 0.0 -3.0 -1.0 0.0 0.0 -2.0 -1.0 -1.0 0.0 0.0 -1.0 -1.0 0.0 -2.0 -3.0 -2.0 0.0 -3.0 -1.0 -1.0 
0.0 -2.0 -3.0 -2.0 0.0 -2.0 -1.0 0.0 171.0 -1.0 -2.0 -3.0 0.0 -2.0 -3.0 -3.0 0.0 -1.0 -3.0 -3.0 0.0 0.0 0.0 -2.0 -3.0 -2.0 -1.0 -2.0 -2.0 -3.0 -1.0 -1.0 -1.0 0.0 0.0 -1.0 0.0 -2.0 -3.0 -1.0 -2.0 -2.0 -3.0 -1.0 -3.0 0.0 -1.0 -3.0 -3.0 0.0 0.0 -1.0 -2.0 0.0 -2.0 -3.0 -1.0 -3.0 0.0 -1.0 -1.0 -2.0 -1.0 -2.0 -2.0 0.0 -3.0 -2.0 -2.0 -2.0 -2.0 -3.0 -1.0 -2.0 -1.0 -2.0 -3.0 -1.0 -1.0 -1.0 -1.0 -3.0 -2.0 -3.0 0.0 -1.0 -1.0 -3.0 -3.0 0.0 -3.0 -1.0 0.0 -1.0 0.0 0.0 0.0 -2.0 -1.0 -3.0 -3.0 -2.0 -1.0 -3.0 -1.0 -2.0 0.0 -1.0 0.0 0.0 -2.0 -2.0 0.0 -3.0 -2.0 
-3.0 -2.0 0.0 -1.0 0.0 -2.0 -3.0 -3.0 -3.0 170.0 0.0 -1.0 -1.0 -2.0 -1.0 -1.0 -3.0 0.0 0.0 0.0 -1.0 0.0 0.0 -2.0 -2.0 -2.0 -1.0 0.0 0.0 0.0 -2.0 0.0 0.0 0.0 -2.0 -3.0 -1.0 -3.0 -2.0 -3.0 -1.0 -1.0 0.0 0.0 0.0 -1.0 0.0 0.0 -3.0 -1.0 -2.0 -2.0 -2.0 -2.0 -3.0 -2.0 -2.0 -1.0 -2.0 -3.0 -3.0 -3.0 -1.0 -2.0 -1.0 -3.0 -2.0 -1.0 -2.0 -1.0 -1.0 -3.0 -1.0 -3.0 -1.0 -3.0 -2.0 -3.0 -2.0 0.0 -2.0 -3.0 -1.0 -3.0 -2.0 0.0 -3.0 -3.0 -2.0 -2.0 0.0 0.0 -3.0 -3.0 -1.0 -2.0 0.0 -1.0 -3.0 -1.0 -2.0 -2.0 -1.0 -2.0 -2.0 -3.0 -2.0 0.0 -1.0 -1.0 -2.0 0.0 -1.0 0.0 0.0 
0.0 -3.0 0.0 -3.0 -2.0 0.0 -2.0 0.0 -1.0 0.0 153.0 -1.0 -1.0 -3.0 -3.0 0.0 0.0 -2.0 -2.0 -3.0 0.0 -1.0 -2.0 -1.0 0.0 -2.0 -3.0 0.0 -1.0 -1.0 0.0 -3.0 -1.0 -2.0 -1.0 -2.0 -1.0 -3.0 0.0 -2.0 0.0 -2.0 0.0 -2.0 -3.0 -1.0 -3.0 0.0 -2.0 -3.0 -2.0 -1.0 0.0 -1.0 0.0 -2.0 -3.0 0.0 -3.0 -2.0 0.0 -3.0 0.0 -3.0 -2.0 -1.0 -1.0 -2.0 -3.0 -1.0 -2.0 -3.0 -2.0 -1.0 -3.0 0.0 -2.0 0.0 -1.0 0.0 -3.0 -3.0 -3.0 -1.0 -1.0 -3.0 0.0 0.0 -2.0 0.0 -1.0 -2.0 0.0 0.0 -1.0 -3.0 -3.0 -2.0 0.0 -1.0 0.0 -1.0 -2.0 0.0 -1.0 -1.0 -2.0 0.0 -1.0 -1.0 -1.0 -1.0 -1.0 0.0 0.0 
0.0 -1.0 0.0 -1.0 -3.0 -2.0 -1.0 -1.0 -1.0 -2.0 -1.0 170.0 0.0 -3.0 -2.0 -2.0 -1.0 -3.0 -3.0 0.0 -1.0 -3.0 -3.0 0.0 -2.0 -2.0 0.0 -3.0 -3.0 -1.0 -2.0 -1.0 -3.0 -3.0 -1.0 -3.0 0.0 -2.0 -2.0 -2.0 0.0 -3.0 0.0 -3.0 0.0 -3.0 -3.0 -3.0 -3.0 0.0 -1.0 0.0 0.0 -3.0 -2.0 -2.0 0.0 0.0 -1.0 0.0 -1.0 -1.0 0.0 -3.0 0.0 -1.0 -3.0 -2.0 -3.0 -1.0 0.0 -2.0 -2.0 -1.0 -1.0 0.0 -3.0 -1.0 -3.0 -1.0 -2.0 0.0 -1.0 -1.0 -1.0 -3.0 -1.0 -3.0 -2.0 -3.0 -2.0 -3.0 -3.0 0.0 -2.0 -2.0 0.0 -1.0 0.0 -2.0 -3.0 -2.0 0.0 0.0 0.0 0.0 -1.0 0.0 0.0 0.0 -3.0 -2.0 -3.0 -2.0 -2.0 
-2.0 -1.0 -2.0 -1.0 -2.0 -3.0 -1.0 0.0 0.0 0.0 -1.0 0.0 145.0 -2.0 -2.0 -2.0 0.0 -2.0 0.0 -2.0 -2.0 -2.0 -1.0 -3.0 -1.0 -3.0 0.0 -2.0 -1.0 0.0 -2.0 -3.0 -2.0 -3.0 -2.0 -1.0 -3.0 -2.0 -3.0 0.0 -1.0 0.0 0.0 0.0 -1.0 0.0 0.0 -1.0 -2.0 -2.0 -2.0 -2.0 -2.0 -2.0 -1.0 -2.0 -1.0 -1.0 -3.0 0.0 0.0 -2.0 -1.0 -1.0 -2.0 -1.0 -1.0 -1.0 0.0 0.0 -2.0 0.0 -2.0 -1.0 -1.0 0.0 -1.0 -2.0 -2.0 -2.0 0.0 -3.0 -3.0 -3.0 0.0 -1.0 -1.0 -2.0 -3.0 0.0 0.0 0.0 -2.0 0.0 -1.0 -1.0 -3.0 0.0 0.0 -3.0 -3.0 0.0 0.0 0.0 -3.0 -3.0 -1.0 -3.0 0.0 -2.0 0.0 0.0 0.0 0.0 0.0 
-1.0 -3.0 0.0 -1.0 -3.0 0.0 0.0 -1.0 -3.0 -1.0 -1.0 -3.0 -3.0 164.0 -2.0 0.0 -3.0 0.0 0.0 0.0 -3.0 -3.0 0.0 0.0 -3.0 0.0 -2.0 -1.0 -2.0 -2.0 -3.0 -3.0 -2.0 -3.0 0.0 0.0 -3.0 -3.0 -1.0 0.0 -3.0 -3.0 0.0 -2.0 -3.0 -1.0 0.0 -1.0 -1.0 0.0 0.0 -3.0 0.0 -2.0 -2.0 -2.0 -1.0 -2.0 0.0 0.0 -3.0 -2.0 0.0 -2.0 -2.0 0.0 -2.0 -3.0 -3.0 0.0 -3.0 0.0 0.0 0.0 0.0 -3.0 0.0 -3.0 -2.0 -1.0 -3.0 -1.0 -2.0 0.0 -2.0 -1.0 -3.0 -3.0 -1.0 -1.0 -2.0 0.0 -2.0 -3.0 -3.0 0.0 0.0 -1.0 0.0 -1.0 0.0 -1.0 -1.0 -2.0 -1.0 -1.0 -1.0 -1.0 -1.0 -1.0 -3.0 0.0 -3.0 -3.0 -2.0 
0.0 0.0 -2.0 0.0 -2.0 0.0 0.0 -2.0 -1.0 0.0 -3.0 -3.0 -2.0 -2.0 174.0 0.0 0.0 -2.0 0.0 -1.0 -2.0 0.0 -3.0 0.0 -2.0 -1.0 0.0 -2.0 -1.0 -2.0 -2.0 -2.0 0.0 -3.0 0.0 -1.0 -1.0 -1.0 -2.0 -1.0 -3.0 -2.0 0.0 -3.0 -2.0 -1.0 -2.0 -2.0 -2.0 -2.0 -2.0 -2.0 -3.0 -1.0 -3.0 -3.0 -1.0 -1.0 0.0 -2.0 0.0 0.0 0.0 -2.0 -3.0 -3.0 -1.0 0.0 0.0 -1.0 -3.0 0.0 -3.0 -1.0 -2.0 -3.0 -2.0 -1.0 -3.0 0.0 -1.0 -1.0 -2.0 -2.0 0.0 -2.0 -3.0 -2.0 -1.0 -3.0 0.0 -2.0 -2.0 -3.0 0.0 -3.0 -3.0 -3.0 -3.0 -3.0 -1.0 -1.0 -3.0 -1.0 -3.0 -1.0 -3.0 0.0 0.0 0.0 -3.0 -1.0 -3.0 -2.0 -2.0 
0.0 0.0 -2.0 0.0 -2.0 -1.0 0.0 -2.0 -1.0 -3.0 -1.0 0.0 -2.0 -3.0 0.0 169.0 -3.0 -2.0 -1.0 -3.0 -2.0 -3.0 -2.0 -3.0 0.0 -1.0 -2.0 -1.0 -1.0 -3.0 -1.0 -1.0 -3.0 0.0 -3.0 0.0 -1.0 -2.0 -2.0 -1.0 -1.0 0.0 0.0 -3.0 0.0 -3.0 -1.0 -3.0 -2.0 -2.0 -2.0 -2.0 -1.0 -3.0 -3.0 0.0 -1.0 -2.0 -2.0 0.0 -2.0 -2.0 -2.0 -1.0 -3.0 0.0 -2.0 -1.0 0.0 -1.0 -2.0 -2.0 -1.0 -1.0 0.0 0.0 -2.0 -3.0 -1.0 -3.0 -3.0 -1.0 -2.0 0.0 -1.0 -3.0 -3.0 -3.0 0.0 -3.0 -3.0 -2.0 -2.0 -2.0 0.0 0.0 -3.0 -1.0 -1.0 -1.0 -1.0 -2.0 0.0 -1.0 0.0 0.0 -1.0 0.0 -2.0 -2.0 -3.0 0.0 -2.0 0.0 -3.0 
0.0 0.0 0.0 -3.0 -1.0 -1.0 0.0 -3.0 -1.0 -1.0 0.0 -1.0 -1.0 0.0 -3.0 -3.0 160.0 -3.0 -1.0 -1.0 -2.0 -3.0 -1.0 -2.0 0.0 0.0 -3.0 0.0 0.0 -1.0 0.0 -2.0 -2.0 -2.0 -3.0 -2.0 -2.0 -2.0 -3.0 -3.0 -2.0 0.0 -3.0 -1.0 -2.0 -2.0 -1.0 -1.0 -1.0 -1.0 -2.0 -3.0 -3.0 0.0 0.0 -1.0 -2.0 0.0 -2.0 -2.0 -1.0 -1.0 0.0 0.0 -3.0 -3.0 -1.0 0.0 0.0 -3.0 0.0 -1.0 -3.0 -2.0 0.0 -3.0 -2.0 -1.0 -1.0 -2.0 0.0 0.0 -3.0 -1.0 -1.0 -2.0 -2.0 -2.0 -2.0 0.0 0.0 -2.0 -2.0 -2.0 0.0 -1.0 -3.0 -3.0 0.0 0.0 -1.0 -3.0 -3.0 -2.0 -3.0 -1.0 0.0 0.0 -1.0 -1.0 -1.0 -2.0 -1.0 0.0 -3.0 
0.0 -1.0 0.0 -3.0 -1.0 -1.0 -1.0 -1.0 -1.0 -3.0 -2.0 -1.0 -1.0 -3.0 0.0 -2.0 -1.0 170.0 -3.0 0.0 -2.0 -3.0 -3.0 -1.0 -2.0 -1.0 -2.0 -1.0 -2.0 -1.0 0.0 -3.0 -3.0 -2.0 0.0 -1.0 -2.0 0.0 -3.0 0.0 -3.0 -2.0 -2.0 -1.0 0.0 0.0 -2.0 -3.0 -2.0 -2.0 -2.0 -3.0 -2.0 -1.0 -2.0 -2.0 -3.0 -3.0 -2.0 -2.0 -3.0 -2.0 0.0 0.0 0.0 -1.0 -2.0 0.0 0.0 0.0 -3.0 -2.0 -3.0 0.0 -1.0 0.0 -1.0 -3.0 -3.0 -3.0 0.0 -1.0 -2.0 -2.0 -2.0 -3.0 0.0 0.0 0.0 -2.0 -2.0 -3.0 -3.0 0.0 -1.0 -1.0 0.0 -1.0 0.0 -2.0 0.0 -1.0 0.0 -2.0 -2.0 -3.0 -2.0 -2.0 -3.0 -1.0 -2.0 -1.0 0.0 -3.0 0.0 
-3.0 -3.0 0.0 0.0 0.0 0.0 0.0 -3.0 0.0 -1.0 -2.0 0.0 -1.0 0.0 -3.0 -2.0 -3.0 -2.0 167.0 -3.0 -2.0 -3.0 0.0 -1.0 0.0 -1.0 0.0 0.0 -2.0 -1.0 -1.0 0.0 0.0 -3.0 -1.0 0.0 0.0 -3.0 -3.0 -3.0 -1.0 0.0 0.0 -2.0 0.0 -1.0 0.0 -1.0 -2.0 0.0 -3.0 -2.0 -1.0 -2.0 -1.0 -3.0 -2.0 -3.0 -3.0 -3.0 0.0 -3.0 0.0 -2.0 -1.0 -3.0 -2.0 -2.0 -2.0 0.0 -2.0 -3.0 -3.0 0.0 -2.0 -1.0 -2.0 0.0 -1.0 -3.0 -1.0 0.0 -2.0 -2.0 -3.0 0.0 0.0 -2.0 -3.0 0.0 -2.0 0.0 -3.0 -2.0 -3.0 -3.0 0.0 -1.0 -2.0 0.0 -1.0 -3.0 -3.0 -3.0 0.0 -2.0 -1.0 -1.0 -1.0 0.0 -3.0 -2.0 -1.0 -3.0 -2.0 
-1.0 -1.0 -3.0 -2.0 -3.0 -1.0 -3.0 0.0 -3.0 -2.0 -2.0 -3.0 -1.0 -1.0 -2.0 -3.0 -3.0 -2.0 -2.0 174.0 -3.0 -3.0 -1.0 -3.0 0.0 -2.0 -1.0 -1.0 -2.0 -1.0 -1.0 -2.0 0.0 -3.0 -2.0 -3.0 -2.0 -1.0 -1.0 0.0 0.0 0.0 -1.0 -2.0 -2.0 -2.0 -2.0 0.0 -3.0 -3.0 -3.0 -3.0 0.0 -1.0 -1.0 -3.0 -3.0 -2.0 -1.0 -3.0 -1.0 -2.0 -3.0 -3.0 0.0 -3.0 0.0 -1.0 -1.0 0.0 -1.0 -1.0 -2.0 -3.0 -1.0 0.0 -1.0 0.0 -1.0 -3.0 -3.0 -1.0 -1.0 -2.0 0.0 0.0 -1.0 -3.0 0.0 -3.0 -2.0 0.0 0.0 -2.0 -3.0 0.0 -1.0 0.0 -1.0 -2.0 0.0 -1.0 0.0 0.0 -2.0 -2.0 -1.0 0.0 -3.0 -1.0 -2.0 -1.0 -2.0 0.0 -2.0 
-2.0 -3.0 -3.0 -1.0 0.0 0.0 -2.0 0.0 -2.0 -3.0 -1.0 -2.0 -2.0 -2.0 -3.0 -3.0 -3.0 0.0 0.0 -2.0 179.0 0.0 -3.0 -3.0 -1.0 -3.0 -2.0 -2.0 -1.0 -3.0 -3.0 0.0 0.0 0.0 -3.0 -3.0 -1.0 0.0 0.0 -1.0 -2.0 -1.0 0.0 -1.0 -3.0 -3.0 -1.0 0.0 -3.0 -1.0 0.0 -2.0 -3.0 0.0 0.0 -3.0 -3.0 -3.0 -2.0 -2.0 -1.0 0.0 0.0 -3.0 0.0 -2.0 -3.0 0.0 -3.0 -2.0 -3.0 -1.0 -2.0 0.0 -2.0 -2.0 -3.0 -1.0 0.0 -3.0 -1.0 -3.0 -2.0 0.0 -3.0 0.0 0.0 -3.0 -3.0 -2.0 -1.0 0.0 -1.0 -2.0 -3.0 -2.0 -1.0 -3.0 -1.0 -3.0 0.0 -1.0 -1.0 0.0 0.0 -1.0 -3.0 -3.0 0.0 -2.0 -3.0 -1.0 -1.0 -1.0 -1.0 
-1.0 -1.0 -2.0 -1.0 -2.0 -3.0 -1.0 -1.0 -1.0 -1.0 0.0 -3.0 -3.0 0.0 -3.0 0.0 -3.0 -2.0 -2.0 -3.0 0.0 137.0 0.0 -1.0 -3.0 -1.0 -2.0 -3.0 -2.0 -1.0 -3.0 0.0 0.0 -1.0 0.0 0.0 -1.0 -3.0 -3.0 -1.0 0.0 0.0 -3.0 -1.0 0.0 -3.0 -1.0 0.0 0.0 0.0 0.0 -1.0 -3.0 0.0 0.0 -2.0 -1.0 -3.0 -1.0 -2.0 -1.0 -1.0 -3.0 0.0 0.0 0.0 -1.0 0.0 -1.0 0.0 -2.0 0.0 0.0 -1.0 -3.0 -1.0 0.0 -3.0 -1.0 0.0 -3.0 -1.0 0.0 -3.0 -3.0 -2.0 0.0 -1.0 -1.0 0.0 -3.0 0.0 0.0 0.0 -3.0 0.0 0.0 -1.0 0.0 -1.0 0.0 -2.0 0.0 0.0 -1.0 0.0 0.0 -1.0 -3.0 -1.0 -3.0 0.0 -2.0 -3.0 -2.0 
0.0 -3.0 0.0 0.0 -3.0 -3.0 -3.0 -2.0 0.0 -2.0 -3.0 -3.0 0.0 -1.0 -2.0 0.0 -2.0 0.0 -3.0 0.0 -2.0 -2.0 174.0 0.0 -1.0 0.0 -3.0 -2.0 -3.0 -3.0 -3.0 -1.0 -1.0 -2.0 -2.0 -2.0 0.0 -3.0 0.0 -3.0 -2.0 0.0 -3.0 -2.0 -3.0 -1.0 -3.0 -2.0 -2.0 -3.0 -2.0 -2.0 -1.0 -1.0 -2.0 -1.0 -3.0 0.0 -1.0 -3.0 -2.0 -1.0 -1.0 -2.0 -3.0 -2.0 -2.0 -2.0 0.0 -3.0 -3.0 -3.0 -1.0 -1.0 -3.0 -3.0 -2.0 -2.0 -1.0 0.0 0.0 -2.0 -1.0 0.0 -2.0 -2.0 -1.0 -1.0 0.0 -1.0 -3.0 0.0 0.0 0.0 0.0 -1.0 0.0 -1.0 -3.0 0.0 -2.0 -2.0 0.0 -2.0 -2.0 -2.0 -3.0 -2.0 -1.0 0.0 -1.0 -1.0 -1.0 0.0 0.0 
-1.0 -1.0 0.0 -1.0 -2.0 -1.0 0.0 -3.0 -2.0 -1.0 -2.0 -2.0 -3.0 -1.0 0.0 -1.0 -2.0 -1.0 -2.0 0.0 -3.0 -2.0 -1.0 178.0 -1.0 -2.0 -1.0 -3.0 0.0 -2.0 -3.0 -1.0 0.0 0.0 -1.0 -2.0 0.0 -2.0 -2.0 0.0 -2.0 -3.0 -2.0 0.0 -2.0 -3.0 -1.0 -3.0 -1.0 -2.0 -1.0 0.0 -2.0 -3.0 -3.0 0.0 -3.0 -2.0 -3.0 -1.0 0.0 0.0 -2.0 0.0 -3.0 -3.0 0.0 -2.0 -3.0 -3.0 -3.0 -3.0 0.0 -2.0 0.0 -3.0 -1.0 0.0 -2.0 -3.0 -3.0 0.0 -1.0 -2.0 0.0 0.0 -2.0 -2.0 -3.0 -3.0 -1.0 -1.0 -1.0 -3.0 -2.0 -3.0 -3.0 -2.0 -1.0 -3.0 0.0 -2.0 -2.0 -2.0 -1.0 0.0 0.0 -1.0 0.0 -3.0 -3.0 -2.0 -1.0 -3.0 0.0 
-1.0 -1.0 0.0 0.0 -1.0 0.0 -3.0 -3.0 -1.0 -2.0 -2.0 -3.0 -1.0 -3.0 0.0 -2.0 -2.0 -1.0 -2.0 -1.0 0.0 -2.0 -3.0 -2.0 154.0 -3.0 -2.0 -1.0 0.0 -2.0 -1.0 0.0 -2.0 0.0 -2.0 0.0 -1.0 -1.0 -2.0 -1.0 0.0 -2.0 0.0 0.0 -2.0 -1.0 -1.0 -1.0 -2.0 -2.0 -2.0 0.0 -3.0 -3.0 -3.0 0.0 -2.0 -1.0 -1.0 -3.0 0.0 -2.0 -2.0 -2.0 0.0 0.0 -1.0 -2.0 -1.0 0.0 0.0 -3.0 -2.0 0.0 0.0 -2.0 -2.0 -2.0 0.0 -3.0 -1.0 -1.0 0.0 -1.0 0.0 -1.0 -1.0 -2.0 -1.0 -1.0 0.0 -1.0 -3.0 -2.0 -1.0 -2.0 -1.0 -2.0 -3.0 0.0 -2.0 -3.0 -3.0 0.0 -2.0 -1.0 -3.0 -1.0 -2.0 -1.0 -2.0 -1.0 0.0 -2.0 0.0 
-1.0 -3.0 -1.0 -2.0 -3.0 -1.0 -2.0 -3.0 -3.0 -1.0 -3.0 -3.0 0.0 -1.0 0.0 -1.0 -3.0 -2.0 -2.0 -1.0 -2.0 -3.0 -1.0 0.0 0.0 189.0 -3.0 -1.0 -3.0 -1.0 -3.0 -1.0 -3.0 -2.0 0.0 0.0 -2.0 0.0 -3.0 -3.0 -3.0 -3.0 -3.0 -3.0 0.0 -3.0 -2.0 -3.0 -3.0 -2.0 -2.0 -2.0 -3.0 -2.0 -2.0 -1.0 -3.0 -1.0 0.0 0.0 -3.0 -3.0 -1.0 0.0 0.0 -2.0 -2.0 -1.0 -1.0 0.0 -2.0 0.0 -1.0 -1.0 -2.0 -1.0 -3.0 -2.0 -3.0 0.0 -2.0 -2.0 0.0 -1.0 -2.0 -3.0 -3.0 -2.0 -1.0 -1.0 0.0 -3.0 -1.0 0.0 0.0 -2.0 -2.0 -3.0 -1.0 -1.0 -1.0 -2.0 -3.0 -3.0 -2.0 -1.0 0.0 -1.0 0.0 -3.0 0.0 -2.0 -3.0 -2.0 0.0 
0.0 -3.0 -2.0 -2.0 0.0 -3.0 -2.0 -1.0 0.0 -3.0 -1.0 -3.0 -3.0 -1.0 0.0 0.0 -3.0 0.0 -1.0 0.0 -2.0 0.0 -2.0 -2.0 -2.0 -1.0 161.0 0.0 0.0 -2.0 -3.0 -2.0 0.0 0.0 -2.0 0.0 -3.0 -3.0 0.0 -1.0 0.0 0.0 -2.0 -1.0 -2.0 -2.0 -3.0 -1.0 0.0 -1.0 -2.0 -2.0 -3.0 -3.0 -2.0 -1.0 0.0 -1.0 -2.0 -1.0 -1.0 -3.0 -1.0 0.0 -3.0 -1.0 -3.0 -2.0 -2.0 -1.0 -2.0 -3.0 -1.0 -3.0 0.0 -2.0 -2.0 -2.0 -2.0 -1.0 0.0 0.0 -3.0 -2.0 -3.0 0.0 0.0 -1.0 -3.0 -2.0 -3.0 0.0 -2.0 -3.0 -1.0 0.0 0.0 -1.0 0.0 -1.0 -2.0 -1.0 0.0 -3.0 -3.0 -1.0 -2.0 0.0 -1.0 -1.0 -2.0 0.0 0.0 -2.0 -1.0 
-2.0 -3.0 -1.0 -2.0 -2.0 0.0 -2.0 -1.0 -3.0 -1.0 -2.0 -3.0 0.0 -2.0 -1.0 -1.0 0.0 0.0 -2.0 -2.0 -1.0 -1.0 -1.0 0.0 -1.0 -1.0 0.0 149.0 0.0 0.0 0.0 -2.0 -3.0 -1.0 0.0 0.0 -2.0 -3.0 -3.0 0.0 -2.0 -2.0 -1.0 -1.0 -1.0 0.0 -2.0 -3.0 0.0 -1.0 0.0 -1.0 -1.0 -1.0 0.0 -3.0 0.0 -1.0 0.0 0.0 -3.0 -3.0 -3.0 -1.0 -3.0 0.0 -1.0 0.0 -2.0 -1.0 -2.0 -3.0 -3.0 0.0 0.0 -2.0 -2.0 -3.0 -3.0 -1.0 0.0 0.0 -3.0 0.0 -3.0 -3.0 0.0 -3.0 0.0 0.0 -3.0 -3.0 -3.0 -1.0 -1.0 -3.0 0.0 0.0 -2.0 0.0 0.0 0.0 -3.0 0.0 0.0 -3.0 -3.0 -1.0 -1.0 0.0 -1.0 0.0 -1.0 0.0 -3.0 
-3.0 -2.0 -3.0 -2.0 0.0 -3.0 -1.0 -1.0 -1.0 0.0 -1.0 -2.0 0.0 -3.0 0.0 0.0 -2.0 -2.0 -1.0 -2.0 -1.0 -1.0 -3.0 -1.0 0.0 0.0 0.0 -1.0 160.0 -2.0 -2.0 -1.0 0.0 0.0 -3.0 0.0 -1.0 -1.0 -3.0 -2.0 -3.0 -2.0 -2.0 0.0 -1.0 -3.0 -3.0 -2.0 -1.0 -1.0 -2.0 -1.0 -2.0 -2.0 0.0 -3.0 -3.0 -3.0 -2.0 -3.0 -1.0 -3.0 -1.0 -2.0 -1.0 -1.0 -1.0 -1.0 0.0 -2.0 -1.0 -3.0 -3.0 -1.0 0.0 0.0 0.0 0.0 -3.0 -1.0 -2.0 0.0 -1.0 -3.0 -3.0 -1.0 -3.0 0.0 -2.0 0.0 -3.0 -2.0 -3.0 -2.0 0.0 0.0 -2.0 -1.0 -1.0 0.0 -3.0 0.0 -1.0 0.0 0.0 -1.0 -1.0 -3.0 0.0 0.0 -2.0 -1.0 -2.0 -1.0 -1.0 
-2.0 -3.0 -3.0 -1.0 0.0 -2.0 -1.0 -1.0 -1.0 -1.0 0.0 0.0 -1.0 -2.0 0.0 -1.0 -3.0 -3.0 -3.0 -1.0 0.0 -3.0 -3.0 -3.0 -1.0 -2.0 -1.0 -3.0 0.0 173.0 -2.0 -2.0 0.0 0.0 -1.0 -2.0 -3.0 0.0 -2.0 -1.0 -3.0 0.0 0.0 -3.0 -3.0 -1.0 0.0 -3.0 0.0 -3.0 -3.0 -3.0 -3.0 -1.0 0.0 0.0 -3.0 -2.0 -2.0 -3.0 -1.0 -1.0 -3.0 -3.0 -3.0 0.0 -3.0 0.0 0.0 -1.0 0.0 -3.0 -1.0 -2.0 -1.0 -3.0 0.0 -1.0 -1.0 0.0 -3.0 0.0 -1.0 -3.0 0.0 0.0 -2.0 -3.0 0.0 0.0 -2.0 -2.0 -2.0 0.0 0.0 -3.0 -2.0 -2.0 0.0 -1.0 -3.0 0.0 -2.0 -2.0 -1.0 -2.0 -2.0 0.0 -3.0 -2.0 -2.0 -1.0 -1.0 -3.0 -2.0 
0.0 -1.0 -2.0 -3.0 -2.0 -3.0 -1.0 -2.0 -3.0 0.0 -1.0 -3.0 -2.0 -2.0 -2.0 0.0 -1.0 -1.0 -2.0 -1.0 -3.0 0.0 -3.0 -3.0 -3.0 -3.0 -3.0 0.0 0.0 -2.0 180.0 -2.0 -3.0 -3.0 -2.0 -1.0 -3.0 0.0 -1.0 -3.0 -2.0 -3.0 -1.0 -3.0 -2.0 -1.0 -3.0 -1.0 -1.0 -2.0 -3.0 0.0 -3.0 0.0 -1.0 -2.0 0.0 0.0 -2.0 -1.0 -2.0 -1.0 -2.0 -2.0 -1.0 -3.0 -2.0 -3.0 0.0 -2.0 -2.0 -3.0 -2.0 -1.0 -3.0 0.0 -2.0 -1.0 0.0 -1.0 -2.0 -2.0 0.0 -3.0 -1.0 -2.0 -1.0 -1.0 0.0 -2.0 -3.0 0.0 -2.0 -3.0 -3.0 -2.0 -2.0 -3.0 -3.0 -1.0 -2.0 -3.0 0.0 0.0 0.0 0.0 -1.0 0.0 0.0 -1.0 0.0 -1.0 -2.0 0.0 0.0 
0.0 0.0 -1.0 -1.0 0.0 0.0 -3.0 0.0 -2.0 0.0 -2.0 -1.0 0.0 0.0 -1.0 -3.0 -1.0 -2.0 -3.0 -3.0 -2.0 0.0 -2.0 0.0 0.0 0.0 -1.0 -1.0 -1.0 -3.0 -1.0 149.0 -2.0 -1.0 0.0 -2.0 0.0 -3.0 -1.0 0.0 0.0 0.0 -2.0 0.0 0.0 -1.0 -2.0 -3.0 -3.0 0.0 -1.0 0.0 0.0 -2.0 -2.0 -2.0 -1.0 -1.0 -2.0 -2.0 -1.0 -2.0 -1.0 -1.0 -2.0 -1.0 -3.0 0.0 0.0 -1.0 0.0 -2.0 -3.0 -3.0 -1.0 -3.0 -1.0 -3.0 -2.0 0.0 -2.0 -2.0 -3.0 -3.0 -3.0 -2.0 -1.0 0.0 0.0 -3.0 0.0 -3.0 -2.0 -2.0 -3.0 0.0 0.0 0.0 -1.0 0.0 -2.0 -1.0 -3.0 0.0 -2.0 -1.0 -2.0 -2.0 -1.0 0.0 -1.0 -3.0 0.0 -1.0 -3.0 
-3.0 -1.0 -3.0 -1.0 -2.0 -2.0 -1.0 -2.0 0.0 -3.0 0.0 -2.0 -2.0 0.0 -3.0 0.0 -1.0 0.0 -2.0 -3.0 -2.0 -1.0 -3.0 0.0 -1.0 -2.0 0.0 -3.0 -1.0 -2.0 -2.0 -2.0 167.0 -3.0 -3.0 -1.0 -2.0 -1.0 0.0 -2.0 0.0 -3.0 -1.0 -2.0 -2.0 -1.0 -1.0 -2.0 -2.0 -2.0 -2.0 0.0 -3.0 -1.0 -3.0 0.0 -2.0 -2.0 0.0 -3.0 0.0 0.0 -1.0 0.0 0.0 -3.0 -2.0 -2.0 0.0 -1.0 -1.0 -3.0 -1.0 -2.0 -1.0 0.0 -1.0 -3.0 0.0 -3.0 -1.0 0.0 -2.0 -1.0 -1.0 0.0 0.0 -2.0 0.0 -1.0 0.0 -1.0 -2.0 -1.0 -1.0 -3.0 -2.0 -2.0 -2.0 -3.0 -2.0 -2.0 -1.0 -2.0 -2.0 -1.0 -1.0 -3.0 -2.0 0.0 0.0 -2.0 -1.0 -3.0 -2.0 
-2.0 -2.0 -2.0 0.0 -3.0 -1.0 -3.0 -1.0 0.0 0.0 -1.0 -1.0 -2.0 0.0 0.0 -1.0 -3.0 0.0 -1.0 0.0 0.0 -1.0 0.0 -2.0 -2.0 0.0 -2.0 -3.0 -3.0 -2.0 -1.0 0.0 -2.0 155.0 0.0 -1.0 -2.0 0.0 -2.0 -1.0 -3.0 -1.0 -3.0 -1.0 0.0 -1.0 -2.0 -1.0 -1.0 -1.0 -3.0 -1.0 -1.0 0.0 -2.0 0.0 0.0 0.0 0.0 -2.0 -2.0 -1.0 -2.0 -1.0 -1.0 -2.0 -2.0 -3.0 -3.0 -1.0 -1.0 -1.0 -3.0 -2.0 -1.0 -2.0 -1.0 0.0 -3.0 -2.0 -3.0 -2.0 0.0 -3.0 0.0 -2.0 0.0 -1.0 0.0 -3.0 -2.0 -1.0 -3.0 -1.0 -3.0 -2.0 -3.0 -3.0 -1.0 -1.0 -2.0 -3.0 0.0 -1.0 -1.0 0.0 -2.0 -2.0 0.0 0.0 0.0 0.0 -2.0 -3.0 -1.0 
0.0 -3.0 0.0 -2.0 0.0 0.0 -2.0 -1.0 0.0 -2.0 -1.0 -2.0 0.0 -3.0 -2.0 -3.0 -1.0 -1.0 -2.0 0.0 -2.0 0.0 0.0 -3.0 -2.0 -3.0 -1.0 0.0 0.0 -3.0 -2.0 0.0 -3.0 -2.0 168.0 0.0 -2.0 -1.0 -2.0 0.0 -3.0 0.0 -2.0 -1.0 0.0 -2.0 -1.0 -1.0 0.0 0.0 -3.0 -3.0 -1.0 -2.0 0.0 -2.0 0.0 -1.0 -1.0 0.0 -2.0 -3.0 -3.0 -1.0 0.0 -1.0 -3.0 0.0 -1.0 -2.0 -2.0 -3.0 0.0 -2.0 -3.0 -2.0 -2.0 -1.0 -3.0 -2.0 -3.0 -1.0 -2.0 -2.0 -2.0 -2.0 0.0 -1.0 -3.0 -2.0 -1.0 -2.0 -2.0 -1.0 -1.0 0.0 -2.0 -1.0 -1.0 -3.0 -2.0 -3.0 -1.0 0.0 -2.0 -2.0 -1.0 -2.0 0.0 -3.0 -3.0 -2.0 0.0 -3.0 -2.0 
-1.0 -1.0 0.0 -1.0 -1.0 -3.0 -1.0 0.0 -3.0 -3.0 -3.0 -1.0 -3.0 -3.0 -3.0 -2.0 -1.0 -2.0 0.0 -1.0 0.0 -2.0 0.0 -3.0 0.0 0.0 -2.0 -3.0 -1.0 -3.0 -1.0 -2.0 -3.0 0.0 -2.0 187.0 0.0 -3.0 -2.0 -2.0 -2.0 -3.0 -2.0 -2.0 -3.0 -2.0 0.0 0.0 0.0 -3.0 -2.0 -2.0 -3.0 -1.0 -3.0 -3.0 -3.0 0.0 -3.0 -2.0 -3.0 -3.0 -3.0 -3.0 -1.0 -3.0 -2.0 -1.0 -1.0 -1.0 -2.0 0.0 -2.0 0.0 -2.0 -2.0 -1.0 -1.0 -2.0 -3.0 -2.0 0.0 -2.0 -2.0 0.0 -1.0 -1.0 -1.0 -1.0 0.0 -3.0 -2.0 -2.0 -3.0 0.0 -2.0 -2.0 -1.0 0.0 -3.0 0.0 -3.0 0.0 -1.0 -3.0 -3.0 -2.0 -1.0 -2.0 0.0 -3.0 -2.0 0.0 0.0 -2.0 
-3.0 0.0 -2.0 -3.0 0.0 0.0 -2.0 -1.0 -1.0 0.0 0.0 -1.0 -3.0 -3.0 0.0 0.0 -2.0 -3.0 -1.0 0.0 -3.0 -1.0 0.0 0.0 -3.0 -2.0 -1.0 -3.0 0.0 -2.0 0.0 -1.0 0.0 -2.0 0.0 -3.0 169.0 -2.0 -2.0 -3.0 0.0 -3.0 -3.0 -1.0 -3.0 0.0 -2.0 -1.0 -3.0 -3.0 -3.0 -2.0 0.0 0.0 -1.0 -1.0 -1.0 -1.0 -3.0 -2.0 0.0 -2.0 -3.0 -2.0 0.0 0.0 -3.0 0.0 -2.0 -2.0 -1.0 0.0 0.0 0.0 0.0 -3.0 -3.0 0.0 -1.0 0.0 -3.0 -2.0 -1.0 -3.0 -1.0 -2.0 -1.0 -1.0 0.0 -1.0 -1.0 -2.0 0.0 -3.0 0.0 -3.0 -1.0 -3.0 -2.0 -1.0 0.0 -3.0 -2.0 -3.0 -1.0 -3.0 -2.0 -2.0 -2.0 -2.0 -2.0 -2.0 -3.0 0.0 -3.0 
-1.0 -1.0 -3.0 -3.0 0.0 0.0 -1.0 0.0 -3.0 -1.0 -2.0 -2.0 -1.0 -1.0 -3.0 -1.0 -3.0 -2.0 -3.0 -3.0 -3.0 -3.0 -3.0 0.0 -3.0 -3.0 -3.0 0.0 -1.0 0.0 0.0 -1.0 -2.0 -2.0 -2.0 -2.0 0.0 180.0 -3.0 -2.0 -3.0 0.0 -3.0 -1.0 -3.0 0.0 -3.0 -3.0 -2.0 -1.0 0.0 -3.0 -1.0 -2.0 -3.0 -2.0 0.0 -3.0 -1.0 -1.0 0.0 -1.0 -1.0 -1.0 -2.0 -1.0 -1.0 -2.0 -3.0 -1.0 -2.0 0.0 -1.0 -1.0 -3.0 -1.0 -2.0 -2.0 0.0 -1.0 0.0 0.0 -3.0 0.0 0.0 0.0 -3.0 -3.0 0.0 -2.0 -1.0 -2.0 -2.0 -3.0 -1.0 -2.0 -1.0 -1.0 -1.0 -2.0 -3.0 -2.0 -3.0 -1.0 -2.0 0.0 0.0 -1.0 -2.0 -1.0 -3.0 -3.0 -2.0 -1.0 -1.0 
-3.0 -3.0 -1.0 -2.0 -1.0 -2.0 -3.0 -1.0 0.0 -3.0 -1.0 0.0 0.0 -2.0 -1.0 0.0 -2.0 -1.0 -3.0 -2.0 -3.0 0.0 -1.0 -2.0 -2.0 -2.0 -1.0 -2.0 -2.0 -1.0 -3.0 -3.0 -2.0 -1.0 -1.0 -1.0 -2.0 -2.0 181.0 -3.0 -3.0 0.0 0.0 0.0 -2.0 0.0 0.0 -2.0 -1.0 -1.0 0.0 -1.0 -1.0 -3.0 -3.0 -2.0 0.0 0.0 0.0 -3.0 -1.0 -1.0 -2.0 -1.0 -3.0 -1.0 -1.0 -2.0 -3.0 0.0 -2.0 -3.0 -3.0 -2.0 -3.0 -2.0 -1.0 0.0 -2.0 -3.0 -2.0 -3.0 -2.0 -1.0 -1.0 -1.0 -3.0 -3.0 -1.0 0.0 0.0 -1.0 -3.0 -1.0 -3.0 -2.0 -3.0 0.0 0.0 -3.0 -2.0 -2.0 -3.0 -3.0 -1.0 -2.0 0.0 -2.0 -3.0 -1.0 -2.0 -1.0 -1.0 0.0 -2.0 
0.0 0.0 -3.0 -2.0 0.0 -1.0 -1.0 -2.0 -3.0 0.0 -3.0 -3.0 0.0 -2.0 -1.0 -1.0 0.0 0.0 0.0 -1.0 -3.0 -1.0 0.0 -2.0 -1.0 -3.0 0.0 -2.0 -3.0 -2.0 -2.0 0.0 -1.0 0.0 -1.0 -1.0 -3.0 -3.0 0.0 163.0 -2.0 -2.0 -1.0 0.0 -1.0 -2.0 -2.0 -2.0 0.0 -2.0 -2.0 -2.0 0.0 -2.0 -2.0 -2.0 -3.0 -1.0 -3.0 -3.0 -1.0 -1.0 -3.0 0.0 -1.0 0.0 0.0 0.0 -2.0 -2.0 -3.0 0.0 -2.0 -1.0 -2.0 0.0 0.0 0.0 -2.0 -1.0 0.0 -1.0 0.0 -1.0 -3.0 -2.0 -2.0 -3.0 -2.0 -1.0 -1.0 -3.0 0.0 -3.0 0.0 -2.0 -2.0 -2.0 -3.0 -2.0 -2.0 -2.0 0.0 -3.0 -3.0 -2.0 -2.0 -1.0 0.0 -1.0 -3.0 0.0 -2.0 -2.0 -1.0 
0.0 -2.0 0.0 -3.0 -2.0 -3.0 -2.0 -3.0 0.0 -3.0 -2.0 -2.0 0.0 -1.0 -3.0 -3.0 -3.0 0.0 -3.0 -2.0 0.0 0.0 0.0 0.0 -1.0 -3.0 -3.0 -1.0 -3.0 -2.0 -2.0 -1.0 -3.0 -2.0 0.0 -1.0 0.0 0.0 -1.0 -3.0 198.0 -3.0 -2.0 -1.0 -2.0 -1.0 -2.0 -3.0 0.0 -3.0 -1.0 -1.0 -2.0 -3.0 -2.0 -2.0 -3.0 -3.0 -3.0 -3.0 -3.0 -3.0 -3.0 0.0 0.0 -2.0 0.0 -2.0 0.0 -3.0 -3.0 -2.0 0.0 -1.0 -1.0 -2.0 -3.0 -1.0 -2.0 0.0 -1.0 -3.0 -3.0 -3.0 -2.0 -1.0 -3.0 -1.0 -3.0 -3.0 -3.0 0.0 -3.0 -1.0 -2.0 -3.0 0.0 -1.0 -3.0 -3.0 0.0 -2.0 -3.0 0.0 -2.0 -2.0 -2.0 -1.0 0.0 -1.0 -1.0 -1.0 -3.0 -1.0 -3.0 
-2.0 0.0 -3.0 -1.0 -1.0 0.0 -1.0 0.0 -3.0 -1.0 0.0 -2.0 -3.0 -2.0 -1.0 -1.0 -2.0 -2.0 -3.0 0.0 0.0 -2.0 -2.0 -3.0 -1.0 -3.0 -2.0 -1.0 -1.0 0.0 -2.0 -1.0 -2.0 -2.0 -3.0 -2.0 0.0 -2.0 -3.0 -1.0 -2.0 171.0 -3.0 0.0 0.0 -2.0 -1.0 -2.0 -2.0 -2.0 -1.0 0.0 -3.0 0.0 0.0 -1.0 0.0 -3.0 -2.0 -3.0 0.0 0.0 -1.0 -1.0 -2.0 0.0 -3.0 -3.0 -2.0 0.0 -2.0 -3.0 0.0 -2.0 -1.0 -3.0 0.0 -1.0 -1.0 0.0 -3.0 -1.0 -1.0 0.0 -1.0 -2.0 -3.0 -1.0 -2.0 -3.0 -2.0 -3.0 -2.0 -2.0 -3.0 0.0 -2.0 -3.0 -2.0 0.0 0.0 0.0 0.0 -1.0 0.0 -3.0 -1.0 -3.0 -3.0 -2.0 0.0 -3.0 -3.0 -2.0 -1.0 
-3.0 0.0 0.0 0.0 -2.0 -3.0 -1.0 0.0 -3.0 -2.0 -2.0 -1.0 -1.0 -3.0 -3.0 0.0 -3.0 -3.0 0.0 0.0 0.0 -2.0 0.0 -1.0 -1.0 -3.0 0.0 -3.0 -2.0 -3.0 -1.0 -2.0 -1.0 -1.0 -3.0 -3.0 0.0 -3.0 0.0 -2.0 0.0 0.0 157.0 -2.0 0.0 -1.0 -2.0 -2.0 -1.0 0.0 -3.0 0.0 -3.0 -1.0 -2.0 0.0 0.0 -1.0 -1.0 -1.0 -3.0 -3.0 0.0 -2.0 -2.0 -3.0 -1.0 -2.0 0.0 -3.0 0.0 -1.0 -2.0 -2.0 -1.0 -1.0 -1.0 -2.0 -2.0 -2.0 0.0 -1.0 -3.0 0.0 -1.0 0.0 -2.0 0.0 -2.0 0.0 -1.0 0.0 -3.0 -2.0 -1.0 -2.0 0.0 -2.0 0.0 0.0 -1.0 -2.0 -1.0 -2.0 -1.0 -3.0 -1.0 -1.0 -1.0 -1.0 0.0 -3.0 -3.0 -1.0 -2.0 
-3.0 0.0 -3.0 -3.0 -3.0 -1.0 -3.0 -3.0 -2.0 -1.0 -2.0 -3.0 0.0 -3.0 0.0 -3.0 -3.0 0.0 -3.0 0.0 -3.0 -2.0 0.0 0.0 0.0 0.0 -1.0 0.0 -2.0 0.0 -1.0 -3.0 -1.0 -1.0 -2.0 -3.0 -2.0 -2.0 -2.0 -1.0 -3.0 -1.0 -2.0 184.0 -1.0 -1.0 -1.0 -3.0 -2.0 -1.0 -1.0 -1.0 -2.0 -2.0 -2.0 -1.0 0.0 0.0 0.0 0.0 -1.0 -2.0 -3.0 0.0 -2.0 -3.0 0.0 0.0 -3.0 -3.0 -3.0 -3.0 -3.0 -3.0 -1.0 0.0 -1.0 -2.0 -2.0 -2.0 -3.0 -3.0 -2.0 -2.0 -1.0 -3.0 0.0 -1.0 -3.0 -3.0 0.0 0.0 -1.0 -2.0 -3.0 -1.0 0.0 0.0 -2.0 -2.0 -3.0 -2.0 -1.0 -3.0 -3.0 -1.0 0.0 -3.0 -2.0 -2.0 -1.0 0.0 -3.0 -1.0 -1.0 
-1.0 -1.0 0.0 0.0 -1.0 0.0 -1.0 -3.0 -1.0 -2.0 -2.0 -1.0 -1.0 -2.0 0.0 -2.0 -3.0 -2.0 -3.0 -1.0 0.0 0.0 -2.0 0.0 -3.0 -2.0 0.0 0.0 0.0 -1.0 -2.0 -3.0 -1.0 -1.0 0.0 0.0 -1.0 -1.0 0.0 -1.0 -2.0 -3.0 0.0 -1.0 157.0 -1.0 0.0 -2.0 -3.0 0.0 -1.0 -2.0 0.0 -1.0 0.0 -1.0 -3.0 -3.0 -3.0 0.0 0.0 0.0 -1.0 0.0 -2.0 -2.0 -3.0 -3.0 -3.0 -3.0 -1.0 -3.0 -3.0 -2.0 -3.0 -2.0 -3.0 0.0 -1.0 -2.0 -2.0 -1.0 -1.0 -3.0 0.0 0.0 -3.0 0.0 -3.0 -1.0 0.0 -2.0 0.0 -3.0 -2.0 0.0 0.0 -2.0 -2.0 -3.0 -2.0 0.0 -2.0 0.0 -1.0 0.0 -2.0 0.0 0.0 -3.0 -3.0 -1.0 -2.0 -3.0 -2.0 
-3.0 -2.0 0.0 -3.0 -3.0 0.0 -3.0 0.0 -3.0 -3.0 -1.0 -1.0 -2.0 -2.0 0.0 -2.0 0.0 -3.0 -1.0 -1.0 -3.0 -3.0 -3.0 0.0 -1.0 -2.0 0.0 -2.0 -1.0 -2.0 -3.0 -3.0 -2.0 0.0 0.0 -1.0 -1.0 -3.0 0.0 -3.0 -1.0 -1.0 -1.0 -3.0 -1.0 183.0 -2.0 -3.0 -3.0 -1.0 -2.0 -2.0 -3.0 -2.0 -2.0 -2.0 -2.0 0.0 -3.0 0.0 -3.0 -1.0 -1.0 -2.0 -3.0 -3.0 -2.0 -1.0 -3.0 -1.0 0.0 -1.0 0.0 -3.0 -3.0 0.0 0.0 -1.0 -1.0 -3.0 0.0 -2.0 0.0 -3.0 -3.0 -1.0 0.0 -3.0 0.0 0.0 -3.0 -2.0 -2.0 -1.0 0.0 -3.0 -2.0 -2.0 0.0 -3.0 -1.0 -1.0 0.0 -3.0 -3.0 0.0 -1.0 -3.0 0.0 -3.0 -3.0 -1.0 0.0 -1.0 -1.0 
-2.0 -1.0 0.0 -3.0 -2.0 -2.0 -3.0 0.0 -2.0 -2.0 -3.0 -1.0 -3.0 -1.0 0.0 -1.0 0.0 0.0 0.0 0.0 -3.0 -1.0 -3.0 -2.0 0.0 -3.0 0.0 0.0 -2.0 0.0 0.0 -1.0 -1.0 -3.0 0.0 -2.0 -3.0 -2.0 0.0 -2.0 0.0 0.0 -3.0 0.0 0.0 -2.0 156.0 -1.0 -1.0 -3.0 -3.0 -1.0 -1.0 0.0 -1.0 -1.0 0.0 -1.0 -3.0 -1.0 -3.0 0.0 0.0 -2.0 -1.0 -3.0 -1.0 -1.0 -3.0 0.0 -3.0 -3.0 -2.0 -2.0 0.0 -1.0 0.0 0.0 0.0 -1.0 -2.0 -2.0 -2.0 0.0 -3.0 -1.0 0.0 -3.0 -2.0 -3.0 -2.0 0.0 -2.0 -1.0 0.0 -1.0 0.0 -2.0 0.0 -3.0 0.0 -1.0 -2.0 -1.0 -3.0 0.0 0.0 -3.0 -2.0 -3.0 -1.0 -1.0 -3.0 -3.0 -2.0 
0.0 -2.0 -1.0 -2.0 -2.0 -3.0 -3.0 0.0 0.0 0.0 -1.0 -1.0 0.0 -1.0 0.0 -1.0 -2.0 -2.0 0.0 -3.0 -1.0 -2.0 -3.0 -3.0 -3.0 -1.0 0.0 0.0 -2.0 -1.0 -3.0 0.0 -1.0 -1.0 0.0 -1.0 -2.0 0.0 0.0 -2.0 -2.0 -2.0 0.0 -2.0 -2.0 -1.0 -2.0 166.0 0.0 0.0 -3.0 -2.0 0.0 -2.0 -3.0 -3.0 0.0 -3.0 -2.0 -1.0 -1.0 -3.0 0.0 -3.0 0.0 -1.0 -2.0 0.0 -2.0 0.0 -1.0 -2.0 -2.0 0.0 -3.0 -1.0 -2.0 -3.0 -3.0 0.0 -3.0 -2.0 -1.0 0.0 -2.0 -1.0 0.0 -1.0 -1.0 -3.0 -2.0 -3.0 -3.0 -1.0 -3.0 -2.0 -1.0 -2.0 0.0 -3.0 -3.0 -2.0 -3.0 -3.0 -2.0 0.0 0.0 -3.0 0.0 0.0 -1.0 -2.0 -1.0 -1.0 -2.0 
-1.0 -2.0 0.0 0.0 0.0 -1.0 -1.0 -3.0 -1.0 -1.0 -2.0 -3.0 -1.0 0.0 -3.0 -1.0 -2.0 -3.0 0.0 -3.0 -1.0 -2.0 0.0 0.0 -1.0 -1.0 0.0 -1.0 0.0 0.0 -2.0 0.0 -1.0 -3.0 -2.0 -2.0 -3.0 -1.0 0.0 -1.0 -1.0 -3.0 -3.0 -2.0 -1.0 -3.0 -3.0 -3.0 171.0 0.0 -2.0 -2.0 0.0 -1.0 0.0 -1.0 -3.0 -2.0 -3.0 -3.0 0.0 -2.0 -3.0 -1.0 -2.0 -3.0 -2.0 -1.0 -2.0 -2.0 -3.0 -1.0 -1.0 -3.0 -1.0 -1.0 -2.0 -1.0 -3.0 -2.0 -1.0 -3.0 -1.0 0.0 -1.0 -2.0 0.0 -1.0 0.0 -2.0 -2.0 -3.0 -3.0 -3.0 0.0 -2.0 0.0 0.0 -2.0 -1.0 -2.0 -2.0 -3.0 0.0 -3.0 -2.0 0.0 -1.0 -2.0 0.0 -1.0 -2.0 -1.0 -2.0 -2.0 
-1.0 -1.0 -1.0 -2.0 -2.0 -3.0 -3.0 0.0 -2.0 -1.0 -1.0 -3.0 -2.0 -3.0 -3.0 -3.0 -1.0 -3.0 -3.0 -1.0 -3.0 -3.0 -2.0 -2.0 -1.0 -2.0 0.0 -2.0 0.0 0.0 -1.0 -3.0 0.0 -1.0 0.0 -2.0 0.0 -3.0 -2.0 -2.0 -1.0 -2.0 -3.0 -2.0 -2.0 -1.0 -1.0 0.0 0.0 177.0 -3.0 -1.0 -3.0 -2.0 -2.0 0.0 0.0 -1.0 -1.0 -2.0 -3.0 -3.0 0.0 -3.0 -3.0 -2.0 0.0 -2.0 -2.0 -3.0 -2.0 -2.0 -1.0 -2.0 -3.0 -3.0 0.0 -2.0 -3.0 0.0 -2.0 0.0 -2.0 -2.0 -1.0 0.0 -2.0 -2.0 -2.0 0.0 -2.0 -1.0 -2.0 0.0 0.0 -3.0 0.0 0.0 0.0 0.0 -3.0 0.0 -2.0 -3.0 -1.0 -2.0 0.0 -1.0 0.0 0.0 -3.0 -3.0 -1.0 0.0 -3.0 
-3.0 -3.0 -1.0 -3.0 -3.0 0.0 -2.0 0.0 0.0 -3.0 -1.0 0.0 -3.0 0.0 -2.0 0.0 -2.0 -1.0 -3.0 -1.0 -3.0 -1.0 -1.0 -2.0 -1.0 0.0 -2.0 -3.0 -1.0 -3.0 0.0 -2.0 -3.0 0.0 -1.0 0.0 0.0 -1.0 -2.0 -3.0 -1.0 -3.0 -2.0 0.0 -3.0 0.0 0.0 -1.0 0.0 0.0 185.0 0.0 -2.0 -1.0 -2.0 -3.0 -2.0 -1.0 -3.0 0.0 -2.0 -1.0 -2.0 -1.0 -1.0 -3.0 -3.0 -3.0 -1.0 -2.0 -1.0 -3.0 -1.0 -3.0 -1.0 -1.0 -3.0 -1.0 -2.0 0.0 -2.0 -1.0 -2.0 -3.0 -3.0 -1.0 -1.0 -2.0 -3.0 0.0 -1.0 -2.0 -3.0 -1.0 -3.0 -1.0 0.0 -3.0 -2.0 -2.0 -2.0 -1.0 -3.0 -2.0 -3.0 -3.0 -3.0 -1.0 -3.0 -1.0 -3.0 -3.0 0.0 0.0 -2.0 
-3.0 0.0 -3.0 -2.0 -1.0 -1.0 -1.0 -1.0 -2.0 -1.0 -3.0 0.0 -1.0 -2.0 0.0 -1.0 -3.0 -3.0 -2.0 -3.0 -3.0 -2.0 0.0 -1.0 0.0 0.0 -3.0 -2.0 -2.0 0.0 0.0 -2.0 -1.0 -2.0 0.0 -3.0 -1.0 -3.0 -1.0 -3.0 0.0 -2.0 -1.0 -2.0 -1.0 -3.0 -2.0 -2.0 -3.0 -2.0 -1.0 175.0 -2.0 -2.0 -1.0 -2.0 0.0 -2.0 -2.0 0.0 -2.0 0.0 -1.0 0.0 -3.0 -3.0 -3.0 0.0 -2.0 0.0 0.0 -1.0 -1.0 -2.0 -3.0 -3.0 -2.0 0.0 -3.0 -3.0 -1.0 0.0 -3.0 -1.0 -1.0 -3.0 0.0 -2.0 -1.0 -2.0 -3.0 -2.0 -2.0 -2.0 -2.0 -1.0 -1.0 -3.0 -3.0 -1.0 -1.0 0.0 0.0 -2.0 -2.0 -1.0 0.0 -1.0 -1.0 0.0 -3.0 -1.0 -2.0 -1.0 -2.0 
-2.0 0.0 0.0 -3.0 -3.0 -2.0 -1.0 -2.0 -3.0 -1.0 -1.0 -2.0 -1.0 -1.0 0.0 0.0 -3.0 -2.0 0.0 -1.0 -3.0 -1.0 0.0 -1.0 -2.0 0.0 -3.0 0.0 -3.0 -1.0 -1.0 -2.0 0.0 -3.0 0.0 0.0 -2.0 0.0 0.0 -3.0 -1.0 -2.0 -1.0 -3.0 -3.0 -2.0 -3.0 -1.0 -1.0 -1.0 -1.0 -1.0 175.0 -2.0 -1.0 -2.0 -1.0 0.0 -1.0 -3.0 0.0 -2.0 -1.0 -1.0 -3.0 -3.0 -2.0 -3.0 -3.0 -2.0 -2.0 -2.0 0.0 -1.0 -1.0 -2.0 -2.0 -1.0 -1.0 -3.0 0.0 -2.0 -2.0 0.0 0.0 0.0 -3.0 0.0 -1.0 -1.0 -1.0 0.0 -2.0 -1.0 -3.0 -3.0 -3.0 0.0 -1.0 -3.0 -1.0 -2.0 -3.0 -3.0 -2.0 -3.0 -3.0 -1.0 -3.0 -2.0 -1.0 -1.0 -3.0 -3.0 0.0 
0.0 0.0 -2.0 0.0 -3.0 -2.0 -3.0 -1.0 0.0 -2.0 0.0 0.0 0.0 -2.0 -3.0 -1.0 -3.0 -3.0 0.0 0.0 -3.0 -2.0 0.0 -2.0 -3.0 -3.0 -1.0 -2.0 -3.0 -3.0 0.0 -2.0 0.0 -2.0 -3.0 -2.0 -1.0 -1.0 -2.0 -2.0 -3.0 -2.0 -3.0 -2.0 0.0 0.0 0.0 -1.0 0.0 -2.0 -1.0 -1.0 -2.0 168.0 0.0 0.0 -2.0 -3.0 -2.0 -2.0 -2.0 -3.0 0.0 0.0 -2.0 -3.0 -1.0 0.0 -1.0 -1.0 0.0 0.0 -2.0 -3.0 0.0 -3.0 -3.0 -3.0 -1.0 0.0 0.0 -1.0 -2.0 -3.0 -3.0 -1.0 -1.0 -2.0 -2.0 0.0 0.0 -1.0 -1.0 -3.0 -3.0 -1.0 -1.0 0.0 -3.0 -1.0 -3.0 -2.0 0.0 -1.0 0.0 -1.0 -1.0 -3.0 -2.0 0.0 -2.0 -2.0 -2.0 -1.0 -3.0 
-2.0 -1.0 0.0 0.0 -2.0 -2.0 0.0 -1.0 -1.0 -3.0 -2.0 -1.0 0.0 0.0 -1.0 0.0 -2.0 -2.0 -2.0 -3.0 0.0 -1.0 -2.0 0.0 -3.0 -1.0 -2.0 0.0 0.0 -2.0 -3.0 -3.0 -3.0 -3.0 -3.0 -3.0 -2.0 -2.0 0.0 -3.0 0.0 0.0 -1.0 -1.0 -1.0 0.0 0.0 -2.0 -1.0 -3.0 -1.0 -3.0 -2.0 0.0 160.0 -2.0 0.0 -1.0 -2.0 -3.0 -1.0 -1.0 -2.0 -1.0 -2.0 -3.0 -2.0 0.0 -2.0 -1.0 -3.0 -1.0 -3.0 -2.0 0.0 -2.0 -2.0 -1.0 -3.0 -1.0 0.0 -1.0 -3.0 -1.0 -1.0 -3.0 -1.0 -1.0 0.0 0.0 -3.0 -2.0 -2.0 0.0 0.0 -1.0 -2.0 -1.0 -1.0 -2.0 0.0 0.0 0.0 0.0 0.0 -1.0 -1.0 -2.0 -2.0 -1.0 0.0 -2.0 -3.0 -3.0 -3.0 
-1.0 -3.0 -2.0 -3.0 0.0 -2.0 -1.0 -2.0 0.0 0.0 -3.0 -2.0 -1.0 -2.0 -2.0 -1.0 -2.0 0.0 -1.0 0.0 -2.0 -3.0 0.0 -1.0 -3.0 -3.0 -2.0 -2.0 -2.0 0.0 -3.0 -2.0 -2.0 0.0 -2.0 0.0 -2.0 -1.0 0.0 0.0 -2.0 -2.0 0.0 -2.0 -2.0 -2.0 0.0 -1.0 -2.0 -1.0 -2.0 0.0 -2.0 -3.0 -2.0 165.0 -1.0 0.0 -1.0 -1.0 0.0 -3.0 0.0 -2.0 0.0 -3.0 0.0 -2.0 -3.0 -1.0 -3.0 -3.0 -1.0 -1.0 -2.0 -3.0 0.0 -1.0 0.0 -1.0 0.0 -1.0 -3.0 -3.0 -2.0 -1.0 0.0 -2.0 -1.0 0.0 -1.0 -3.0 -3.0 -1.0 0.0 -3.0 -1.0 -1.0 -1.0 -1.0 -1.0 -2.0 -1.0 -2.0 -3.0 0.0 -3.0 -2.0 0.0 0.0 -2.0 -2.0 -3.0 -2.0 -1.0 
-3.0 -1.0 -2.0 -2.0 -2.0 -3.0 -1.0 -2.0 -1.0 -2.0 0.0 0.0 0.0 -3.0 -3.0 -2.0 0.0 -2.0 -1.0 -2.0 -2.0 0.0 -3.0 -1.0 -1.0 -2.0 -1.0 0.0 -2.0 -3.0 -1.0 0.0 -1.0 -1.0 -1.0 -1.0 0.0 0.0 -3.0 -3.0 0.0 0.0 0.0 -1.0 -2.0 -3.0 0.0 0.0 -2.0 -2.0 -1.0 -3.0 -1.0 0.0 -2.0 0.0 169.0 -2.0 -1.0 -3.0 0.0 0.0 -3.0 -3.0 -1.0 -3.0 -1.0 -2.0 0.0 -2.0 0.0 -1.0 -3.0 -1.0 -3.0 -3.0 0.0 -2.0 -3.0 -3.0 0.0 -1.0 0.0 -2.0 0.0 0.0 0.0 -3.0 -2.0 -2.0 -3.0 -3.0 -2.0 -3.0 -2.0 0.0 -3.0 -2.0 -1.0 -1.0 -1.0 -1.0 -2.0 0.0 -2.0 0.0 -3.0 -1.0 0.0 -2.0 -2.0 -3.0 -1.0 -3.0 -3.0 
-2.0 -1.0 -2.0 0.0 0.0 -3.0 -1.0 -2.0 -3.0 -1.0 0.0 -2.0 0.0 0.0 0.0 -1.0 -1.0 0.0 -3.0 -1.0 -3.0 -3.0 -1.0 -3.0 0.0 -2.0 0.0 0.0 -3.0 -2.0 -1.0 -1.0 -1.0 -3.0 -3.0 -3.0 -1.0 -3.0 -2.0 -3.0 -3.0 -1.0 -1.0 -3.0 -1.0 -1.0 -2.0 -1.0 -2.0 -1.0 -2.0 -2.0 -3.0 -2.0 -1.0 -1.0 -1.0 183.0 -2.0 -2.0 0.0 0.0 -3.0 -1.0 -2.0 -3.0 0.0 -3.0 0.0 -3.0 -3.0 -3.0 -3.0 -1.0 -3.0 -3.0 -2.0 -3.0 0.0 -1.0 -2.0 -3.0 -3.0 -2.0 0.0 -1.0 -1.0 -1.0 -2.0 -1.0 -2.0 -3.0 -3.0 0.0 -1.0 -2.0 -1.0 0.0 -3.0 0.0 -3.0 0.0 0.0 0.0 -3.0 -1.0 -2.0 -1.0 -3.0 0.0 -3.0 -2.0 -1.0 -3.0 0.0 
0.0 0.0 -3.0 0.0 -3.0 0.0 0.0 -2.0 -2.0 -3.0 -2.0 -2.0 -3.0 -2.0 -3.0 -3.0 -1.0 -2.0 0.0 -2.0 -3.0 0.0 0.0 0.0 -1.0 0.0 -1.0 -3.0 -2.0 -2.0 -3.0 -2.0 -3.0 -3.0 -2.0 -1.0 -3.0 -2.0 -1.0 -1.0 -1.0 0.0 -2.0 -1.0 0.0 -2.0 0.0 -1.0 0.0 -2.0 -3.0 -1.0 -3.0 -2.0 0.0 -1.0 -3.0 -1.0 167.0 -3.0 0.0 -3.0 -1.0 0.0 -2.0 -3.0 0.0 -1.0 -3.0 -1.0 -2.0 -1.0 -1.0 0.0 0.0 -2.0 -1.0 -2.0 -3.0 -2.0 -2.0 -1.0 0.0 -2.0 0.0 -2.0 -3.0 -3.0 -3.0 -3.0 0.0 -3.0 0.0 0.0 -2.0 -1.0 0.0 0.0 0.0 0.0 -3.0 0.0 -1.0 -1.0 -3.0 -3.0 -1.0 -2.0 -2.0 -1.0 0.0 -2.0 -3.0 0.0 0.0 
-1.0 -1.0 -1.0 -1.0 -1.0 -2.0 -1.0 -2.0 -3.0 0.0 -2.0 0.0 -1.0 -3.0 0.0 -3.0 -2.0 0.0 -2.0 0.0 -3.0 -2.0 -2.0 -3.0 0.0 -2.0 -2.0 -2.0 0.0 -1.0 -1.0 -3.0 -1.0 -1.0 0.0 0.0 -1.0 -1.0 -3.0 -3.0 -3.0 0.0 0.0 -1.0 0.0 -2.0 -3.0 -3.0 -3.0 -1.0 -1.0 -3.0 0.0 0.0 0.0 -2.0 -3.0 -3.0 -3.0 166.0 -3.0 -3.0 0.0 -1.0 -1.0 -1.0 0.0 -1.0 -2.0 -2.0 0.0 0.0 -1.0 -1.0 -2.0 -2.0 -1.0 -3.0 -2.0 -3.0 -1.0 0.0 0.0 0.0 -1.0 -1.0 -2.0 -3.0 -3.0 -2.0 -2.0 0.0 0.0 -1.0 -3.0 -3.0 -2.0 -2.0 0.0 -2.0 0.0 -1.0 -1.0 0.0 -1.0 -3.0 0.0 -1.0 0.0 -3.0 -3.0 -3.0 -2.0 -1.0 -2.0 
0.0 0.0 -2.0 0.0 -1.0 -2.0 -2.0 -3.0 0.0 -1.0 0.0 -3.0 -2.0 -3.0 -3.0 -3.0 -3.0 -3.0 -2.0 -1.0 -1.0 -3.0 0.0 -1.0 -1.0 -1.0 -3.0 -3.0 -3.0 -1.0 -3.0 0.0 0.0 -2.0 -3.0 -2.0 -2.0 -1.0 -2.0 -3.0 0.0 -2.0 -2.0 -2.0 -3.0 -1.0 -2.0 -1.0 0.0 0.0 0.0 -3.0 -2.0 -1.0 -3.0 0.0 -2.0 -3.0 0.0 -3.0 189.0 0.0 -1.0 -3.0 -1.0 -3.0 -3.0 -2.0 -2.0 -2.0 -3.0 -1.0 -2.0 -1.0 -2.0 -1.0 -2.0 -3.0 -1.0 -1.0 -1.0 -2.0 0.0 0.0 -2.0 -2.0 -2.0 -3.0 -2.0 -2.0 -1.0 -3.0 -1.0 -2.0 -2.0 -2.0 -3.0 0.0 -3.0 -2.0 0.0 -2.0 -1.0 0.0 -2.0 -3.0 -3.0 0.0 -3.0 -1.0 0.0 0.0 -1.0 -3.0 -2.0 
-1.0 0.0 -1.0 0.0 -2.0 0.0 -1.0 0.0 0.0 -3.0 -3.0 -3.0 -3.0 0.0 -2.0 0.0 0.0 -3.0 -3.0 -1.0 -3.0 -3.0 -2.0 -3.0 -2.0 -1.0 0.0 0.0 0.0 0.0 -3.0 -1.0 0.0 -1.0 -2.0 -2.0 -1.0 -2.0 -1.0 -1.0 -3.0 -3.0 -3.0 -2.0 -1.0 -3.0 0.0 -1.0 -1.0 0.0 -2.0 -1.0 -3.0 -3.0 -3.0 0.0 0.0 -2.0 0.0 -2.0 -1.0 172.0 -3.0 -2.0 -3.0 -2.0 -2.0 -2.0 0.0 -1.0 0.0 -2.0 -2.0 0.0 -1.0 -1.0 -1.0 -2.0 -1.0 0.0 -2.0 -2.0 0.0 -1.0 -2.0 -1.0 -3.0 0.0 -3.0 -2.0 -2.0 -3.0 -3.0 -3.0 -2.0 0.0 -3.0 -2.0 0.0 -1.0 -3.0 -1.0 -2.0 -1.0 -1.0 -3.0 -3.0 -1.0 -3.0 -1.0 -2.0 0.0 0.0 -1.0 -2.0 
-2.0 0.0 -3.0 -2.0 -2.0 -2.0 -3.0 -1.0 -2.0 -3.0 -1.0 -1.0 -2.0 -1.0 -2.0 0.0 -1.0 0.0 -1.0 -3.0 -3.0 -3.0 -1.0 -1.0 0.0 -2.0 -3.0 -1.0 -1.0 -3.0 -1.0 -3.0 -1.0 -1.0 0.0 -3.0 -2.0 -3.0 0.0 -3.0 -3.0 -2.0 0.0 -3.0 -3.0 -2.0 -1.0 -1.0 -1.0 -2.0 -2.0 -2.0 0.0 -3.0 -1.0 0.0 0.0 -2.0 -2.0 0.0 -3.0 0.0 195.0 -3.0 0.0 -2.0 -1.0 0.0 -3.0 -2.0 -3.0 -1.0 -3.0 -1.0 -1.0 0.0 -2.0 -3.0 -1.0 -2.0 -3.0 -3.0 0.0 -2.0 -3.0 -3.0 0.0 -1.0 -2.0 -2.0 0.0 -2.0 -3.0 -2.0 -3.0 -3.0 -2.0 -3.0 0.0 -3.0 -2.0 -2.0 -3.0 -3.0 -1.0 -2.0 -3.0 -3.0 -2.0 0.0 -2.0 0.0 -1.0 0.0 -3.0 
-1.0 -1.0 -1.0 -1.0 -3.0 -3.0 0.0 -3.0 -3.0 -1.0 -1.0 -3.0 -1.0 0.0 -3.0 0.0 -2.0 -3.0 -1.0 0.0 0.0 0.0 -2.0 -3.0 -3.0 -2.0 0.0 -1.0 -2.0 -1.0 0.0 0.0 -1.0 -2.0 -1.0 0.0 0.0 0.0 -1.0 -3.0 -1.0 -1.0 -1.0 -2.0 -1.0 -1.0 -3.0 -2.0 0.0 0.0 -2.0 0.0 0.0 -1.0 -2.0 -1.0 -1.0 -1.0 -2.0 0.0 0.0 -2.0 0.0 166.0 -3.0 -3.0 -2.0 -1.0 -2.0 -2.0 -2.0 -2.0 -3.0 -3.0 -2.0 0.0 -1.0 -2.0 -3.0 -3.0 -2.0 0.0 -2.0 0.0 -2.0 -1.0 0.0 -3.0 -2.0 -1.0 -3.0 -2.0 -2.0 -3.0 -2.0 -1.0 -1.0 -2.0 -2.0 -1.0 0.0 -2.0 -3.0 0.0 0.0 -2.0 -1.0 -1.0 -3.0 -1.0 0.0 -3.0 -3.0 -1.0 -3.0 
-1.0 -1.0 -3.0 -3.0 0.0 -3.0 0.0 -2.0 -1.0 0.0 0.0 0.0 -2.0 -1.0 -3.0 -1.0 -3.0 0.0 -2.0 -3.0 -1.0 0.0 -3.0 -2.0 -3.0 -1.0 0.0 0.0 -2.0 -2.0 -3.0 -1.0 -2.0 0.0 -1.0 -2.0 0.0 0.0 -1.0 -3.0 -2.0 0.0 0.0 -2.0 -2.0 -2.0 -1.0 -2.0 -1.0 0.0 -3.0 -3.0 0.0 0.0 -3.0 0.0 -2.0 0.0 -2.0 -2.0 -2.0 0.0 0.0 -2.0 155.0 0.0 -1.0 0.0 -2.0 0.0 0.0 0.0 0.0 0.0 0.0 0.0 -2.0 -3.0 0.0 -3.0 -1.0 0.0 -2.0 -1.0 0.0 -2.0 -2.0 -2.0 -3.0 0.0 0.0 -3.0 -2.0 -3.0 -2.0 -3.0 -2.0 -1.0 -1.0 -2.0 0.0 -3.0 0.0 -3.0 -1.0 0.0 -3.0 -2.0 -2.0 -1.0 -1.0 -3.0 -1.0 -2.0 -3.0 
-1.0 0.0 -2.0 -1.0 -3.0 0.0 -3.0 0.0 -1.0 -1.0 -2.0 -1.0 -2.0 -1.0 -1.0 -1.0 -2.0 -1.0 -3.0 -1.0 -1.0 0.0 0.0 -3.0 0.0 -1.0 -3.0 -3.0 -1.0 -2.0 -2.0 -2.0 0.0 -3.0 0.0 -3.0 -2.0 -3.0 -3.0 -3.0 -3.0 -2.0 -3.0 -2.0 -2.0 -1.0 -2.0 -3.0 -1.0 -2.0 0.0 -2.0 -2.0 -1.0 -1.0 -2.0 0.0 -2.0 0.0 0.0 -3.0 -2.0 -2.0 0.0 -1.0 179.0 0.0 -2.0 -1.0 -1.0 -1.0 -2.0 -1.0 -1.0 0.0 -1.0 0.0 -3.0 0.0 -2.0 0.0 -2.0 -2.0 -3.0 -2.0 -3.0 -3.0 0.0 -3.0 -1.0 -3.0 -3.0 0.0 -2.0 0.0 -3.0 -1.0 -1.0 -2.0 -2.0 -2.0 -2.0 -3.0 -3.0 0.0 -2.0 -1.0 -1.0 -2.0 0.0 -2.0 -3.0 -3.0 -3.0 0.0 
-2.0 0.0 -3.0 -2.0 -2.0 -2.0 -2.0 0.0 0.0 -3.0 -2.0 -3.0 0.0 -1.0 -3.0 -2.0 -2.0 -3.0 0.0 -3.0 -2.0 -3.0 -3.0 -1.0 -3.0 -1.0 0.0 -1.0 -2.0 0.0 -2.0 -2.0 0.0 0.0 0.0 -1.0 -2.0 -2.0 -2.0 -1.0 -3.0 0.0 0.0 -3.0 -3.0 0.0 -1.0 -2.0 -2.0 -2.0 -3.0 -2.0 -3.0 0.0 -2.0 -1.0 -1.0 -3.0 0.0 0.0 -2.0 -2.0 0.0 -2.0 -1.0 -2.0 162.0 -2.0 -2.0 -2.0 -2.0 -3.0 -1.0 -1.0 -1.0 -1.0 0.0 -2.0 -1.0 0.0 0.0 0.0 -2.0 -3.0 -3.0 -3.0 -2.0 0.0 0.0 0.0 -3.0 0.0 0.0 -2.0 -3.0 -1.0 0.0 -1.0 0.0 -1.0 0.0 -1.0 -2.0 -3.0 -1.0 -1.0 -1.0 0.0 0.0 -2.0 -1.0 -1.0 -1.0 0.0 -3.0 
-3.0 -3.0 0.0 0.0 -2.0 -2.0 -1.0 0.0 -3.0 0.0 -3.0 -2.0 -1.0 -2.0 0.0 -1.0 0.0 0.0 -2.0 0.0 -1.0 0.0 -2.0 0.0 -2.0 -2.0 -2.0 0.0 0.0 0.0 0.0 0.0 -3.0 0.0 -1.0 -1.0 -3.0 -1.0 0.0 -2.0 0.0 -2.0 -3.0 -1.0 -1.0 -1.0 0.0 -3.0 -3.0 -2.0 -3.0 -1.0 0.0 0.0 -3.0 -1.0 -3.0 -2.0 -1.0 -2.0 0.0 -3.0 0.0 -3.0 -2.0 0.0 -2.0 153.0 -1.0 -1.0 -2.0 -1.0 -3.0 -1.0 0.0 0.0 -2.0 -1.0 -3.0 -2.0 -3.0 -1.0 -2.0 -2.0 0.0 -3.0 -2.0 -2.0 -2.0 -3.0 -3.0 -3.0 -2.0 -2.0 -1.0 0.0 0.0 -3.0 -1.0 0.0 -3.0 0.0 0.0 0.0 0.0 -3.0 0.0 -1.0 -2.0 -1.0 -1.0 -2.0 0.0 0.0 -1.0 
0.0 -1.0 0.0 0.0 -1.0 -2.0 -3.0 0.0 -2.0 0.0 -3.0 0.0 0.0 -3.0 -1.0 -2.0 -3.0 -1.0 -2.0 -1.0 -1.0 -3.0 -1.0 0.0 -1.0 -2.0 -1.0 0.0 0.0 -2.0 0.0 0.0 -1.0 -1.0 -3.0 -3.0 0.0 -2.0 -2.0 -2.0 -2.0 -3.0 0.0 0.0 0.0 0.0 -2.0 0.0 0.0 -3.0 0.0 -1.0 0.0 0.0 -3.0 -1.0 -1.0 0.0 0.0 -3.0 -2.0 -1.0 -1.0 0.0 0.0 -3.0 0.0 -3.0 143.0 0.0 -1.0 -2.0 0.0 0.0 -3.0 -3.0 -1.0 0.0 -2.0 -2.0 0.0 -2.0 -1.0 -2.0 -1.0 0.0 -3.0 -1.0 -3.0 -1.0 0.0 -3.0 -2.0 -3.0 0.0 -2.0 -3.0 -2.0 -3.0 0.0 -3.0 0.0 0.0 -3.0 -3.0 -1.0 -1.0 -1.0 0.0 -2.0 -3.0 0.0 0.0 -1.0 0.0 
-3.0 -1.0 -3.0 -2.0 -1.0 0.0 -2.0 -3.0 -1.0 -1.0 -3.0 0.0 -3.0 -1.0 -3.0 0.0 -2.0 -1.0 -3.0 0.0 -3.0 -3.0 -2.0 -3.0 -2.0 -1.0 -1.0 -3.0 -3.0 -3.0 -2.0 -1.0 -1.0 -3.0 -2.0 0.0 -3.0 0.0 -2.0 0.0 0.0 -1.0 -3.0 -2.0 0.0 -1.0 -3.0 -1.0 0.0 -3.0 -1.0 -1.0 0.0 -1.0 -1.0 -3.0 -2.0 -2.0 -2.0 -1.0 -1.0 -2.0 -1.0 -2.0 -2.0 -3.0 -3.0 -3.0 0.0 187.0 -3.0 -2.0 -3.0 -3.0 -1.0 -2.0 -2.0 0.0 -1.0 0.0 0.0 0.0 0.0 -3.0 0.0 0.0 0.0 -3.0 0.0 -3.0 -3.0 -2.0 -3.0 0.0 -2.0 -3.0 -2.0 -3.0 -1.0 0.0 -3.0 -2.0 0.0 -3.0 -2.0 -2.0 -1.0 -3.0 -2.0 -1.0 -1.0 -1.0 -3.0 -2.0 0.0 
-3.0 -3.0 -1.0 -2.0 -1.0 -3.0 -3.0 -3.0 -3.0 -3.0 -1.0 -1.0 0.0 0.0 -3.0 -2.0 0.0 -3.0 0.0 -1.0 0.0 -3.0 -2.0 -2.0 -2.0 -3.0 -2.0 -3.0 0.0 -3.0 -3.0 -3.0 0.0 -2.0 0.0 0.0 -3.0 -3.0 0.0 -3.0 -1.0 -2.0 -3.0 -3.0 -3.0 -1.0 -2.0 -2.0 -1.0 -1.0 -2.0 0.0 -1.0 -1.0 -3.0 -2.0 -2.0 -3.0 0.0 -2.0 -3.0 -2.0 -3.0 -3.0 0.0 0.0 -2.0 -1.0 -2.0 -1.0 183.0 -1.0 0.0 -2.0 -2.0 0.0 0.0 -2.0 -2.0 -3.0 0.0 -2.0 0.0 0.0 0.0 -3.0 -1.0 -1.0 0.0 -3.0 -1.0 -3.0 -2.0 0.0 -1.0 -3.0 0.0 0.0 -1.0 -1.0 -3.0 -2.0 -1.0 0.0 -2.0 0.0 -3.0 -2.0 0.0 0.0 -2.0 -2.0 -3.0 -1.0 -3.0 
-2.0 0.0 -3.0 -2.0 -1.0 -3.0 0.0 -3.0 -1.0 -1.0 -1.0 -2.0 -2.0 -3.0 -1.0 -1.0 0.0 0.0 -1.0 0.0 -1.0 -3.0 0.0 -3.0 0.0 -3.0 -2.0 0.0 -2.0 -1.0 -1.0 -3.0 -3.0 0.0 -3.0 -1.0 -3.0 -3.0 0.0 -3.0 -2.0 0.0 -3.0 -2.0 -3.0 -3.0 0.0 -2.0 0.0 -1.0 0.0 -2.0 -2.0 -2.0 -2.0 0.0 -3.0 -1.0 0.0 0.0 0.0 -2.0 0.0 -3.0 -2.0 -3.0 -2.0 0.0 -1.0 0.0 -1.0 170.0 -2.0 -1.0 -1.0 0.0 -2.0 -2.0 -3.0 -1.0 -1.0 -2.0 -3.0 0.0 -3.0 -3.0 -1.0 -2.0 -1.0 -2.0 0.0 -1.0 -3.0 -1.0 -3.0 0.0 -2.0 -2.0 0.0 -3.0 -1.0 -1.0 0.0 -2.0 -1.0 -2.0 0.0 -3.0 -1.0 -3.0 0.0 -1.0 -3.0 -3.0 0.0 
0.0 -3.0 -1.0 -1.0 0.0 -2.0 -2.0 -2.0 -2.0 -3.0 -1.0 0.0 -2.0 -3.0 -1.0 -2.0 -2.0 -3.0 -3.0 0.0 -2.0 -3.0 0.0 -2.0 0.0 -1.0 0.0 -2.0 -2.0 -2.0 -1.0 0.0 -2.0 -3.0 -3.0 -3.0 -3.0 -1.0 0.0 -2.0 -3.0 -3.0 -3.0 -1.0 -2.0 -3.0 -3.0 -1.0 0.0 0.0 -2.0 -2.0 -2.0 -1.0 -2.0 0.0 0.0 0.0 -3.0 0.0 -2.0 0.0 -2.0 -2.0 -3.0 -3.0 -2.0 -1.0 0.0 0.0 -2.0 -3.0 188.0 0.0 -3.0 -1.0 0.0 -1.0 0.0 0.0 -3.0 -3.0 -3.0 -2.0 -2.0 -1.0 -3.0 -1.0 -1.0 0.0 -3.0 -1.0 -2.0 0.0 0.0 -1.0 -1.0 0.0 -3.0 -1.0 -1.0 -3.0 -3.0 -1.0 -3.0 -2.0 -2.0 -3.0 -1.0 -3.0 -2.0 -3.0 -3.0 -3.0 -3.0 
-1.0 -3.0 -2.0 -3.0 -3.0 -2.0 -3.0 -2.0 0.0 -3.0 0.0 -1.0 -2.0 -3.0 -1.0 0.0 0.0 -2.0 -3.0 -1.0 0.0 0.0 0.0 -2.0 -1.0 -3.0 -1.0 0.0 -1.0 -2.0 -2.0 -1.0 -1.0 -1.0 -1.0 0.0 -2.0 -2.0 -2.0 -1.0 -3.0 -1.0 -1.0 -3.0 -3.0 -3.0 -2.0 -3.0 -3.0 0.0 -3.0 -1.0 -3.0 -1.0 -1.0 -3.0 -1.0 -2.0 0.0 -1.0 -3.0 0.0 -3.0 0.0 0.0 -2.0 0.0 -3.0 -2.0 -2.0 -3.0 -1.0 0.0 171.0 -3.0 -3.0 -2.0 -2.0 -3.0 0.0 -2.0 -2.0 0.0 -1.0 -2.0 -2.0 0.0 0.0 0.0 -1.0 -1.0 0.0 -2.0 -1.0 -2.0 -2.0 0.0 -1.0 -2.0 -3.0 -3.0 -3.0 0.0 -2.0 -3.0 -3.0 -1.0 0.0 -1.0 0.0 0.0 -1.0 0.0 0.0 -2.0 
-3.0 -2.0 -3.0 -3.0 -3.0 -2.0 -2.0 -2.0 -3.0 0.0 -1.0 0.0 0.0 0.0 -1.0 0.0 -2.0 -3.0 -3.0 0.0 -3.0 -2.0 -3.0 -1.0 0.0 -2.0 -2.0 -2.0 -3.0 0.0 -2.0 -3.0 -2.0 -3.0 -1.0 0.0 0.0 -3.0 0.0 0.0 0.0 -3.0 -2.0 -2.0 -1.0 -1.0 -1.0 0.0 -2.0 -3.0 -2.0 -3.0 -3.0 -3.0 0.0 -1.0 -3.0 -2.0 -3.0 -1.0 -3.0 -1.0 -2.0 0.0 -2.0 -3.0 -3.0 -2.0 -2.0 0.0 0.0 0.0 0.0 -1.0 181.0 -1.0 -2.0 -3.0 -1.0 -3.0 0.0 -3.0 -2.0 0.0 -3.0 -3.0 -3.0 0.0 0.0 -2.0 -2.0 -2.0 -3.0 -1.0 -2.0 -1.0 -2.0 0.0 0.0 -2.0 -3.0 -2.0 0.0 -2.0 -3.0 -2.0 0.0 0.0 -3.0 0.0 0.0 0.0 -1.0 -2.0 -2.0 
0.0 -1.0 -3.0 -3.0 -1.0 -3.0 -3.0 -1.0 -1.0 -1.0 -1.0 -3.0 -3.0 -3.0 -1.0 0.0 -2.0 -3.0 -2.0 0.0 -3.0 -3.0 -3.0 -2.0 -3.0 -2.0 0.0 -1.0 -3.0 -1.0 -2.0 0.0 -3.0 -1.0 -1.0 -1.0 -1.0 -1.0 -3.0 -2.0 0.0 -1.0 -3.0 0.0 -1.0 0.0 -2.0 -2.0 -3.0 -2.0 0.0 -3.0 -3.0 -1.0 0.0 -1.0 0.0 0.0 0.0 -1.0 0.0 -3.0 -1.0 -1.0 -2.0 0.0 -1.0 -2.0 -1.0 0.0 -1.0 0.0 -1.0 -3.0 -2.0 167.0 0.0 -1.0 -2.0 -3.0 -2.0 -1.0 0.0 -3.0 0.0 -1.0 -1.0 0.0 -2.0 0.0 -2.0 -2.0 -1.0 -2.0 -2.0 -2.0 0.0 0.0 -2.0 -3.0 -2.0 -2.0 -2.0 -2.0 -2.0 -1.0 -2.0 -3.0 -3.0 -1.0 -1.0 0.0 -1.0 0.0 -1.0 
-3.0 -3.0 -3.0 -2.0 -1.0 -2.0 -1.0 -2.0 -1.0 0.0 -1.0 0.0 0.0 0.0 -3.0 -1.0 -1.0 -1.0 -1.0 -2.0 0.0 -1.0 0.0 -3.0 -2.0 0.0 -3.0 -2.0 -3.0 0.0 -1.0 -1.0 -2.0 -2.0 0.0 -3.0 -1.0 -1.0 0.0 -3.0 0.0 -1.0 -1.0 -1.0 -3.0 0.0 -2.0 -2.0 -3.0 0.0 -3.0 -3.0 -2.0 -3.0 -3.0 0.0 0.0 0.0 -2.0 0.0 -1.0 -2.0 -3.0 0.0 0.0 0.0 -1.0 0.0 -2.0 -1.0 -1.0 -2.0 -1.0 0.0 0.0 -3.0 165.0 0.0 -1.0 -2.0 -1.0 -2.0 0.0 -3.0 -2.0 -2.0 -2.0 -3.0 0.0 -2.0 -2.0 -3.0 -1.0 -2.0 0.0 -1.0 0.0 -2.0 -3.0 0.0 0.0 -3.0 -3.0 -1.0 -3.0 -1.0 -3.0 -1.0 -2.0 0.0 -3.0 -2.0 -1.0 -3.0 -3.0 
-1.0 -1.0 0.0 -1.0 -1.0 -2.0 0.0 0.0 -1.0 -1.0 -1.0 -2.0 -1.0 -2.0 -3.0 0.0 0.0 0.0 -2.0 -2.0 0.0 -2.0 -1.0 -2.0 -3.0 -1.0 0.0 -2.0 -2.0 -2.0 -2.0 -2.0 -3.0 -2.0 0.0 -2.0 -1.0 -1.0 -1.0 -1.0 -1.0 0.0 -1.0 -3.0 -1.0 -3.0 0.0 -1.0 0.0 -2.0 -1.0 -1.0 -3.0 -3.0 0.0 -2.0 -1.0 -3.0 -3.0 -3.0 -2.0 -1.0 -1.0 0.0 -2.0 -3.0 -3.0 0.0 -1.0 -2.0 -2.0 -1.0 -3.0 -3.0 -3.0 -3.0 -2.0 175.0 -2.0 -2.0 -2.0 -2.0 -2.0 -2.0 -3.0 -2.0 0.0 -3.0 0.0 0.0 0.0 -3.0 -1.0 -1.0 -2.0 -3.0 -1.0 0.0 -3.0 0.0 -1.0 -1.0 -3.0 -3.0 -1.0 -3.0 -1.0 -3.0 0.0 -1.0 -3.0 -3.0 -2.0 -1.0 0.0 
-3.0 0.0 0.0 -3.0 -3.0 0.0 -1.0 0.0 0.0 -1.0 -3.0 -2.0 -2.0 -2.0 -3.0 0.0 -2.0 -2.0 -3.0 0.0 -1.0 -3.0 -3.0 -3.0 0.0 0.0 -3.0 -3.0 0.0 0.0 -1.0 -1.0 -3.0 -1.0 -3.0 -1.0 0.0 -1.0 -1.0 -3.0 -3.0 -2.0 0.0 0.0 -2.0 0.0 -3.0 -2.0 0.0 -1.0 -1.0 -3.0 -3.0 -1.0 -1.0 -1.0 -3.0 -2.0 -3.0 -1.0 0.0 -2.0 0.0 -2.0 -3.0 -1.0 -3.0 -2.0 -2.0 -1.0 -2.0 -3.0 0.0 -2.0 0.0 -1.0 0.0 -1.0 175.0 0.0 -1.0 -1.0 -3.0 -1.0 -2.0 -2.0 -2.0 0.0 -3.0 -3.0 -3.0 0.0 -2.0 -3.0 -3.0 0.0 -2.0 -2.0 -1.0 -1.0 0.0 -3.0 -3.0 -2.0 0.0 -3.0 -1.0 0.0 -3.0 0.0 0.0 -3.0 0.0 -1.0 -3.0 
-1.0 0.0 -2.0 0.0 -2.0 0.0 -2.0 0.0 -2.0 -2.0 -3.0 0.0 -2.0 -3.0 -1.0 0.0 0.0 -3.0 -1.0 0.0 -2.0 -3.0 -2.0 -2.0 -2.0 0.0 -2.0 0.0 0.0 -3.0 -3.0 -2.0 -2.0 -2.0 -3.0 -2.0 0.0 -3.0 0.0 -1.0 -1.0 0.0 -3.0 -2.0 -3.0 0.0 -2.0 -3.0 -3.0 -3.0 -3.0 -3.0 -1.0 -2.0 0.0 -2.0 -2.0 -1.0 -1.0 -2.0 -2.0 0.0 -1.0 -2.0 -1.0 0.0 -2.0 -1.0 0.0 -3.0 -1.0 -3.0 -3.0 0.0 0.0 -2.0 -3.0 -3.0 -3.0 178.0 -1.0 0.0 0.0 -2.0 0.0 -2.0 -3.0 -2.0 -1.0 -2.0 -2.0 0.0 -1.0 -2.0 -1.0 -3.0 -3.0 -3.0 -3.0 -2.0 -1.0 -3.0 -3.0 -1.0 0.0 -2.0 -1.0 -2.0 -1.0 0.0 -1.0 -1.0 -3.0 0.0 -1.0 
-1.0 -2.0 -1.0 0.0 -1.0 -1.0 -2.0 0.0 -2.0 0.0 -1.0 -1.0 -1.0 -2.0 -3.0 -3.0 -3.0 -3.0 -1.0 -2.0 0.0 -2.0 -3.0 -3.0 -1.0 -3.0 -1.0 -2.0 -1.0 0.0 -2.0 0.0 -2.0 0.0 -1.0 0.0 -2.0 -1.0 -1.0 -1.0 -2.0 0.0 -2.0 0.0 -2.0 0.0 0.0 -2.0 -3.0 -1.0 -2.0 -2.0 -1.0 -3.0 -1.0 -1.0 -3.0 0.0 -3.0 -1.0 -3.0 0.0 -1.0 0.0 -3.0 -3.0 -3.0 0.0 -1.0 0.0 -2.0 -1.0 -3.0 -3.0 0.0 -1.0 0.0 0.0 -2.0 -1.0 176.0 -3.0 -2.0 -3.0 -3.0 -3.0 -3.0 -3.0 -2.0 -3.0 -2.0 -2.0 0.0 0.0 0.0 -1.0 -3.0 -2.0 0.0 -2.0 -2.0 -3.0 -2.0 -2.0 0.0 0.0 -3.0 -2.0 0.0 -1.0 -3.0 -3.0 -3.0 -1.0 -2.0 
-1.0 -1.0 -1.0 -1.0 0.0 -1.0 -3.0 0.0 -1.0 0.0 -3.0 -2.0 -3.0 -2.0 -2.0 -1.0 -2.0 -3.0 -2.0 0.0 -3.0 -3.0 -2.0 0.0 0.0 -2.0 -1.0 -3.0 0.0 0.0 -2.0 -3.0 -2.0 -2.0 0.0 0.0 -1.0 0.0 -1.0 -1.0 -1.0 -1.0 -1.0 -1.0 -3.0 0.0 -2.0 0.0 -3.0 -1.0 -2.0 -1.0 -2.0 -1.0 -3.0 -2.0 -1.0 -2.0 -3.0 0.0 -1.0 -3.0 -2.0 0.0 -3.0 -2.0 0.0 -3.0 0.0 -2.0 -1.0 -1.0 0.0 -3.0 0.0 0.0 0.0 -1.0 0.0 0.0 0.0 164.0 -2.0 -1.0 0.0 -3.0 -2.0 -2.0 -3.0 -1.0 -1.0 -2.0 -2.0 -3.0 -2.0 0.0 -2.0 -2.0 -2.0 -3.0 -2.0 -1.0 -2.0 -1.0 -2.0 -2.0 -2.0 -3.0 -2.0 0.0 0.0 -3.0 -3.0 -1.0 0.0 
-3.0 -2.0 -2.0 0.0 -2.0 -3.0 -1.0 -1.0 -3.0 0.0 -1.0 -3.0 -1.0 -2.0 -3.0 0.0 -1.0 -1.0 -1.0 -2.0 0.0 -3.0 -2.0 -2.0 -3.0 -1.0 0.0 0.0 -1.0 -2.0 -2.0 -3.0 0.0 -3.0 -1.0 -1.0 -3.0 -3.0 -3.0 0.0 0.0 0.0 -3.0 0.0 0.0 -1.0 0.0 0.0 -2.0 -1.0 -2.0 -1.0 -2.0 -1.0 0.0 -2.0 -2.0 -2.0 0.0 -2.0 -3.0 -3.0 -3.0 -2.0 -1.0 -2.0 -1.0 -1.0 -1.0 -3.0 -3.0 -1.0 -2.0 0.0 -1.0 -3.0 -1.0 -3.0 -1.0 0.0 -2.0 0.0 167.0 -3.0 -3.0 -3.0 0.0 0.0 0.0 -2.0 -1.0 -2.0 -3.0 -3.0 0.0 0.0 -1.0 0.0 0.0 0.0 -2.0 -1.0 -1.0 0.0 0.0 -2.0 0.0 -3.0 -2.0 -2.0 -3.0 -1.0 -2.0 -1.0 -3.0 
0.0 -2.0 -1.0 -3.0 -3.0 -3.0 -3.0 -1.0 -2.0 -3.0 -2.0 -2.0 0.0 -3.0 -2.0 -2.0 0.0 -1.0 -1.0 -3.0 -2.0 -3.0 -2.0 -1.0 -1.0 -1.0 -2.0 -1.0 0.0 -1.0 0.0 -1.0 -3.0 0.0 -2.0 -1.0 -3.0 0.0 -2.0 0.0 -3.0 -1.0 -2.0 -3.0 -2.0 -2.0 -3.0 -2.0 -2.0 0.0 -2.0 0.0 -2.0 -2.0 -3.0 0.0 -1.0 -2.0 -1.0 0.0 -1.0 -3.0 0.0 0.0 0.0 -2.0 -1.0 -1.0 -1.0 0.0 0.0 0.0 -1.0 -3.0 -2.0 -3.0 -1.0 -3.0 -2.0 -3.0 -2.0 -2.0 -2.0 179.0 0.0 -1.0 0.0 0.0 -1.0 -1.0 -3.0 -2.0 -2.0 0.0 -3.0 -1.0 -2.0 0.0 -3.0 -3.0 -3.0 0.0 -1.0 -3.0 -3.0 -2.0 -3.0 -3.0 0.0 -3.0 -1.0 -1.0 -1.0 -1.0 -3.0 
-2.0 0.0 -1.0 0.0 0.0 -1.0 -3.0 -3.0 -2.0 -3.0 -2.0 -1.0 -1.0 -1.0 -3.0 -1.0 -2.0 -1.0 -2.0 -3.0 0.0 -3.0 0.0 -1.0 -1.0 -2.0 -1.0 -1.0 -3.0 -2.0 0.0 -1.0 0.0 0.0 -1.0 -3.0 -2.0 -1.0 -2.0 -3.0 -3.0 0.0 -3.0 -3.0 0.0 -2.0 -3.0 -3.0 -2.0 -2.0 -3.0 -2.0 0.0 -2.0 -1.0 -1.0 0.0 -1.0 -1.0 -3.0 -1.0 -3.0 0.0 -3.0 0.0 -2.0 -2.0 -3.0 0.0 0.0 -2.0 -2.0 0.0 0.0 -2.0 -1.0 -2.0 -2.0 -3.0 -2.0 -2.0 -3.0 0.0 0.0 175.0 -1.0 -3.0 -2.0 -2.0 -3.0 -2.0 -3.0 -3.0 -2.0 -1.0 -1.0 -1.0 0.0 -3.0 -1.0 -1.0 -3.0 -1.0 0.0 -3.0 -3.0 -1.0 -2.0 -2.0 -1.0 0.0 0.0 0.0 0.0 -1.0 
-3.0 0.0 0.0 -3.0 -1.0 -2.0 -2.0 0.0 -2.0 -3.0 -2.0 -1.0 -2.0 -3.0 0.0 -1.0 -2.0 -3.0 -2.0 0.0 -2.0 -3.0 -1.0 -2.0 -2.0 0.0 0.0 0.0 -3.0 -1.0 -2.0 -1.0 -3.0 0.0 -1.0 0.0 -1.0 -1.0 0.0 -2.0 0.0 0.0 -2.0 0.0 -1.0 -3.0 -3.0 -3.0 -3.0 0.0 -3.0 0.0 -2.0 -1.0 0.0 -3.0 -2.0 -2.0 0.0 0.0 -1.0 0.0 -2.0 -2.0 0.0 -3.0 -2.0 -1.0 -1.0 -3.0 -1.0 -1.0 0.0 0.0 -3.0 -3.0 -1.0 0.0 -3.0 0.0 -1.0 -1.0 -2.0 -2.0 -3.0 161.0 0.0 -2.0 -1.0 0.0 -3.0 -3.0 -1.0 0.0 -1.0 -2.0 0.0 0.0 -2.0 -3.0 -2.0 -1.0 -1.0 0.0 -1.0 -2.0 -3.0 -2.0 0.0 -3.0 -1.0 -2.0 0.0 -1.0 -3.0 
0.0 -2.0 -2.0 0.0 -3.0 -3.0 0.0 -3.0 -3.0 0.0 -1.0 -3.0 0.0 -2.0 -2.0 -2.0 -2.0 -1.0 -1.0 -3.0 -1.0 -1.0 -2.0 -2.0 -1.0 -3.0 0.0 0.0 -1.0 -3.0 0.0 -2.0 0.0 -3.0 -2.0 0.0 -3.0 0.0 -1.0 -1.0 -2.0 -2.0 -1.0 0.0 0.0 -3.0 -1.0 -1.0 -2.0 -1.0 -2.0 0.0 -3.0 0.0 -1.0 -3.0 -1.0 -1.0 -3.0 -1.0 0.0 -3.0 -3.0 -2.0 -2.0 -2.0 -1.0 -1.0 0.0 -2.0 -1.0 -1.0 0.0 0.0 -2.0 -3.0 -2.0 -2.0 0.0 -2.0 -1.0 0.0 0.0 -1.0 -1.0 -1.0 167.0 -2.0 -3.0 -1.0 0.0 -2.0 -2.0 -1.0 -1.0 -3.0 -2.0 -2.0 0.0 -2.0 -3.0 -3.0 0.0 -2.0 0.0 -1.0 -2.0 -1.0 -3.0 -1.0 -3.0 -3.0 0.0 -1.0 -3.0 
-1.0 0.0 0.0 0.0 -1.0 -2.0 -1.0 0.0 -1.0 -2.0 -3.0 -2.0 -2.0 -1.0 -2.0 -2.0 -1.0 -1.0 0.0 -2.0 0.0 -3.0 -3.0 -2.0 -1.0 -1.0 0.0 0.0 -3.0 -2.0 -2.0 0.0 -2.0 -2.0 -2.0 0.0 -1.0 -1.0 -3.0 -1.0 -3.0 -1.0 -1.0 -1.0 0.0 -2.0 -3.0 -2.0 -3.0 -3.0 -1.0 -2.0 0.0 -2.0 -1.0 -1.0 0.0 -2.0 0.0 0.0 -3.0 -3.0 -1.0 0.0 0.0 0.0 -2.0 0.0 -2.0 -2.0 -3.0 0.0 -1.0 -1.0 -3.0 -2.0 -2.0 -2.0 -1.0 -3.0 0.0 0.0 -1.0 -1.0 -3.0 -3.0 -1.0 152.0 -1.0 -1.0 -3.0 -2.0 -1.0 0.0 -2.0 0.0 -2.0 0.0 -2.0 -3.0 -2.0 -1.0 -1.0 -1.0 -1.0 -1.0 -1.0 0.0 -3.0 0.0 0.0 0.0 -1.0 0.0 -2.0 
-3.0 0.0 -2.0 -2.0 -2.0 -1.0 -3.0 -1.0 -2.0 -3.0 -1.0 -2.0 -2.0 0.0 -2.0 0.0 -1.0 -1.0 -1.0 -1.0 -2.0 0.0 0.0 -2.0 0.0 -2.0 -2.0 -2.0 -3.0 -2.0 -3.0 -2.0 -1.0 -2.0 -1.0 -3.0 0.0 -2.0 -3.0 -2.0 -3.0 0.0 -2.0 -3.0 0.0 -3.0 -3.0 -1.0 -2.0 -2.0 -3.0 0.0 -3.0 -3.0 -2.0 -1.0 -3.0 -1.0 -2.0 -2.0 -2.0 -1.0 -3.0 -1.0 -3.0 -2.0 -1.0 -1.0 -1.0 -2.0 -2.0 0.0 0.0 -3.0 -1.0 -2.0 -2.0 -1.0 -2.0 -1.0 -1.0 -1.0 -3.0 -1.0 -1.0 -3.0 -1.0 -3.0 185.0 -3.0 0.0 -2.0 -1.0 -1.0 -3.0 0.0 -1.0 -3.0 -1.0 -1.0 0.0 0.0 -3.0 0.0 -2.0 -1.0 0.0 0.0 0.0 -3.0 -1.0 -3.0 -2.0 -3.0 -3.0 
-1.0 -3.0 0.0 -3.0 -3.0 0.0 -2.0 -2.0 -2.0 -1.0 -3.0 -3.0 -3.0 -2.0 0.0 -3.0 -3.0 -2.0 -1.0 -1.0 -1.0 0.0 -3.0 0.0 0.0 0.0 -2.0 -1.0 0.0 -1.0 -1.0 -1.0 -3.0 -3.0 -1.0 0.0 -2.0 -1.0 -2.0 0.0 0.0 0.0 -3.0 -1.0 0.0 -3.0 -3.0 -1.0 -2.0 -2.0 0.0 0.0 -1.0 0.0 -3.0 0.0 0.0 -1.0 -3.0 -2.0 -3.0 -2.0 0.0 -1.0 -3.0 -2.0 -1.0 -1.0 -3.0 -1.0 0.0 -1.0 0.0 0.0 -2.0 0.0 -1.0 -1.0 -3.0 -1.0 -3.0 -1.0 -3.0 -1.0 -2.0 0.0 0.0 -1.0 0.0 162.0 0.0 -1.0 -2.0 -3.0 -3.0 -3.0 -1.0 -3.0 -1.0 -2.0 -2.0 -2.0 -1.0 -3.0 0.0 -1.0 -2.0 -2.0 0.0 -1.0 -2.0 0.0 -1.0 -2.0 -2.0 
0.0 0.0 -3.0 -2.0 -2.0 -2.0 -1.0 -2.0 -1.0 -2.0 -3.0 -1.0 0.0 -1.0 -2.0 -1.0 -1.0 -2.0 -3.0 -2.0 0.0 0.0 -3.0 -3.0 0.0 -2.0 -3.0 -1.0 -3.0 -1.0 -3.0 -1.0 -1.0 0.0 0.0 -1.0 -2.0 0.0 0.0 -2.0 -2.0 -3.0 -1.0 -2.0 -3.0 0.0 -1.0 -3.0 0.0 -2.0 -1.0 -3.0 -3.0 -2.0 -1.0 -3.0 -3.0 -1.0 -1.0 0.0 0.0 -2.0 0.0 -1.0 -3.0 -3.0 -3.0 -3.0 0.0 -1.0 -3.0 -3.0 0.0 -1.0 0.0 -3.0 0.0 -1.0 0.0 -2.0 0.0 -3.0 -2.0 -2.0 0.0 -2.0 -3.0 -2.0 -1.0 -3.0 167.0 -1.0 -2.0 0.0 0.0 -1.0 -3.0 -3.0 -1.0 -3.0 0.0 -2.0 -1.0 -3.0 -2.0 0.0 0.0 -1.0 -1.0 0.0 -2.0 0.0 0.0 -2.0 0.0 
-2.0 -1.0 -3.0 -2.0 -1.0 -3.0 -2.0 -3.0 -1.0 -2.0 -3.0 0.0 -1.0 -2.0 -3.0 0.0 -1.0 -3.0 -2.0 -2.0 -3.0 -3.0 -1.0 -2.0 -2.0 -2.0 -1.0 0.0 -2.0 0.0 -2.0 -2.0 -1.0 0.0 0.0 0.0 -1.0 0.0 -3.0 -2.0 -1.0 -3.0 -1.0 -1.0 -1.0 -3.0 0.0 -3.0 -2.0 -3.0 -1.0 -2.0 0.0 0.0 -1.0 0.0 -2.0 -3.0 -3.0 -1.0 -3.0 -2.0 -1.0 0.0 -3.0 -2.0 -2.0 -3.0 0.0 -3.0 -2.0 -1.0 0.0 -3.0 0.0 -3.0 -2.0 -3.0 -1.0 0.0 0.0 -3.0 -2.0 0.0 -3.0 -1.0 -2.0 -1.0 -1.0 -3.0 -3.0 188.0 -2.0 -1.0 -2.0 -1.0 -3.0 -1.0 -1.0 0.0 -1.0 -2.0 -3.0 -3.0 -2.0 0.0 -3.0 -3.0 -1.0 -3.0 -3.0 -2.0 0.0 -2.0 -1.0 
-3.0 -2.0 -2.0 -3.0 0.0 -2.0 -1.0 -3.0 -2.0 -1.0 -1.0 -3.0 -3.0 -1.0 -2.0 -3.0 -2.0 -1.0 -3.0 -3.0 -1.0 0.0 -3.0 0.0 0.0 0.0 -1.0 -1.0 -2.0 -3.0 0.0 -1.0 -1.0 0.0 -3.0 -1.0 -3.0 0.0 0.0 -3.0 -1.0 -1.0 -3.0 0.0 -1.0 -1.0 -1.0 -3.0 -3.0 -2.0 -2.0 -1.0 -1.0 -3.0 -1.0 0.0 -3.0 -2.0 -3.0 0.0 -3.0 -1.0 -3.0 -2.0 -3.0 -2.0 -1.0 0.0 -3.0 0.0 -3.0 -3.0 0.0 0.0 -1.0 0.0 -2.0 -3.0 -3.0 -2.0 -2.0 -2.0 0.0 -3.0 -2.0 -1.0 -2.0 -3.0 0.0 -3.0 -1.0 -1.0 181.0 -3.0 -2.0 0.0 -1.0 -1.0 -2.0 0.0 -3.0 0.0 -1.0 -3.0 -3.0 -1.0 -2.0 0.0 -1.0 -1.0 -2.0 0.0 -2.0 -2.0 0.0 
0.0 -1.0 -2.0 -1.0 -3.0 -1.0 -1.0 -2.0 -3.0 -2.0 -2.0 -3.0 -2.0 0.0 0.0 -1.0 -1.0 0.0 -2.0 -2.0 -3.0 -1.0 -2.0 -2.0 -1.0 -2.0 0.0 0.0 -3.0 -2.0 0.0 0.0 -1.0 -3.0 -3.0 0.0 0.0 0.0 0.0 -2.0 -2.0 -3.0 -3.0 -3.0 -1.0 0.0 -1.0 0.0 0.0 -1.0 -3.0 -2.0 -2.0 -3.0 -1.0 0.0 0.0 -3.0 -1.0 -2.0 -3.0 -2.0 0.0 -3.0 -3.0 -2.0 -3.0 0.0 0.0 0.0 0.0 -3.0 0.0 -2.0 -2.0 -2.0 0.0 0.0 -3.0 0.0 -2.0 -3.0 -1.0 0.0 -3.0 0.0 -3.0 -1.0 -1.0 -2.0 -1.0 -1.0 0.0 166.0 -2.0 -2.0 0.0 -2.0 0.0 -1.0 -1.0 -3.0 -1.0 -1.0 -3.0 -3.0 -1.0 -2.0 -2.0 -2.0 -3.0 -3.0 -2.0 0.0 -1.0 
0.0 -3.0 -1.0 -3.0 -2.0 -1.0 0.0 0.0 -2.0 -2.0 -3.0 -3.0 -3.0 0.0 0.0 0.0 -3.0 -2.0 -1.0 -2.0 -2.0 -1.0 -1.0 0.0 0.0 -1.0 -2.0 -2.0 -2.0 -3.0 -3.0 0.0 0.0 -2.0 -3.0 -1.0 0.0 0.0 -3.0 -1.0 -2.0 -2.0 -1.0 0.0 0.0 -3.0 -2.0 -1.0 -1.0 -1.0 -1.0 -2.0 -2.0 -2.0 0.0 0.0 -3.0 -1.0 -3.0 -3.0 -3.0 -1.0 0.0 -2.0 -1.0 -1.0 0.0 -2.0 -2.0 -2.0 -1.0 -1.0 -1.0 -2.0 -1.0 0.0 -2.0 -2.0 -2.0 0.0 -2.0 0.0 -2.0 0.0 -1.0 -1.0 -2.0 -3.0 -1.0 0.0 -1.0 0.0 0.0 -3.0 164.0 -1.0 -2.0 -1.0 -2.0 -2.0 -3.0 -1.0 0.0 -2.0 -2.0 -1.0 -2.0 -2.0 -2.0 -1.0 -3.0 -3.0 -2.0 -2.0 0.0 
-1.0 0.0 -3.0 0.0 0.0 -3.0 -2.0 -1.0 -2.0 -1.0 -1.0 0.0 -1.0 -1.0 -2.0 0.0 -3.0 0.0 -3.0 0.0 -1.0 0.0 -1.0 -1.0 -2.0 -2.0 0.0 -1.0 -1.0 0.0 0.0 -3.0 -2.0 -1.0 -3.0 -2.0 0.0 -3.0 0.0 -3.0 -2.0 0.0 -3.0 -1.0 -1.0 -2.0 -1.0 -3.0 -2.0 -3.0 -1.0 0.0 0.0 -1.0 0.0 -3.0 -1.0 -1.0 -2.0 -1.0 -1.0 -1.0 -3.0 0.0 0.0 0.0 -3.0 -1.0 -2.0 -3.0 -2.0 -2.0 -1.0 -2.0 -2.0 -1.0 -2.0 -3.0 -3.0 -2.0 -2.0 -1.0 -3.0 -3.0 0.0 -2.0 -2.0 -1.0 -1.0 -3.0 -3.0 -2.0 0.0 -3.0 0.0 167.0 -2.0 -1.0 -3.0 -1.0 0.0 -3.0 0.0 -2.0 -3.0 -3.0 -3.0 -3.0 -2.0 -1.0 0.0 0.0 -1.0 0.0 -1.0 
0.0 -1.0 0.0 -3.0 -1.0 -3.0 -3.0 -2.0 -2.0 -2.0 0.0 0.0 0.0 -1.0 -3.0 -2.0 -1.0 -1.0 -1.0 -3.0 -2.0 -3.0 -3.0 0.0 -1.0 -1.0 -1.0 -1.0 -2.0 0.0 -1.0 -2.0 0.0 -3.0 -3.0 -2.0 0.0 0.0 -3.0 -3.0 -2.0 -2.0 0.0 -2.0 -3.0 -3.0 -2.0 -1.0 0.0 -2.0 -3.0 -2.0 -3.0 -2.0 -1.0 0.0 -2.0 0.0 -3.0 -3.0 -3.0 -1.0 0.0 -1.0 -2.0 -3.0 -3.0 -2.0 -2.0 -2.0 -1.0 0.0 -2.0 -3.0 -2.0 -3.0 0.0 0.0 0.0 -1.0 0.0 0.0 -3.0 -3.0 -2.0 0.0 -1.0 -3.0 -2.0 -3.0 0.0 -1.0 -1.0 -2.0 -3.0 -3.0 182.0 -2.0 -1.0 -2.0 -1.0 0.0 -2.0 -1.0 -2.0 -3.0 -2.0 -2.0 0.0 -1.0 0.0 -3.0 -2.0 -1.0 -3.0 
-1.0 -2.0 -1.0 -2.0 -1.0 -2.0 -1.0 -1.0 -2.0 -3.0 -2.0 -1.0 -1.0 -2.0 -2.0 -1.0 0.0 -1.0 0.0 -2.0 0.0 -1.0 -1.0 -3.0 0.0 0.0 0.0 0.0 -2.0 -3.0 -2.0 -2.0 -3.0 -2.0 -1.0 -1.0 -1.0 -1.0 -3.0 -1.0 -2.0 -3.0 0.0 -2.0 -1.0 -1.0 0.0 -2.0 -1.0 -1.0 0.0 -1.0 -3.0 0.0 -2.0 -3.0 -2.0 -1.0 -2.0 0.0 -3.0 0.0 -2.0 0.0 -1.0 0.0 -1.0 -2.0 -1.0 -2.0 -1.0 -3.0 -1.0 0.0 0.0 -2.0 -3.0 -2.0 -3.0 0.0 -1.0 -3.0 -2.0 -2.0 -1.0 0.0 -3.0 0.0 0.0 -1.0 -2.0 -1.0 0.0 -1.0 -3.0 -3.0 -2.0 161.0 0.0 -1.0 -1.0 -1.0 -3.0 0.0 -3.0 -3.0 -3.0 -1.0 -1.0 -1.0 -1.0 -3.0 -1.0 -2.0 -2.0 
-1.0 -1.0 -3.0 0.0 0.0 0.0 -2.0 0.0 0.0 -2.0 0.0 -1.0 0.0 0.0 -2.0 -1.0 -3.0 0.0 0.0 0.0 -3.0 -3.0 -2.0 -1.0 0.0 -2.0 -2.0 0.0 -3.0 -2.0 -1.0 -1.0 -2.0 0.0 -3.0 -3.0 -1.0 0.0 -3.0 -2.0 -1.0 -2.0 0.0 -1.0 -2.0 0.0 -1.0 -3.0 -1.0 -3.0 0.0 -1.0 -1.0 -1.0 -2.0 -3.0 -1.0 0.0 -3.0 -2.0 -2.0 0.0 -3.0 -1.0 -1.0 0.0 -1.0 -1.0 0.0 -1.0 -3.0 -1.0 -3.0 -1.0 -2.0 -2.0 -1.0 0.0 -3.0 -1.0 -2.0 -1.0 -2.0 -2.0 -2.0 0.0 -3.0 -3.0 -1.0 0.0 -2.0 -2.0 -3.0 0.0 -3.0 -3.0 0.0 -2.0 167.0 -1.0 -2.0 -2.0 -1.0 -3.0 -3.0 -3.0 -2.0 -3.0 -1.0 -3.0 -2.0 -1.0 -1.0 -3.0 0.0 
-2.0 -3.0 -3.0 -3.0 -2.0 -3.0 -3.0 -2.0 -3.0 -3.0 -1.0 -1.0 -3.0 -2.0 -2.0 -3.0 -3.0 -2.0 -2.0 -3.0 -2.0 0.0 -2.0 0.0 0.0 -3.0 -3.0 -3.0 0.0 -2.0 -3.0 -1.0 0.0 0.0 -2.0 -2.0 -1.0 -2.0 0.0 -1.0 -2.0 -1.0 -2.0 -2.0 -2.0 -2.0 -2.0 -1.0 -1.0 -1.0 -1.0 -3.0 0.0 0.0 -3.0 -3.0 0.0 -2.0 -1.0 -1.0 0.0 -1.0 0.0 -3.0 -3.0 0.0 0.0 -2.0 -3.0 -2.0 -1.0 -2.0 0.0 -1.0 -3.0 -1.0 -1.0 -1.0 -2.0 -3.0 0.0 -3.0 -3.0 -1.0 -2.0 0.0 0.0 -1.0 -3.0 -1.0 -1.0 0.0 -2.0 -3.0 -2.0 0.0 -1.0 -2.0 -2.0 191.0 -3.0 -3.0 -1.0 -3.0 -2.0 -3.0 -1.0 0.0 0.0 -3.0 -1.0 -1.0 -2.0 -3.0 -3.0 
-2.0 -2.0 -3.0 -3.0 0.0 0.0 -2.0 -1.0 -2.0 -2.0 -3.0 -1.0 -3.0 -2.0 -1.0 0.0 -2.0 -3.0 -3.0 0.0 -1.0 -3.0 0.0 -2.0 -1.0 -3.0 -2.0 -2.0 -3.0 -1.0 -1.0 -2.0 -2.0 -2.0 -1.0 0.0 -1.0 0.0 -3.0 -2.0 0.0 -1.0 -3.0 -3.0 -2.0 -2.0 -3.0 -2.0 -1.0 0.0 -1.0 -2.0 0.0 -3.0 -2.0 -3.0 -3.0 -2.0 0.0 0.0 0.0 -2.0 -3.0 -1.0 -2.0 0.0 -3.0 -1.0 -2.0 -1.0 -3.0 -1.0 -1.0 -2.0 0.0 -2.0 -2.0 -3.0 -1.0 -2.0 0.0 -1.0 -3.0 0.0 -2.0 -2.0 -3.0 -3.0 -3.0 -3.0 0.0 -3.0 -2.0 -1.0 -1.0 0.0 -1.0 -1.0 0.0 -3.0 189.0 0.0 -3.0 -3.0 -3.0 0.0 -1.0 -3.0 -2.0 -2.0 -2.0 -1.0 -3.0 0.0 -2.0 
0.0 0.0 -1.0 -2.0 -2.0 -2.0 -3.0 -3.0 -1.0 -3.0 -1.0 -1.0 -1.0 -3.0 0.0 -3.0 0.0 -2.0 -3.0 -3.0 -1.0 -2.0 -2.0 -2.0 -2.0 -1.0 -1.0 -1.0 -2.0 0.0 -3.0 -3.0 0.0 0.0 -2.0 -3.0 -3.0 -1.0 -1.0 -3.0 0.0 0.0 -2.0 0.0 -1.0 -2.0 -3.0 -2.0 -2.0 -3.0 0.0 -3.0 -1.0 -2.0 -1.0 -3.0 -3.0 -2.0 -3.0 -3.0 -2.0 -3.0 0.0 -1.0 0.0 0.0 -2.0 0.0 -3.0 -1.0 -3.0 -3.0 -3.0 -3.0 -2.0 -3.0 0.0 -1.0 -1.0 -1.0 -2.0 -2.0 -2.0 -1.0 -2.0 -1.0 -1.0 -2.0 -2.0 0.0 -1.0 -2.0 -1.0 -2.0 -2.0 -1.0 -3.0 -3.0 0.0 -3.0 -2.0 189.0 -2.0 0.0 0.0 0.0 -3.0 0.0 -1.0 -3.0 -3.0 0.0 -2.0 -2.0 -3.0 
-2.0 -1.0 -2.0 -3.0 -1.0 -2.0 -2.0 -3.0 -2.0 -1.0 0.0 0.0 -1.0 -3.0 -2.0 0.0 -3.0 -2.0 -1.0 0.0 -2.0 -3.0 -2.0 0.0 -1.0 -1.0 -2.0 -3.0 -3.0 -2.0 -1.0 -2.0 -1.0 0.0 -2.0 -3.0 0.0 -2.0 -3.0 -2.0 0.0 -1.0 -1.0 -3.0 -3.0 -1.0 0.0 -1.0 -3.0 -1.0 -2.0 -1.0 -2.0 -3.0 -3.0 -3.0 0.0 -2.0 -2.0 -2.0 -3.0 -3.0 0.0 -2.0 -1.0 -2.0 0.0 -1.0 -1.0 -3.0 -3.0 -3.0 -1.0 -3.0 0.0 0.0 -3.0 -1.0 -3.0 -1.0 -1.0 -3.0 -1.0 -3.0 -1.0 -1.0 0.0 0.0 -3.0 -2.0 -2.0 -2.0 0.0 -2.0 -1.0 -1.0 -2.0 0.0 0.0 -2.0 0.0 0.0 177.0 -3.0 0.0 0.0 0.0 -2.0 -1.0 0.0 -3.0 -2.0 -1.0 -3.0 -1.0 
-3.0 -2.0 -3.0 -2.0 -3.0 -2.0 0.0 -2.0 -1.0 -1.0 -3.0 0.0 -2.0 -2.0 -2.0 0.0 -3.0 -1.0 0.0 -3.0 -1.0 -2.0 0.0 0.0 -2.0 -2.0 -3.0 -1.0 0.0 -3.0 0.0 -3.0 0.0 -3.0 -3.0 -3.0 0.0 -3.0 -3.0 -3.0 -2.0 -1.0 -3.0 -3.0 0.0 -1.0 -3.0 -1.0 0.0 -3.0 -2.0 -3.0 -3.0 -3.0 -2.0 -2.0 -2.0 -1.0 -2.0 -2.0 0.0 -2.0 -2.0 -3.0 -1.0 -2.0 -2.0 0.0 -3.0 -2.0 0.0 -3.0 -1.0 0.0 0.0 -3.0 -3.0 0.0 -2.0 0.0 0.0 -1.0 0.0 -3.0 -2.0 -2.0 -1.0 -1.0 -3.0 -3.0 -3.0 0.0 0.0 -1.0 -3.0 -3.0 -3.0 -3.0 -1.0 -3.0 -1.0 0.0 -3.0 198.0 -3.0 -3.0 -1.0 -1.0 -3.0 -1.0 -2.0 -1.0 -2.0 -1.0 -2.0 
-2.0 0.0 -2.0 0.0 0.0 -1.0 -3.0 -1.0 0.0 -1.0 -2.0 -1.0 0.0 -1.0 0.0 0.0 0.0 -3.0 -1.0 -1.0 -3.0 -1.0 0.0 -3.0 -3.0 -1.0 -2.0 -2.0 -1.0 -2.0 -3.0 -1.0 -3.0 -1.0 0.0 -2.0 -2.0 -2.0 -1.0 -1.0 -3.0 -2.0 -2.0 -3.0 -1.0 -2.0 -1.0 -2.0 -2.0 -1.0 0.0 -3.0 -3.0 -2.0 -1.0 -1.0 -1.0 -3.0 0.0 0.0 -2.0 0.0 -3.0 -3.0 -1.0 0.0 -1.0 -1.0 0.0 -3.0 -2.0 0.0 -2.0 -3.0 -1.0 -2.0 0.0 -2.0 -3.0 0.0 -3.0 -3.0 0.0 -3.0 0.0 -1.0 0.0 -1.0 -1.0 -1.0 -1.0 0.0 -3.0 -2.0 -2.0 -3.0 -1.0 -3.0 -2.0 0.0 -3.0 0.0 -3.0 0.0 160.0 0.0 -3.0 0.0 0.0 -1.0 -1.0 -1.0 0.0 -3.0 0.0 
-1.0 -3.0 -1.0 -2.0 -3.0 -2.0 0.0 -1.0 0.0 -2.0 -2.0 -3.0 -2.0 -3.0 -1.0 -2.0 0.0 -2.0 -1.0 -3.0 -3.0 -1.0 0.0 -2.0 -3.0 -3.0 -2.0 0.0 -2.0 -3.0 0.0 -1.0 -2.0 -2.0 -2.0 -2.0 -2.0 -3.0 0.0 -1.0 -2.0 -3.0 0.0 -3.0 -3.0 -3.0 -1.0 0.0 0.0 -3.0 -3.0 -2.0 -2.0 -3.0 -1.0 -3.0 -3.0 -3.0 -2.0 -2.0 0.0 -2.0 0.0 -1.0 0.0 -2.0 -1.0 0.0 -2.0 0.0 -2.0 -2.0 -2.0 -3.0 0.0 -1.0 -1.0 -3.0 -1.0 0.0 0.0 -3.0 0.0 -3.0 -1.0 -1.0 -2.0 -1.0 -3.0 -3.0 0.0 -2.0 0.0 -1.0 -1.0 -3.0 -2.0 0.0 -2.0 -3.0 -1.0 0.0 -2.0 -2.0 0.0 184.0 -2.0 -2.0 -2.0 0.0 0.0 -2.0 -3.0 -2.0 -2.0 
-1.0 -2.0 0.0 -2.0 -2.0 -3.0 -3.0 -2.0 -3.0 -3.0 -1.0 -1.0 -2.0 -3.0 -3.0 -1.0 -2.0 -3.0 -2.0 -3.0 -2.0 -1.0 0.0 0.0 -2.0 -3.0 -3.0 -1.0 0.0 -3.0 -3.0 -3.0 -1.0 -1.0 -3.0 0.0 -1.0 -3.0 0.0 0.0 -1.0 -2.0 -2.0 0.0 -3.0 -3.0 -2.0 -2.0 -1.0 -1.0 -2.0 -2.0 -1.0 -1.0 -1.0 -2.0 -2.0 -2.0 -1.0 -2.0 -2.0 0.0 -3.0 -2.0 0.0 -1.0 -2.0 -3.0 -2.0 -2.0 -2.0 0.0 0.0 -2.0 0.0 -1.0 -3.0 0.0 -3.0 -1.0 0.0 -1.0 -2.0 -1.0 0.0 0.0 -2.0 -3.0 0.0 -2.0 -1.0 0.0 -1.0 -1.0 0.0 0.0 -2.0 -2.0 0.0 -2.0 -3.0 -3.0 -3.0 -3.0 -3.0 0.0 181.0 -1.0 -1.0 0.0 -1.0 -2.0 -3.0 -2.0 -2.0 
-2.0 -2.0 -2.0 -2.0 -1.0 0.0 -2.0 -3.0 0.0 -2.0 -1.0 0.0 0.0 0.0 0.0 -2.0 -1.0 -2.0 0.0 -2.0 -2.0 -3.0 -2.0 -1.0 -1.0 0.0 -2.0 0.0 -3.0 -3.0 -3.0 -3.0 -1.0 -1.0 -2.0 -3.0 -3.0 0.0 0.0 -1.0 -3.0 -3.0 -1.0 -2.0 -3.0 -2.0 -2.0 0.0 -1.0 -2.0 -2.0 -3.0 -3.0 -3.0 -3.0 -1.0 -1.0 -3.0 -3.0 -1.0 -2.0 -1.0 -1.0 -2.0 -3.0 -2.0 -3.0 -3.0 -3.0 -2.0 -3.0 -2.0 -2.0 0.0 -1.0 -2.0 -2.0 -2.0 -2.0 -1.0 -1.0 0.0 -1.0 -2.0 -3.0 0.0 0.0 0.0 -1.0 -3.0 -2.0 -2.0 -1.0 -2.0 -2.0 -2.0 -2.0 0.0 -2.0 -3.0 -1.0 -2.0 0.0 -1.0 -1.0 -2.0 -2.0 184.0 0.0 -2.0 -1.0 -2.0 0.0 0.0 -2.0 
-2.0 0.0 -2.0 -2.0 -1.0 0.0 -2.0 -2.0 -2.0 0.0 -1.0 0.0 -3.0 -3.0 0.0 0.0 -2.0 -3.0 -3.0 -2.0 0.0 -1.0 0.0 -2.0 -2.0 -1.0 -3.0 -1.0 -1.0 -2.0 -1.0 -3.0 -3.0 -1.0 -3.0 -1.0 0.0 -1.0 -2.0 0.0 0.0 -2.0 -2.0 -2.0 -3.0 -2.0 0.0 0.0 0.0 -3.0 0.0 -1.0 -3.0 0.0 0.0 -1.0 -3.0 -1.0 -3.0 -2.0 0.0 -3.0 -2.0 -2.0 -3.0 -1.0 -1.0 -1.0 -3.0 -3.0 0.0 -2.0 -2.0 0.0 -2.0 -3.0 0.0 -1.0 -2.0 -2.0 0.0 -3.0 -1.0 -1.0 -3.0 0.0 -2.0 0.0 -3.0 -1.0 -3.0 -2.0 0.0 -1.0 -2.0 -2.0 -1.0 -1.0 -1.0 -3.0 0.0 -1.0 -2.0 -2.0 -2.0 -2.0 0.0 -1.0 174.0 -3.0 -2.0 -3.0 -2.0 -2.0 -3.0 
0.0 -1.0 0.0 0.0 -2.0 -1.0 0.0 0.0 0.0 0.0 0.0 0.0 -3.0 0.0 -3.0 -1.0 -3.0 -2.0 -3.0 0.0 -2.0 -3.0 0.0 -2.0 -1.0 -1.0 0.0 -2.0 -1.0 0.0 -3.0 -2.0 -2.0 -2.0 -1.0 -3.0 -1.0 -2.0 -1.0 0.0 -1.0 0.0 0.0 -2.0 -3.0 -3.0 -2.0 0.0 0.0 -3.0 0.0 -2.0 -2.0 -2.0 0.0 -3.0 0.0 -3.0 -3.0 -3.0 -1.0 -3.0 -3.0 -3.0 -1.0 -1.0 -2.0 0.0 -2.0 -2.0 0.0 -3.0 -1.0 -2.0 -2.0 0.0 -1.0 -1.0 -2.0 -3.0 0.0 -1.0 0.0 -2.0 -2.0 -3.0 -2.0 -3.0 -3.0 -1.0 -1.0 -1.0 -2.0 -2.0 0.0 -1.0 -1.0 -1.0 -3.0 -2.0 -1.0 0.0 -2.0 -3.0 0.0 -2.0 -2.0 -1.0 -1.0 168.0 -3.0 -2.0 -3.0 -1.0 -3.0 
-1.0 0.0 -2.0 -2.0 -1.0 -3.0 -3.0 0.0 -2.0 -3.0 -2.0 -2.0 -3.0 0.0 0.0 -2.0 0.0 -1.0 -2.0 0.0 -1.0 -2.0 -1.0 0.0 -3.0 -1.0 -1.0 -1.0 -1.0 -1.0 0.0 -1.0 -3.0 -3.0 0.0 0.0 -1.0 -2.0 -2.0 -1.0 -3.0 -3.0 -3.0 -3.0 0.0 -3.0 0.0 0.0 0.0 0.0 -3.0 0.0 -2.0 -2.0 -2.0 -3.0 -2.0 0.0 -2.0 0.0 -3.0 -1.0 -2.0 0.0 -1.0 -2.0 -3.0 0.0 -1.0 -1.0 0.0 -3.0 -2.0 -1.0 0.0 -2.0 -1.0 -2.0 -3.0 -2.0 -2.0 -3.0 0.0 0.0 0.0 -1.0 0.0 -3.0 -1.0 0.0 -1.0 -2.0 0.0 -1.0 -2.0 -1.0 0.0 -2.0 0.0 -2.0 -3.0 0.0 -2.0 0.0 -1.0 -2.0 -1.0 0.0 0.0 0.0 152.0 -2.0 -3.0 -1.0 -1.0 
-3.0 -3.0 -3.0 -1.0 0.0 -3.0 0.0 -1.0 -2.0 -2.0 -1.0 -2.0 -1.0 0.0 -3.0 -2.0 -2.0 0.0 0.0 -1.0 -1.0 -3.0 0.0 0.0 0.0 -3.0 -3.0 -2.0 -1.0 0.0 -2.0 0.0 -1.0 -1.0 0.0 -1.0 -1.0 -2.0 0.0 0.0 -1.0 -1.0 -1.0 0.0 0.0 -3.0 -3.0 -3.0 -2.0 -1.0 -2.0 -2.0 -2.0 -1.0 -2.0 -1.0 0.0 -3.0 -1.0 0.0 -1.0 -1.0 -2.0 -2.0 0.0 -3.0 0.0 0.0 -3.0 0.0 0.0 -2.0 -1.0 -2.0 -3.0 -1.0 0.0 -2.0 -3.0 0.0 -1.0 -3.0 -2.0 -2.0 -2.0 -2.0 -3.0 0.0 0.0 -3.0 -1.0 -2.0 -3.0 -3.0 0.0 -3.0 0.0 -3.0 0.0 -1.0 -1.0 0.0 0.0 -2.0 -3.0 -1.0 -3.0 -1.0 -2.0 0.0 0.0 157.0 0.0 -2.0 -2.0 
-2.0 0.0 0.0 -1.0 -1.0 -3.0 -2.0 -1.0 -1.0 -3.0 0.0 -2.0 0.0 0.0 -1.0 -3.0 0.0 -3.0 -3.0 -2.0 0.0 0.0 0.0 -1.0 -1.0 -2.0 -1.0 -2.0 -1.0 -3.0 -1.0 0.0 -1.0 0.0 0.0 0.0 -2.0 0.0 -1.0 0.0 -1.0 -3.0 -2.0 -3.0 -3.0 -1.0 -1.0 -1.0 0.0 -2.0 0.0 -3.0 -1.0 0.0 -2.0 -3.0 0.0 0.0 0.0 -2.0 0.0 -1.0 -3.0 -1.0 -1.0 -3.0 -3.0 0.0 0.0 0.0 -1.0 -2.0 -3.0 -2.0 -3.0 -1.0 -1.0 -3.0 -2.0 -3.0 -1.0 -3.0 0.0 0.0 -1.0 -2.0 -1.0 0.0 0.0 -3.0 -1.0 -2.0 -3.0 -1.0 -1.0 -3.0 0.0 -1.0 0.0 -2.0 -2.0 -1.0 -2.0 -3.0 0.0 -1.0 -3.0 -2.0 -3.0 -3.0 -3.0 -3.0 158.0 -2.0 0.0 
0.0 -2.0 -2.0 0.0 0.0 0.0 -3.0 -2.0 -1.0 -2.0 -3.0 0.0 0.0 -1.0 0.0 0.0 -1.0 -2.0 0.0 -3.0 -1.0 -3.0 -3.0 0.0 -1.0 -3.0 -3.0 0.0 -3.0 0.0 -2.0 -3.0 -3.0 -3.0 0.0 0.0 -2.0 -1.0 -3.0 0.0 0.0 -1.0 -2.0 -3.0 -3.0 -3.0 -2.0 -3.0 -3.0 0.0 -1.0 -2.0 -3.0 0.0 -1.0 -2.0 -3.0 -3.0 -1.0 -3.0 -3.0 0.0 -1.0 -2.0 -2.0 0.0 0.0 -3.0 -1.0 0.0 0.0 -3.0 -1.0 -1.0 -3.0 -2.0 -3.0 0.0 -2.0 -3.0 -3.0 -2.0 0.0 -1.0 -1.0 -1.0 -2.0 -1.0 0.0 -2.0 0.0 -3.0 -3.0 0.0 -1.0 -1.0 -3.0 -3.0 -2.0 -3.0 -3.0 -1.0 0.0 0.0 -3.0 0.0 -2.0 -1.0 -3.0 -3.0 -1.0 -3.0 -1.0 178.0 0.0 
0.0 -1.0 -2.0 0.0 -1.0 -1.0 -2.0 0.0 -3.0 -1.0 -2.0 -3.0 -3.0 -2.0 0.0 0.0 -2.0 0.0 -3.0 -2.0 -1.0 -3.0 -3.0 -1.0 0.0 -3.0 0.0 0.0 0.0 -3.0 -2.0 0.0 0.0 -1.0 0.0 -2.0 0.0 -2.0 0.0 -3.0 0.0 -1.0 -1.0 -3.0 -3.0 0.0 0.0 -3.0 0.0 -2.0 -1.0 -3.0 0.0 0.0 -3.0 -2.0 -2.0 -3.0 -1.0 0.0 0.0 -3.0 0.0 -2.0 -2.0 0.0 -3.0 -3.0 -3.0 0.0 -3.0 -2.0 0.0 -2.0 0.0 -2.0 -3.0 -2.0 -2.0 -3.0 -2.0 0.0 -2.0 0.0 -1.0 -3.0 -2.0 -3.0 0.0 -1.0 -3.0 -1.0 -1.0 -3.0 0.0 0.0 -1.0 -2.0 0.0 -1.0 -3.0 -2.0 0.0 -2.0 0.0 -2.0 -3.0 -3.0 -3.0 0.0 0.0 -2.0 -2.0 0.0 163.0 

-10373.4 -10769.0 -8159.0 -9797.0 -10277.0 -7373.0 -8418.0 -8331.0 -8398.0 -8626.0 -6929.0 -7649.0 -6145.0 -7150.0 -8447.0 -7095.0 -6710.0 -6724.0 -7199.0 -5667.0 -6428.0 -4443.0 -5415.0 -6470.0 -5117.0 -5552.0 -4902.0 -4490.0 -4383.0 -4837.0 -4045.0 -4569.0 -4011.0 -4094.0 -4562.0 -3948.0 -4089.0 -3296.0 -3620.0 -3371.0 -3523.0 -2976.0 -2178.0 -2524.0 -2640.0 -1827.0 -1982.0 -2170.0 -1909.0 -757.0 -1876.0 -935.0 -1437.0 -724.0 -460.0 -322.0 -497.0 -186.0 515.0 232.0 586.0 368.0 729.0 542.0 837.0 1124.0 2250.0 1384.0 1254.0 2491.0 3181.0 2433.0 2504.0 3254.0 3567.0 3604.0 2802.0 2780.0 3677.0 3757.0 3541.0 3719.0 4457.0 4728.0 4887.0 4634.0 4809.0 4754.0 5954.0 5413.0 5907.0 6376.0 6741.0 5866.0 6058.0 5786.0 7006.0 6216.0 5895.0 8655.0 8256.0 8399.0 8540.0 9214.0 7602.0 9328.0 9582.0 9392.0 8555.0 7931.0 8551.0 8520.0 8018.0 9720.0 9101.0 