15
28.6 -3.0 -3.0 -3.0 0.0 -3.0 -4.0 -1.0 -1.0 -1.0 -4.0 -4.0 -1.0 -2.0 0.0 
-2.0 27.0 -1.0 -3.0 0.0 -3.0 -2.0 -2.0 -4.0 -4.0 0.0 -4.0 0.0 0.0 -2.0 
-1.0 -4.0 35.0 -4.0 -4.0 -2.0 -3.0 -4.0 0.0 -3.0 -1.0 -2.0 -3.0 0.0 -4.0 
-1.0 -3.0 -3.0 24.0 -1.0 -3.0 -1.0 -3.0 -1.0 -1.0 -2.0 -1.0 0.0 -2.0 -2.0 
-2.0 -4.0 0.0 -2.0 23.0 -1.0 -1.0 -1.0 -2.0 0.0 -2.0 -1.0 -3.0 -2.0 -2.0 
0.0 -1.0 -1.0 0.0 -4.0 24.0 0.0 -2.0 -1.0 -2.0 -4.0 -4.0 -1.0 -4.0 0.0 
-2.0 -4.0 0.0 -2.0 -3.0 -3.0 32.0 0.0 -2.0 0.0 -1.0 -3.0 -4.0 -4.0 -4.0 
-3.0 -1.0 0.0 -2.0 0.0 -3.0 -1.0 22.0 -3.0 -1.0 -1.0 -1.0 -2.0 -2.0 -2.0 
-2.0 -4.0 0.0 0.0 0.0 -4.0 -1.0 -1.0 31.0 -3.0 -3.0 -4.0 -2.0 -3.0 -4.0 
-1.0 -3.0 0.0 -1.0 -4.0 -3.0 -3.0 -1.0 -1.0 23.0 0.0 -3.0 -1.0 0.0 -2.0 
-1.0 -3.0 -1.0 -4.0 -4.0 -3.0 -1.0 -4.0 -1.0 -3.0 37.0 -4.0 -3.0 -2.0 -3.0 
-1.0 -2.0 -2.0 -1.0 -2.0 0.0 0.0 -3.0 -2.0 -1.0 0.0 22.0 -4.0 -3.0 -1.0 
0.0 0.0 0.0 -4.0 -3.0 -2.0 -2.0 -1.0 -2.0 -4.0 -2.0 -2.0 23.0 -1.0 0.0 
-1.0 0.0 -1.0 -1.0 -2.0 -3.0 -3.0 -1.0 0.0 -3.0 -4.0 -3.0 -4.0 29.0 -3.0 
-1.0 -2.0 -2.0 -2.0 -4.0 -3.0 -2.0 -1.0 -2.0 -3.0 -2.0 0.0 -4.0 -1.0 29.0 

-204.4 -165.0 -169.0 -85.0 -73.0 -87.0 -60.0 -6.0 -9.0 64.0 105.0 78.0 116.0 134.0 220.0 