65
154.1 -1.0 -3.0 -1.0 -2.0 -2.0 -4.0 -3.0 -4.0 -3.0 -4.0 -4.0 -4.0 -4.0 -2.0 -4.0 -3.0 -3.0 -2.0 -3.0 -4.0 0.0 -3.0 -3.0 -4.0 -3.0 -1.0 -4.0 -3.0 -2.0 0.0 -2.0 -3.0 -1.0 -3.0 -2.0 -1.0 -4.0 -3.0 -4.0 0.0 0.0 -3.0 -2.0 -4.0 -1.0 -2.0 -4.0 -2.0 -2.0 -4.0 -1.0 -1.0 -1.0 -2.0 -2.0 -3.0 0.0 0.0 -3.0 -2.0 0.0 -2.0 -4.0 -3.0 
-4.0 125.0 -4.0 -2.0 0.0 -1.0 -1.0 -4.0 -4.0 -4.0 -2.0 -3.0 -2.0 -1.0 -1.0 -1.0 0.0 -1.0 -2.0 -1.0 -2.0 -3.0 -1.0 -1.0 -2.0 -3.0 -4.0 -2.0 -2.0 0.0 -3.0 -1.0 -1.0 -2.0 -1.0 -2.0 -2.0 -3.0 -3.0 -2.0 0.0 -2.0 -3.0 -1.0 -3.0 0.0 -4.0 -3.0 0.0 -4.0 -2.0 0.0 -3.0 0.0 -2.0 -3.0 -2.0 -3.0 -1.0 -4.0 -1.0 -1.0 -1.0 -2.0 -2.0 
-1.0 -3.0 126.0 -2.0 0.0 -2.0 -4.0 0.0 -4.0 0.0 -4.0 -4.0 -2.0 -3.0 0.0 -3.0 -4.0 -3.0 0.0 -2.0 -2.0 -1.0 -2.0 -2.0 -2.0 -2.0 0.0 -1.0 -4.0 -2.0 -1.0 -2.0 -2.0 -4.0 -2.0 -1.0 -1.0 -1.0 0.0 0.0 -2.0 -4.0 0.0 -2.0 -3.0 -2.0 -4.0 -1.0 -4.0 0.0 -2.0 -4.0 -1.0 0.0 -4.0 0.0 -4.0 -3.0 -2.0 0.0 -2.0 -4.0 -1.0 -3.0 -1.0 
-2.0 -3.0 -4.0 126.0 0.0 -2.0 -1.0 -1.0 -4.0 -2.0 -1.0 -3.0 -3.0 0.0 -2.0 -2.0 -2.0 -1.0 -3.0 0.0 -4.0 -1.0 -3.0 -1.0 -3.0 -1.0 0.0 0.0 -1.0 0.0 -1.0 -4.0 0.0 -4.0 0.0 -3.0 -2.0 -1.0 0.0 -1.0 -3.0 0.0 0.0 -4.0 -1.0 -3.0 -4.0 -1.0 -2.0 0.0 -4.0 -1.0 -2.0 -3.0 -4.0 -3.0 -4.0 -4.0 -4.0 0.0 -4.0 0.0 -2.0 -4.0 -3.0 
0.0 -2.0 0.0 0.0 132.0 0.0 -1.0 -4.0 -3.0 -1.0 0.0 -4.0 -1.0 -1.0 0.0 0.0 -1.0 -4.0 0.0 -1.0 -1.0 -4.0 -3.0 0.0 -2.0 -2.0 -3.0 -2.0 -4.0 -2.0 0.0 -2.0 -2.0 -3.0 -3.0 -1.0 -3.0 -1.0 -4.0 -3.0 -3.0 -1.0 -4.0 -4.0 -4.0 -4.0 -4.0 -3.0 -2.0 -2.0 -3.0 0.0 -4.0 -4.0 -2.0 0.0 -1.0 -4.0 0.0 -2.0 -3.0 -4.0 -2.0 0.0 -4.0 
0.0 -2.0 -4.0 0.0 -3.0 136.0 -3.0 0.0 -1.0 0.0 -4.0 -4.0 -3.0 -4.0 -3.0 -4.0 -1.0 -2.0 -4.0 -1.0 -3.0 -3.0 -1.0 -2.0 -2.0 -3.0 0.0 -4.0 0.0 -4.0 -4.0 0.0 -2.0 -1.0 -1.0 -2.0 -3.0 -3.0 -4.0 -1.0 -2.0 -3.0 0.0 -4.0 0.0 -3.0 -4.0 -3.0 -4.0 -3.0 -2.0 -3.0 -2.0 -3.0 -2.0 0.0 0.0 0.0 -2.0 -4.0 0.0 -1.0 0.0 -2.0 -3.0 
-1.0 -3.0 -1.0 -4.0 -3.0 0.0 126.0 0.0 -4.0 -3.0 -3.0 -2.0 0.0 -4.0 -3.0 -3.0 -1.0 0.0 -1.0 -3.0 -3.0 -1.0 -2.0 -1.0 -2.0 -2.0 -1.0 -4.0 -4.0 0.0 -1.0 -1.0 -4.0 -4.0 -2.0 -4.0 -3.0 0.0 -3.0 0.0 0.0 -2.0 -3.0 0.0 -4.0 -2.0 0.0 -1.0 -1.0 -3.0 -1.0 -2.0 -4.0 -4.0 -4.0 -1.0 -4.0 -2.0 -3.0 0.0 0.0 -3.0 0.0 0.0 -1.0 
0.0 -3.0 -4.0 0.0 -3.0 -3.0 -1.0 126.0 -2.0 -1.0 -2.0 -2.0 0.0 -3.0 -4.0 -4.0 -3.0 0.0 0.0 -4.0 0.0 -1.0 -4.0 -3.0 -3.0 -1.0 0.0 -2.0 0.0 0.0 0.0 -3.0 0.0 -1.0 0.0 -3.0 -4.0 -3.0 0.0 0.0 -3.0 -2.0 -1.0 -4.0 -4.0 -4.0 -2.0 -1.0 -4.0 -1.0 0.0 0.0 -3.0 -3.0 0.0 -4.0 -1.0 -4.0 -2.0 0.0 -1.0 -4.0 -4.0 -4.0 -3.0 
-2.0 0.0 -4.0 -4.0 -4.0 -4.0 -4.0 -4.0 117.0 -3.0 -3.0 0.0 -3.0 0.0 -3.0 -2.0 -1.0 0.0 -2.0 -1.0 -1.0 -3.0 0.0 -1.0 -3.0 -1.0 -1.0 -3.0 -3.0 -3.0 -3.0 -2.0 0.0 -3.0 0.0 -2.0 -2.0 -3.0 -1.0 0.0 -2.0 0.0 0.0 -1.0 -2.0 0.0 -1.0 -2.0 -1.0 -1.0 -3.0 0.0 -4.0 -3.0 0.0 0.0 -3.0 -1.0 -3.0 -4.0 -4.0 -2.0 0.0 -1.0 0.0 
-3.0 -2.0 -2.0 -3.0 -3.0 -2.0 -3.0 -3.0 -4.0 144.0 -1.0 -3.0 0.0 -1.0 -1.0 0.0 -4.0 -3.0 -3.0 -3.0 -4.0 -1.0 -4.0 -1.0 -3.0 -1.0 -2.0 0.0 -2.0 -1.0 -4.0 -3.0 -3.0 -4.0 -3.0 -1.0 -3.0 0.0 -2.0 -1.0 -1.0 -4.0 0.0 -1.0 -3.0 0.0 -2.0 0.0 -2.0 -3.0 -3.0 -4.0 -3.0 -2.0 -4.0 0.0 -2.0 0.0 -3.0 -4.0 -4.0 -1.0 -4.0 -3.0 -4.0 
-2.0 -2.0 -1.0 -1.0 -3.0 -2.0 -4.0 0.0 -2.0 -2.0 139.0 -3.0 -4.0 -3.0 -3.0 -2.0 -2.0 0.0 -2.0 -3.0 -4.0 -2.0 -2.0 -4.0 -2.0 -3.0 -3.0 -1.0 -4.0 -3.0 -1.0 -2.0 0.0 -1.0 -3.0 -3.0 -4.0 -4.0 -4.0 -1.0 0.0 0.0 -1.0 0.0 -3.0 -2.0 -3.0 -2.0 -2.0 -3.0 -1.0 -1.0 -3.0 -2.0 0.0 -1.0 -4.0 -3.0 -4.0 -3.0 -3.0 0.0 -3.0 -2.0 -1.0 
-4.0 -3.0 -1.0 -2.0 -1.0 -3.0 -3.0 -4.0 -3.0 -3.0 -4.0 129.0 -1.0 -3.0 -2.0 -4.0 -1.0 -3.0 -2.0 -1.0 -1.0 -1.0 -4.0 0.0 -4.0 0.0 0.0 0.0 -3.0 -1.0 0.0 -3.0 -1.0 -4.0 0.0 -1.0 -1.0 -4.0 0.0 -2.0 -3.0 -2.0 -3.0 0.0 -3.0 -1.0 0.0 0.0 -2.0 -1.0 -4.0 -4.0 0.0 -2.0 -2.0 -4.0 0.0 -4.0 -4.0 0.0 -1.0 -4.0 -3.0 -3.0 -1.0 
-3.0 -2.0 -1.0 -1.0 -1.0 -1.0 0.0 -2.0 -3.0 -4.0 -3.0 -3.0 127.0 -3.0 -1.0 0.0 -2.0 -1.0 -2.0 0.0 -1.0 -4.0 -4.0 -3.0 0.0 -1.0 0.0 -2.0 -2.0 -4.0 -2.0 -1.0 0.0 -4.0 -3.0 -2.0 -2.0 -4.0 -2.0 0.0 -2.0 0.0 0.0 0.0 -3.0 -1.0 -3.0 -2.0 0.0 -3.0 -4.0 -4.0 -1.0 -2.0 -3.0 -1.0 -3.0 -4.0 -3.0 0.0 -3.0 -1.0 -4.0 -4.0 -2.0 
-1.0 -1.0 0.0 -4.0 -1.0 -4.0 -1.0 -2.0 0.0 -4.0 -1.0 -4.0 -3.0 112.0 -4.0 -2.0 -1.0 -1.0 -4.0 0.0 -2.0 -3.0 0.0 -1.0 0.0 0.0 0.0 -3.0 0.0 -4.0 0.0 0.0 -4.0 0.0 -1.0 -3.0 -3.0 -3.0 -1.0 -4.0 -2.0 -4.0 -4.0 0.0 -2.0 -1.0 -4.0 0.0 -1.0 0.0 -1.0 0.0 -1.0 -1.0 -2.0 -2.0 -3.0 0.0 -4.0 -1.0 0.0 -1.0 -3.0 -1.0 -4.0 
-4.0 -2.0 -4.0 -1.0 -3.0 -4.0 -3.0 -1.0 0.0 -2.0 0.0 -3.0 -1.0 0.0 117.0 -4.0 0.0 0.0 -2.0 0.0 -1.0 -2.0 -1.0 -3.0 -1.0 -2.0 -2.0 0.0 0.0 0.0 -2.0 -3.0 -4.0 -4.0 -4.0 -1.0 0.0 -1.0 -3.0 -1.0 -4.0 -2.0 -4.0 -1.0 0.0 0.0 -4.0 0.0 -4.0 -3.0 0.0 0.0 0.0 -1.0 -2.0 -4.0 -1.0 -1.0 -1.0 -2.0 -1.0 -4.0 -3.0 -3.0 -3.0 
0.0 -4.0 -3.0 -2.0 -1.0 -4.0 -3.0 -4.0 -2.0 -2.0 -4.0 -2.0 0.0 -1.0 -1.0 119.0 -2.0 -3.0 -2.0 -1.0 -4.0 -4.0 -3.0 0.0 -3.0 -4.0 -3.0 -3.0 -2.0 0.0 -4.0 -3.0 0.0 0.0 -1.0 0.0 -1.0 -1.0 -2.0 -1.0 -1.0 -1.0 -4.0 -2.0 -2.0 0.0 -1.0 0.0 -1.0 0.0 -1.0 0.0 0.0 -2.0 0.0 -2.0 0.0 -3.0 -4.0 -3.0 -3.0 -1.0 -3.0 -2.0 -3.0 
-4.0 -3.0 -2.0 -4.0 -4.0 -3.0 -3.0 -2.0 -1.0 -3.0 -3.0 -4.0 -2.0 -3.0 -3.0 -3.0 149.0 -4.0 -3.0 0.0 -4.0 -1.0 -4.0 -1.0 -3.0 -4.0 -1.0 -1.0 0.0 0.0 -4.0 -1.0 -1.0 -4.0 -3.0 -1.0 -4.0 0.0 -4.0 0.0 0.0 -3.0 -3.0 -1.0 -1.0 -1.0 -2.0 -1.0 -2.0 -3.0 -1.0 -2.0 -4.0 -1.0 -2.0 -3.0 -4.0 -3.0 -1.0 -3.0 -4.0 -2.0 -2.0 -4.0 -1.0 
-3.0 -3.0 -3.0 -4.0 0.0 -1.0 -4.0 -4.0 -4.0 -4.0 -2.0 -2.0 -2.0 -4.0 -4.0 -2.0 -3.0 137.0 -1.0 -4.0 -2.0 -2.0 0.0 -3.0 0.0 -4.0 -1.0 -2.0 -2.0 -4.0 0.0 -1.0 -1.0 -3.0 -3.0 -2.0 -3.0 -3.0 0.0 0.0 -1.0 -3.0 -3.0 -1.0 -4.0 -4.0 -1.0 0.0 0.0 -2.0 -1.0 -3.0 0.0 -1.0 -3.0 -3.0 -2.0 -2.0 -3.0 -3.0 -2.0 0.0 -3.0 -2.0 0.0 
-2.0 -2.0 -4.0 -2.0 -4.0 -1.0 0.0 -4.0 -3.0 -3.0 -1.0 -3.0 -4.0 -4.0 -2.0 -1.0 -3.0 -2.0 134.0 -1.0 -3.0 -4.0 0.0 -2.0 0.0 -1.0 -4.0 0.0 -3.0 -4.0 0.0 -2.0 0.0 0.0 -1.0 -2.0 -1.0 -1.0 -1.0 0.0 -4.0 -3.0 -1.0 -3.0 -1.0 -3.0 -1.0 -2.0 -3.0 -2.0 -1.0 -4.0 -1.0 -4.0 -2.0 -3.0 -2.0 -3.0 -4.0 -4.0 -3.0 -2.0 -1.0 0.0 -2.0 
-3.0 -2.0 -2.0 0.0 -2.0 -1.0 -2.0 -2.0 0.0 -4.0 -1.0 -2.0 -4.0 -1.0 -4.0 -4.0 -1.0 -1.0 -3.0 120.0 -3.0 0.0 -4.0 -2.0 0.0 -3.0 -2.0 -2.0 -4.0 -2.0 0.0 -2.0 -3.0 -2.0 0.0 -1.0 -2.0 -1.0 -2.0 -2.0 -4.0 -1.0 -1.0 -2.0 -3.0 -2.0 0.0 0.0 0.0 0.0 -4.0 -2.0 -1.0 -3.0 -4.0 -2.0 0.0 -1.0 -3.0 -4.0 -2.0 -3.0 0.0 0.0 -2.0 
0.0 -3.0 0.0 -3.0 0.0 -3.0 -1.0 -3.0 -4.0 -3.0 -1.0 -1.0 -4.0 0.0 -2.0 -4.0 -1.0 -3.0 -4.0 -4.0 150.0 -3.0 0.0 -4.0 -3.0 -2.0 -1.0 -1.0 -3.0 -2.0 -4.0 -3.0 -3.0 -2.0 -4.0 -2.0 -1.0 -3.0 -1.0 -2.0 -3.0 -2.0 0.0 -1.0 -2.0 -1.0 -4.0 -1.0 -3.0 -3.0 -4.0 -4.0 -4.0 -1.0 -4.0 -2.0 -4.0 -4.0 -4.0 -4.0 -1.0 -3.0 -1.0 -1.0 -1.0 
-1.0 0.0 -2.0 -1.0 -2.0 -3.0 -2.0 -4.0 -3.0 -1.0 -3.0 -2.0 -3.0 -4.0 -3.0 -4.0 -3.0 -2.0 0.0 -3.0 0.0 157.0 -1.0 -2.0 -4.0 -4.0 -1.0 -3.0 -4.0 -3.0 -2.0 -2.0 -4.0 -3.0 -2.0 0.0 -3.0 0.0 -2.0 -2.0 -4.0 -2.0 -4.0 -4.0 -3.0 -1.0 0.0 -4.0 -4.0 -2.0 -4.0 -3.0 -3.0 -3.0 -4.0 -3.0 -3.0 -4.0 0.0 -1.0 -4.0 -1.0 -4.0 -4.0 0.0 
0.0 -2.0 -1.0 -2.0 -1.0 -3.0 0.0 -2.0 -1.0 -4.0 -3.0 0.0 -1.0 0.0 -2.0 -1.0 -1.0 -1.0 -4.0 -2.0 0.0 -1.0 132.0 -4.0 -3.0 -4.0 0.0 -1.0 -3.0 -3.0 0.0 -1.0 -3.0 -1.0 0.0 0.0 -3.0 0.0 -3.0 -4.0 -4.0 0.0 0.0 -4.0 -4.0 -1.0 -4.0 -4.0 -3.0 -3.0 -4.0 -1.0 -4.0 0.0 -4.0 -2.0 -1.0 -3.0 -4.0 -3.0 -2.0 -3.0 -2.0 -3.0 -4.0 
-4.0 -1.0 -3.0 -4.0 -3.0 -1.0 -2.0 -1.0 0.0 -3.0 -3.0 0.0 -4.0 -3.0 -2.0 -2.0 -4.0 0.0 -4.0 -1.0 0.0 0.0 -1.0 106.0 0.0 -1.0 -1.0 -3.0 0.0 0.0 0.0 0.0 -3.0 -1.0 0.0 -1.0 -1.0 -4.0 -4.0 -1.0 0.0 0.0 -4.0 -4.0 -4.0 -1.0 -4.0 -3.0 -4.0 0.0 -4.0 -3.0 -1.0 -4.0 0.0 0.0 0.0 0.0 -1.0 0.0 0.0 -2.0 0.0 -1.0 0.0 
0.0 -1.0 -3.0 -2.0 0.0 -3.0 -4.0 -2.0 -1.0 -3.0 -1.0 0.0 -1.0 -3.0 -4.0 -4.0 -3.0 -1.0 -2.0 -2.0 -2.0 -2.0 -3.0 -2.0 126.0 -3.0 -3.0 -1.0 -2.0 0.0 -3.0 -1.0 -2.0 -3.0 -2.0 0.0 -1.0 -1.0 -1.0 -2.0 -1.0 0.0 -3.0 0.0 -2.0 -4.0 -1.0 -2.0 -4.0 -2.0 -3.0 -3.0 -3.0 -1.0 0.0 -2.0 -4.0 -1.0 -4.0 0.0 -1.0 -4.0 -2.0 -2.0 -3.0 
-1.0 -1.0 -1.0 -4.0 -2.0 0.0 -2.0 -2.0 0.0 0.0 -3.0 -1.0 -3.0 -1.0 -4.0 0.0 -2.0 -2.0 -4.0 -3.0 -4.0 -3.0 -4.0 -2.0 -2.0 137.0 -3.0 -4.0 0.0 0.0 -4.0 0.0 0.0 -4.0 -1.0 -3.0 -2.0 -4.0 -2.0 -1.0 0.0 -4.0 -2.0 0.0 -2.0 -2.0 -2.0 -2.0 -4.0 -3.0 -1.0 -3.0 -3.0 -2.0 0.0 -4.0 -4.0 -3.0 -2.0 -3.0 -2.0 0.0 -2.0 -4.0 -4.0 
-4.0 -4.0 -2.0 -2.0 -4.0 -3.0 -4.0 -3.0 0.0 -4.0 -3.0 -3.0 -2.0 -4.0 0.0 -4.0 -1.0 -3.0 -4.0 -4.0 -4.0 -2.0 -4.0 -2.0 -4.0 -1.0 151.0 0.0 0.0 -4.0 -2.0 0.0 -2.0 -4.0 -3.0 0.0 0.0 -2.0 -4.0 -2.0 -2.0 -3.0 -1.0 0.0 -4.0 -4.0 0.0 0.0 -2.0 -4.0 -3.0 0.0 -4.0 -4.0 0.0 -2.0 -3.0 -1.0 -3.0 -4.0 -1.0 -1.0 -3.0 -3.0 -1.0 
-4.0 0.0 -3.0 -1.0 -4.0 -4.0 -1.0 -4.0 -1.0 -2.0 0.0 -4.0 -4.0 -1.0 0.0 -2.0 -4.0 -4.0 0.0 -1.0 -4.0 -4.0 -3.0 -2.0 -1.0 -1.0 0.0 134.0 -4.0 -4.0 -4.0 0.0 -2.0 0.0 -3.0 -2.0 -3.0 -1.0 0.0 0.0 0.0 -3.0 -2.0 0.0 -3.0 -3.0 -4.0 -1.0 -2.0 -1.0 0.0 -3.0 -1.0 -4.0 -3.0 -2.0 -1.0 -1.0 -3.0 -1.0 -4.0 -2.0 -4.0 0.0 -4.0 
-3.0 -3.0 -2.0 0.0 -4.0 -1.0 -3.0 -1.0 -4.0 -1.0 0.0 -4.0 -1.0 0.0 -1.0 -1.0 -2.0 -1.0 -3.0 0.0 -4.0 -3.0 -4.0 -4.0 -4.0 -1.0 0.0 -3.0 121.0 -1.0 -1.0 -1.0 -2.0 -4.0 -4.0 -1.0 -4.0 -4.0 0.0 -4.0 -1.0 0.0 -4.0 -2.0 -2.0 0.0 -4.0 -2.0 -3.0 -1.0 0.0 -1.0 0.0 -1.0 -3.0 -1.0 -1.0 -4.0 0.0 -2.0 -1.0 0.0 0.0 -2.0 -2.0 
0.0 -3.0 0.0 -4.0 -4.0 0.0 -4.0 -4.0 -1.0 -3.0 -1.0 -4.0 -4.0 0.0 0.0 -3.0 -4.0 0.0 -3.0 -4.0 -4.0 -2.0 -3.0 0.0 -4.0 -4.0 -1.0 0.0 0.0 144.0 0.0 -3.0 -1.0 -1.0 0.0 -3.0 -1.0 -3.0 -4.0 -3.0 0.0 -4.0 -4.0 -4.0 -3.0 -4.0 -4.0 -2.0 -4.0 -3.0 -4.0 -3.0 0.0 -3.0 -2.0 -3.0 0.0 -4.0 0.0 -2.0 -2.0 -1.0 -2.0 -1.0 -2.0 
-2.0 -4.0 -4.0 -3.0 -2.0 -3.0 0.0 0.0 -4.0 0.0 -4.0 -1.0 0.0 -2.0 -1.0 -3.0 -2.0 0.0 -1.0 0.0 -4.0 -1.0 -4.0 -3.0 -2.0 0.0 -3.0 -4.0 -3.0 -3.0 129.0 -3.0 -4.0 0.0 -1.0 -3.0 -1.0 -2.0 0.0 -2.0 -2.0 -4.0 -4.0 0.0 -1.0 -2.0 -1.0 -2.0 -2.0 -1.0 0.0 -1.0 0.0 -1.0 -1.0 -4.0 -4.0 -1.0 -1.0 -4.0 -4.0 0.0 -3.0 -4.0 -3.0 
-4.0 -4.0 -3.0 -3.0 0.0 -2.0 0.0 0.0 -1.0 -3.0 -4.0 -4.0 -1.0 -1.0 0.0 -4.0 -1.0 -4.0 0.0 -4.0 -2.0 -1.0 -2.0 -2.0 -3.0 -2.0 -4.0 -4.0 -2.0 0.0 -1.0 122.0 -4.0 0.0 0.0 -4.0 -1.0 -2.0 -2.0 -1.0 0.0 -4.0 -1.0 -1.0 0.0 0.0 -3.0 -3.0 0.0 -2.0 -1.0 -2.0 -2.0 -1.0 -4.0 0.0 -1.0 -3.0 -4.0 -3.0 0.0 -1.0 -1.0 -1.0 -4.0 
-3.0 -4.0 -4.0 -3.0 -3.0 -3.0 -4.0 -3.0 -4.0 -2.0 -3.0 -2.0 -1.0 -4.0 -1.0 -4.0 -3.0 -2.0 -2.0 0.0 -4.0 0.0 0.0 -4.0 -4.0 0.0 -2.0 -3.0 -4.0 -3.0 -2.0 -1.0 139.0 -1.0 -2.0 0.0 -2.0 -2.0 -3.0 -4.0 -3.0 -1.0 -1.0 -3.0 0.0 -1.0 0.0 -3.0 -3.0 -3.0 -2.0 -4.0 0.0 -4.0 -3.0 -1.0 -1.0 0.0 -1.0 -3.0 -1.0 -1.0 0.0 -4.0 0.0 
-4.0 0.0 -3.0 -2.0 -1.0 -3.0 -1.0 -3.0 0.0 -4.0 -3.0 -4.0 -2.0 -2.0 -1.0 -3.0 -1.0 -2.0 -2.0 0.0 -1.0 -4.0 -4.0 -4.0 -4.0 0.0 -4.0 -1.0 -3.0 -3.0 0.0 -3.0 -4.0 145.0 -2.0 0.0 -2.0 -2.0 -3.0 -3.0 -3.0 0.0 -3.0 -4.0 -3.0 -1.0 -3.0 -1.0 -3.0 -1.0 -1.0 -3.0 -4.0 -1.0 -4.0 -4.0 -1.0 -3.0 -3.0 -4.0 -1.0 -3.0 -1.0 0.0 -2.0 
-1.0 -3.0 -4.0 -3.0 -2.0 -2.0 -2.0 -2.0 -2.0 0.0 -3.0 0.0 0.0 -3.0 -2.0 0.0 -1.0 0.0 -4.0 -2.0 -4.0 -3.0 -2.0 0.0 -4.0 -1.0 -2.0 0.0 -2.0 -3.0 0.0 -3.0 0.0 -1.0 115.0 0.0 -1.0 -3.0 -2.0 0.0 0.0 -1.0 -1.0 -2.0 -2.0 -1.0 -3.0 -2.0 -4.0 -1.0 -2.0 -1.0 -1.0 -2.0 -3.0 -3.0 -3.0 0.0 -3.0 -1.0 -2.0 -3.0 0.0 -4.0 -3.0 
-1.0 -3.0 -3.0 -4.0 0.0 0.0 -1.0 -1.0 -2.0 -3.0 0.0 -1.0 0.0 -3.0 -1.0 -4.0 0.0 0.0 -2.0 0.0 -1.0 -3.0 -3.0 -2.0 -3.0 -2.0 -1.0 -2.0 -2.0 -4.0 -2.0 -3.0 0.0 0.0 0.0 111.0 0.0 -1.0 -3.0 -2.0 -1.0 -1.0 -2.0 -2.0 -3.0 -3.0 -2.0 -1.0 0.0 -3.0 -3.0 0.0 -1.0 -3.0 -2.0 -4.0 0.0 -1.0 -2.0 -3.0 -2.0 -2.0 -4.0 0.0 -3.0 
-2.0 -4.0 -2.0 -4.0 0.0 -2.0 0.0 -3.0 -4.0 -4.0 -2.0 -4.0 -4.0 -4.0 -3.0 -1.0 -1.0 -1.0 0.0 -4.0 0.0 -2.0 -3.0 -3.0 -1.0 -4.0 -2.0 0.0 -4.0 -2.0 0.0 -4.0 -4.0 0.0 -1.0 -1.0 134.0 -4.0 -2.0 -3.0 -1.0 -2.0 0.0 -1.0 -3.0 -2.0 -1.0 0.0 -4.0 -3.0 -3.0 -3.0 0.0 -1.0 -3.0 -1.0 -4.0 -4.0 -3.0 -1.0 0.0 -1.0 0.0 -1.0 -3.0 
-2.0 0.0 -2.0 -2.0 0.0 -1.0 -1.0 -2.0 -2.0 -4.0 0.0 0.0 0.0 -1.0 -3.0 -3.0 -3.0 0.0 -2.0 -2.0 -4.0 -2.0 -3.0 -1.0 -4.0 -4.0 -2.0 -4.0 -2.0 -1.0 -3.0 0.0 -4.0 0.0 -2.0 0.0 0.0 105.0 -2.0 0.0 -2.0 -2.0 -4.0 -3.0 0.0 -3.0 0.0 0.0 -1.0 -1.0 -1.0 0.0 -4.0 0.0 -3.0 -1.0 -1.0 -1.0 0.0 0.0 0.0 -4.0 -4.0 0.0 -2.0 
0.0 -2.0 -1.0 -1.0 0.0 0.0 -2.0 0.0 -3.0 -1.0 0.0 -1.0 -4.0 -4.0 -2.0 0.0 -1.0 -4.0 -2.0 0.0 -2.0 -3.0 -3.0 -1.0 -3.0 -3.0 0.0 0.0 0.0 -3.0 -4.0 -2.0 -2.0 -1.0 0.0 -3.0 0.0 -4.0 124.0 -1.0 -2.0 -3.0 -3.0 -4.0 -4.0 -2.0 -3.0 -2.0 -2.0 0.0 -1.0 -4.0 -3.0 0.0 0.0 -3.0 -3.0 -3.0 -4.0 0.0 -3.0 -3.0 -3.0 -3.0 -3.0 
-3.0 -1.0 -4.0 -4.0 -2.0 -2.0 -1.0 -4.0 -3.0 -3.0 0.0 -4.0 -1.0 -4.0 -4.0 0.0 0.0 -4.0 -4.0 -1.0 0.0 -1.0 -1.0 -2.0 -3.0 0.0 -3.0 -4.0 0.0 -2.0 -1.0 -3.0 0.0 0.0 -2.0 0.0 0.0 -2.0 -3.0 137.0 -4.0 -2.0 0.0 -2.0 -3.0 -3.0 -2.0 -2.0 -2.0 -4.0 -4.0 0.0 -4.0 -3.0 0.0 0.0 -4.0 -4.0 0.0 -4.0 -2.0 -4.0 -3.0 -4.0 -1.0 
-3.0 -4.0 -2.0 0.0 0.0 -1.0 -4.0 -4.0 -4.0 0.0 0.0 0.0 0.0 -1.0 0.0 -3.0 -1.0 -3.0 -4.0 0.0 -2.0 -4.0 -2.0 -4.0 -4.0 -1.0 -1.0 -2.0 0.0 -3.0 -3.0 -4.0 -2.0 -1.0 0.0 -2.0 -1.0 0.0 -4.0 -4.0 121.0 -2.0 0.0 -1.0 -4.0 -3.0 -4.0 0.0 -3.0 -2.0 0.0 0.0 -2.0 -1.0 0.0 -4.0 -3.0 -1.0 -2.0 0.0 0.0 -2.0 -3.0 -2.0 -4.0 
-4.0 -3.0 -3.0 -3.0 -3.0 -4.0 -3.0 -4.0 -3.0 0.0 -2.0 -3.0 -2.0 -3.0 -2.0 0.0 -4.0 0.0 -4.0 -2.0 -4.0 0.0 -3.0 -1.0 -2.0 -4.0 -3.0 -4.0 0.0 -3.0 -3.0 -1.0 -1.0 -3.0 0.0 -2.0 -3.0 -2.0 0.0 -2.0 -4.0 141.0 0.0 0.0 0.0 -3.0 -2.0 -1.0 -4.0 -1.0 -3.0 -1.0 -2.0 -2.0 -4.0 -3.0 -3.0 0.0 0.0 -4.0 -4.0 -3.0 -2.0 -1.0 -1.0 
-4.0 0.0 -4.0 -2.0 0.0 -2.0 0.0 -1.0 -4.0 -2.0 0.0 -4.0 -4.0 -4.0 -4.0 -3.0 -2.0 -3.0 0.0 0.0 0.0 -3.0 -2.0 -4.0 -2.0 0.0 0.0 -4.0 -3.0 -4.0 -4.0 -2.0 -3.0 -2.0 0.0 0.0 -4.0 -3.0 -2.0 -1.0 -4.0 -1.0 129.0 -3.0 -4.0 -4.0 -3.0 0.0 0.0 -3.0 -2.0 0.0 -2.0 0.0 -2.0 -1.0 -4.0 0.0 -1.0 -3.0 0.0 -1.0 -4.0 -1.0 0.0 
0.0 -2.0 -2.0 -4.0 -4.0 0.0 -2.0 -2.0 0.0 -2.0 -4.0 -4.0 -1.0 -4.0 -3.0 0.0 -1.0 -1.0 -1.0 -2.0 -3.0 -2.0 -2.0 -4.0 -1.0 -2.0 -2.0 -4.0 -4.0 -2.0 -1.0 -3.0 0.0 -3.0 -2.0 -2.0 -1.0 0.0 -1.0 -4.0 -4.0 0.0 -4.0 129.0 -1.0 -4.0 -1.0 0.0 0.0 -2.0 -1.0 -4.0 -1.0 -2.0 -2.0 -4.0 0.0 0.0 0.0 -4.0 -4.0 -2.0 -3.0 -2.0 -2.0 
-2.0 -2.0 0.0 -2.0 -2.0 -2.0 -4.0 -2.0 -4.0 0.0 0.0 0.0 -1.0 -1.0 -3.0 -4.0 -1.0 -3.0 0.0 -3.0 -2.0 -2.0 0.0 -2.0 0.0 -4.0 -1.0 -2.0 0.0 -1.0 -3.0 -3.0 0.0 -3.0 0.0 -4.0 0.0 -2.0 -3.0 0.0 -1.0 -1.0 -2.0 -1.0 99.0 -1.0 0.0 -4.0 -2.0 -1.0 -1.0 -2.0 0.0 -4.0 0.0 -4.0 -1.0 -1.0 0.0 0.0 0.0 0.0 -3.0 -1.0 -1.0 
-4.0 0.0 -3.0 0.0 -2.0 -4.0 0.0 -4.0 -1.0 -2.0 -3.0 -2.0 -3.0 0.0 0.0 -3.0 -2.0 -1.0 -3.0 -2.0 -3.0 -1.0 -4.0 0.0 -2.0 0.0 -4.0 -1.0 -1.0 -1.0 0.0 -2.0 -3.0 -1.0 0.0 -3.0 -1.0 0.0 -3.0 -1.0 -1.0 -1.0 -3.0 -2.0 0.0 110.0 -1.0 -1.0 -2.0 -2.0 0.0 -3.0 -3.0 -1.0 -4.0 0.0 -3.0 -1.0 -4.0 0.0 -2.0 -1.0 -2.0 -2.0 -1.0 
-2.0 0.0 -4.0 -3.0 -2.0 -3.0 -2.0 -3.0 -4.0 -4.0 -1.0 -2.0 -2.0 0.0 -1.0 -3.0 -3.0 0.0 -1.0 -1.0 0.0 0.0 -4.0 -4.0 -4.0 -1.0 -3.0 -1.0 0.0 -2.0 0.0 -3.0 -4.0 0.0 -4.0 -3.0 -3.0 0.0 -3.0 0.0 -2.0 0.0 -3.0 -1.0 0.0 -1.0 126.0 -1.0 0.0 0.0 -4.0 -3.0 -4.0 0.0 -3.0 0.0 -4.0 -4.0 -3.0 -4.0 -2.0 0.0 -3.0 -4.0 0.0 
-1.0 -2.0 -2.0 -3.0 -4.0 -4.0 -3.0 0.0 -3.0 -4.0 -3.0 -4.0 -1.0 -3.0 0.0 -4.0 -2.0 -1.0 -4.0 -3.0 -1.0 0.0 -2.0 -3.0 -1.0 0.0 -1.0 0.0 -4.0 -2.0 -3.0 -1.0 -4.0 0.0 -1.0 -1.0 -3.0 0.0 -3.0 -1.0 -3.0 -3.0 -4.0 -1.0 -1.0 -1.0 -1.0 132.0 -1.0 0.0 -3.0 -4.0 -3.0 -1.0 0.0 -3.0 0.0 -2.0 -1.0 -2.0 -2.0 -4.0 -2.0 -4.0 -4.0 
0.0 -2.0 -4.0 0.0 -3.0 -4.0 -4.0 -2.0 -4.0 -4.0 -1.0 -2.0 -1.0 0.0 -4.0 0.0 0.0 -4.0 -3.0 -4.0 0.0 0.0 -3.0 -1.0 -1.0 -4.0 -3.0 -4.0 -2.0 -3.0 -3.0 -1.0 -1.0 -4.0 -1.0 -4.0 0.0 -4.0 0.0 0.0 -3.0 -3.0 -2.0 0.0 -3.0 -2.0 -1.0 -2.0 134.0 -2.0 -1.0 -3.0 -3.0 -1.0 -1.0 -2.0 -3.0 -3.0 0.0 -2.0 -2.0 0.0 -4.0 -3.0 -3.0 
-2.0 -1.0 0.0 -1.0 -3.0 -3.0 -4.0 0.0 -3.0 0.0 0.0 -4.0 -3.0 -2.0 -1.0 -3.0 0.0 -3.0 -4.0 -3.0 0.0 0.0 -2.0 0.0 -2.0 -1.0 -1.0 -2.0 0.0 0.0 -1.0 0.0 -4.0 -1.0 0.0 -2.0 -1.0 -4.0 -2.0 -3.0 -1.0 0.0 -3.0 -1.0 -3.0 0.0 0.0 -4.0 -3.0 117.0 -1.0 0.0 -4.0 -3.0 -2.0 -4.0 -1.0 -3.0 -4.0 -2.0 -1.0 0.0 -4.0 -3.0 -4.0 
-2.0 -3.0 0.0 -3.0 -1.0 -4.0 -4.0 -2.0 -4.0 -1.0 -2.0 -3.0 -4.0 -2.0 -4.0 -1.0 -1.0 -3.0 -4.0 -4.0 -3.0 -2.0 -1.0 -1.0 0.0 -2.0 -3.0 -2.0 0.0 -3.0 -3.0 -4.0 -2.0 -4.0 0.0 0.0 -3.0 0.0 -3.0 -1.0 0.0 -4.0 -2.0 -2.0 -3.0 -2.0 -3.0 -3.0 0.0 -3.0 131.0 -1.0 0.0 -1.0 -2.0 -1.0 0.0 0.0 0.0 -4.0 -1.0 -4.0 -2.0 -4.0 0.0 
-4.0 -1.0 0.0 -2.0 -4.0 -4.0 -3.0 0.0 -3.0 0.0 -1.0 -1.0 -2.0 -2.0 -2.0 -3.0 -4.0 -1.0 -3.0 -4.0 -1.0 0.0 -2.0 -3.0 -1.0 0.0 -1.0 -1.0 -1.0 0.0 -1.0 -3.0 -4.0 -1.0 -2.0 -4.0 0.0 -2.0 -4.0 -4.0 -1.0 0.0 0.0 -1.0 -2.0 -4.0 0.0 0.0 -3.0 0.0 -4.0 120.0 -3.0 -2.0 -4.0 0.0 0.0 -1.0 -2.0 -2.0 -2.0 -2.0 -4.0 0.0 -4.0 
-4.0 -2.0 -3.0 -3.0 0.0 -3.0 0.0 -3.0 -3.0 -3.0 -4.0 -2.0 -1.0 -2.0 -1.0 -3.0 0.0 -4.0 -1.0 0.0 0.0 -4.0 0.0 -3.0 -4.0 -2.0 -1.0 -4.0 -2.0 -4.0 -2.0 -4.0 -4.0 -2.0 -3.0 0.0 -4.0 -1.0 -4.0 -2.0 -4.0 -2.0 -1.0 -2.0 -4.0 -1.0 0.0 -2.0 -2.0 0.0 0.0 0.0 135.0 -3.0 0.0 -4.0 -1.0 -4.0 0.0 -2.0 -4.0 0.0 -3.0 -3.0 -1.0 
-3.0 0.0 -2.0 0.0 -4.0 -3.0 -4.0 -2.0 -4.0 -2.0 -2.0 -2.0 -1.0 -4.0 -3.0 -1.0 -2.0 -1.0 -4.0 -1.0 -1.0 0.0 -3.0 -4.0 0.0 -4.0 -1.0 -4.0 0.0 -4.0 -1.0 0.0 -1.0 -4.0 -4.0 0.0 -2.0 -1.0 -3.0 -3.0 -4.0 -4.0 0.0 -3.0 -2.0 -4.0 0.0 0.0 -3.0 0.0 0.0 -3.0 -1.0 125.0 -1.0 0.0 -1.0 -1.0 -2.0 0.0 0.0 -1.0 -4.0 -2.0 -4.0 
-2.0 -2.0 -4.0 -4.0 -2.0 -4.0 -1.0 -2.0 0.0 -4.0 -4.0 -2.0 -1.0 -2.0 -3.0 -4.0 0.0 0.0 -3.0 -1.0 -4.0 -2.0 0.0 -4.0 -1.0 -4.0 -1.0 0.0 -1.0 -4.0 -3.0 -1.0 -1.0 0.0 0.0 -2.0 -1.0 0.0 -4.0 0.0 -3.0 -1.0 -1.0 -1.0 -2.0 0.0 -3.0 -4.0 -2.0 -1.0 -4.0 -4.0 -2.0 0.0 127.0 -2.0 -2.0 0.0 -1.0 -3.0 -4.0 0.0 -2.0 -3.0 -4.0 
-1.0 -3.0 0.0 0.0 0.0 -2.0 -3.0 0.0 0.0 -4.0 -1.0 0.0 -3.0 -3.0 -1.0 -4.0 -1.0 -3.0 -2.0 0.0 -4.0 0.0 -3.0 -2.0 -3.0 -3.0 0.0 -2.0 -1.0 -1.0 0.0 0.0 -3.0 -1.0 0.0 -4.0 -2.0 -1.0 -2.0 -3.0 -2.0 0.0 -1.0 -3.0 -1.0 -2.0 -3.0 0.0 -4.0 -2.0 -4.0 -3.0 -3.0 0.0 -2.0 108.0 0.0 -1.0 -1.0 -1.0 -1.0 -4.0 -2.0 0.0 -2.0 
-2.0 -4.0 0.0 -4.0 -1.0 -2.0 -2.0 -4.0 -4.0 0.0 -3.0 -1.0 -3.0 0.0 0.0 0.0 -3.0 0.0 -3.0 -1.0 -1.0 -4.0 -4.0 -1.0 -4.0 0.0 -4.0 -3.0 0.0 -2.0 -1.0 -3.0 0.0 -2.0 -1.0 -1.0 -3.0 -1.0 -4.0 -2.0 -2.0 -2.0 -3.0 0.0 -4.0 0.0 0.0 -4.0 -2.0 -4.0 0.0 -2.0 0.0 -4.0 -1.0 -2.0 120.0 -4.0 -3.0 -1.0 -1.0 0.0 -1.0 0.0 -2.0 
-2.0 0.0 0.0 0.0 -3.0 -4.0 -3.0 -1.0 -4.0 -2.0 -4.0 -4.0 0.0 -3.0 -4.0 -2.0 -4.0 0.0 0.0 -1.0 -1.0 -2.0 -4.0 -2.0 -3.0 -1.0 0.0 -2.0 -2.0 0.0 0.0 0.0 -3.0 -2.0 0.0 -2.0 0.0 -2.0 -1.0 -2.0 -1.0 -1.0 -1.0 -1.0 0.0 -3.0 -2.0 -2.0 0.0 -1.0 -3.0 -3.0 -4.0 0.0 -3.0 -2.0 -4.0 116.0 -1.0 -4.0 -1.0 -1.0 -3.0 -4.0 -1.0 
0.0 -1.0 -2.0 -4.0 -2.0 0.0 -2.0 -3.0 -3.0 -4.0 -2.0 -1.0 -3.0 -4.0 0.0 -1.0 0.0 -4.0 -2.0 -4.0 -4.0 -2.0 -4.0 0.0 -4.0 0.0 -4.0 0.0 -1.0 0.0 -4.0 -3.0 -1.0 -4.0 -4.0 -4.0 -1.0 0.0 -2.0 0.0 0.0 -1.0 -3.0 -3.0 -1.0 -1.0 -1.0 -1.0 -4.0 -4.0 0.0 -2.0 -4.0 -1.0 -1.0 -1.0 -4.0 -4.0 132.0 -1.0 -1.0 -2.0 -4.0 -4.0 0.0 
-1.0 -4.0 -3.0 -1.0 -2.0 -4.0 -2.0 -2.0 -4.0 -1.0 -4.0 -1.0 -4.0 0.0 -1.0 -3.0 -3.0 -1.0 -1.0 -3.0 0.0 -1.0 -1.0 -1.0 -4.0 0.0 -3.0 -3.0 -2.0 -3.0 -4.0 -2.0 -4.0 -1.0 -3.0 -2.0 -3.0 -2.0 -2.0 -2.0 -3.0 -2.0 -1.0 -4.0 -4.0 -1.0 0.0 -4.0 -1.0 -4.0 -4.0 0.0 0.0 -4.0 0.0 -3.0 -2.0 -1.0 -4.0 143.0 -3.0 0.0 -2.0 -4.0 -4.0 
0.0 -2.0 -1.0 -2.0 -1.0 -1.0 -1.0 -1.0 0.0 -1.0 0.0 -3.0 -3.0 -4.0 -1.0 0.0 -2.0 -4.0 0.0 -1.0 -3.0 -1.0 0.0 0.0 -4.0 -1.0 -4.0 -1.0 -3.0 -3.0 -1.0 -2.0 -3.0 -1.0 -1.0 -3.0 -4.0 -2.0 -1.0 -1.0 -1.0 -3.0 -4.0 0.0 -2.0 -2.0 -1.0 -1.0 0.0 -1.0 0.0 0.0 -3.0 -1.0 -2.0 -4.0 -4.0 -1.0 -1.0 -2.0 110.0 -3.0 0.0 -3.0 -4.0 
-1.0 0.0 -2.0 -4.0 -3.0 -4.0 -3.0 -3.0 0.0 -3.0 0.0 -1.0 -3.0 0.0 0.0 -4.0 -2.0 -4.0 -4.0 0.0 -4.0 -3.0 -3.0 -3.0 -3.0 -1.0 -3.0 -1.0 0.0 -4.0 -3.0 -2.0 0.0 -1.0 -2.0 -4.0 0.0 -1.0 -3.0 0.0 0.0 -1.0 -3.0 -4.0 -2.0 -2.0 -3.0 0.0 -3.0 -2.0 -1.0 -4.0 0.0 -1.0 -4.0 -4.0 0.0 -3.0 -2.0 -1.0 -2.0 131.0 -4.0 -2.0 -1.0 
-1.0 -1.0 -4.0 -4.0 -4.0 -2.0 -4.0 0.0 -3.0 -2.0 -4.0 -1.0 -3.0 -1.0 -1.0 -1.0 -4.0 -3.0 -3.0 -4.0 -2.0 -1.0 -1.0 0.0 -3.0 -2.0 -3.0 -1.0 -2.0 -3.0 -3.0 -3.0 -1.0 -1.0 -3.0 -4.0 -4.0 -1.0 -4.0 -1.0 -4.0 -2.0 -1.0 -4.0 -2.0 -3.0 -4.0 -4.0 -3.0 -2.0 -3.0 -4.0 -3.0 -1.0 -2.0 -4.0 0.0 -3.0 -3.0 0.0 0.0 -4.0 151.0 -2.0 0.0 
-4.0 -3.0 -4.0 -4.0 0.0 -3.0 -3.0 -3.0 -3.0 -1.0 -4.0 -4.0 -3.0 -1.0 0.0 -3.0 -3.0 -3.0 -4.0 -4.0 -1.0 0.0 -2.0 0.0 -1.0 -2.0 -3.0 -2.0 -3.0 0.0 -4.0 -1.0 -2.0 -2.0 0.0 -3.0 0.0 -4.0 -4.0 -3.0 -2.0 -4.0 0.0 -1.0 -1.0 0.0 -1.0 -4.0 -1.0 -2.0 -4.0 -4.0 -2.0 -3.0 -2.0 -2.0 -4.0 -1.0 -3.0 -2.0 -3.0 -4.0 -2.0 148.0 -2.0 
-1.0 -4.0 -2.0 0.0 -2.0 0.0 -1.0 -4.0 0.0 -3.0 -1.0 -2.0 -2.0 0.0 -4.0 -4.0 -2.0 -1.0 -2.0 -1.0 -2.0 0.0 -3.0 0.0 -1.0 -2.0 -4.0 -2.0 -1.0 -2.0 -4.0 -1.0 -1.0 -4.0 -1.0 -3.0 -3.0 -4.0 -2.0 -2.0 0.0 -1.0 -1.0 -4.0 -2.0 -2.0 -4.0 -3.0 0.0 -3.0 -1.0 -3.0 0.0 -3.0 -2.0 -4.0 0.0 -3.0 -3.0 -2.0 -3.0 -4.0 -3.0 -4.0 133.0 

-4588.9 -3817.0 -3815.0 -3985.0 -4319.0 -3581.0 -3175.0 -3406.0 -2456.0 -3417.0 -3031.0 -2592.0 -2824.0 -2096.0 -2161.0 -1722.0 -2145.0 -1643.0 -1836.0 -1452.0 -2044.0 -1978.0 -1941.0 -605.0 -1109.0 -1278.0 -537.0 -578.0 -214.0 -432.0 -257.0 96.0 583.0 131.0 196.0 172.0 844.0 663.0 233.0 918.0 1003.0 1626.0 1571.0 1484.0 1466.0 1588.0 1823.0 2129.0 2268.0 1726.0 2770.0 2358.0 2934.0 2957.0 2979.0 2430.0 3100.0 2928.0 3490.0 3857.0 2873.0 3914.0 4661.0 4787.0 3951.0 