115
216.0 -3.0 -4.0 -4.0 -4.0 -1.0 0.0 -2.0 0.0 -1.0 -1.0 -1.0 -2.0 -2.0 -1.0 0.0 0.0 0.0 -1.0 -2.0 -1.0 -3.0 0.0 -3.0 -3.0 -2.0 -3.0 -3.0 -3.0 -2.0 0.0 -3.0 -1.0 -3.0 -1.0 -4.0 -1.0 -4.0 -3.0 -2.0 -2.0 -1.0 -2.0 -1.0 -4.0 -1.0 -2.0 -1.0 0.0 -3.0 -2.0 -1.0 -3.0 -3.0 -4.0 0.0 -4.0 0.0 -3.0 0.0 -3.0 -1.0 -2.0 -3.0 -4.0 -1.0 0.0 -4.0 0.0 -1.0 -2.0 -1.0 -1.0 -4.0 -4.0 -4.0 0.0 -2.0 -3.0 0.0 -3.0 -4.0 -2.0 -3.0 -4.0 0.0 -2.0 0.0 0.0 -2.0 -1.0 -2.0 -4.0 -1.0 -1.0 -1.0 -1.0 -4.0 0.0 0.0 -2.0 -1.0 -3.0 -2.0 -3.0 0.0 0.0 -2.0 -4.0 -3.0 -2.0 0.0 0.0 -4.0 -3.0 
-4.0 248.0 -3.0 -2.0 -3.0 -1.0 -2.0 -1.0 -2.0 0.0 -1.0 0.0 -4.0 0.0 -4.0 0.0 0.0 -3.0 -4.0 -2.0 -3.0 -2.0 -3.0 -1.0 -2.0 -3.0 -4.0 -3.0 0.0 -4.0 -2.0 0.0 -3.0 -3.0 -3.0 -1.0 0.0 -4.0 -1.0 -3.0 -3.0 -2.0 0.0 -1.0 -4.0 -3.0 -3.0 -4.0 -3.0 -1.0 -3.0 -4.0 -3.0 -4.0 0.0 -3.0 -2.0 -4.0 -1.0 0.0 -4.0 -4.0 -2.0 -3.0 -1.0 0.0 -1.0 -3.0 -2.0 -1.0 -2.0 0.0 -4.0 -3.0 -4.0 0.0 -3.0 -3.0 -4.0 -1.0 -3.0 -2.0 -3.0 0.0 -3.0 -2.0 -4.0 -3.0 -3.0 -4.0 0.0 -2.0 -2.0 -2.0 -1.0 -2.0 -3.0 -2.0 0.0 -4.0 -1.0 -3.0 -1.0 -1.0 0.0 -2.0 -1.0 0.0 0.0 -3.0 -4.0 -4.0 -3.0 -2.0 -4.0 
-2.0 0.0 248.0 -2.0 -2.0 -1.0 -4.0 0.0 -4.0 0.0 -4.0 -3.0 0.0 -1.0 -2.0 -4.0 -1.0 -4.0 -3.0 -4.0 -4.0 -1.0 0.0 -1.0 0.0 -4.0 -4.0 -2.0 -2.0 -1.0 0.0 0.0 -4.0 -4.0 -4.0 -1.0 -4.0 -3.0 -2.0 0.0 -3.0 -1.0 -4.0 -2.0 -4.0 -3.0 -4.0 -3.0 -4.0 -2.0 -4.0 -3.0 -4.0 -4.0 0.0 -1.0 -4.0 -2.0 -2.0 0.0 -4.0 -3.0 -3.0 -4.0 -4.0 -2.0 0.0 -2.0 -4.0 0.0 -4.0 -2.0 0.0 0.0 0.0 -4.0 0.0 -3.0 -2.0 -2.0 0.0 -1.0 -4.0 -3.0 -3.0 -4.0 -3.0 -2.0 -2.0 -3.0 0.0 -2.0 0.0 -2.0 -1.0 -2.0 0.0 -3.0 -2.0 -1.0 -3.0 -1.0 0.0 -2.0 0.0 -4.0 -1.0 -4.0 -1.0 -2.0 -2.0 -4.0 -1.0 -3.0 -3.0 
-3.0 -1.0 -3.0 232.0 -2.0 -4.0 0.0 -2.0 -2.0 -2.0 -2.0 -4.0 0.0 -1.0 -3.0 -2.0 -4.0 -1.0 -4.0 -4.0 -1.0 -1.0 -2.0 0.0 0.0 -2.0 -4.0 -2.0 0.0 -4.0 0.0 -3.0 0.0 -4.0 0.0 -4.0 -1.0 -3.0 -2.0 0.0 -2.0 -2.0 -1.0 0.0 -3.0 -2.0 -2.0 -4.0 -4.0 -1.0 -2.0 -2.0 -4.0 -3.0 -1.0 -1.0 -2.0 -2.0 -3.0 -4.0 0.0 -2.0 -2.0 -3.0 -4.0 -4.0 -1.0 -3.0 -4.0 -2.0 -1.0 0.0 -4.0 -1.0 0.0 -1.0 -1.0 0.0 -2.0 -4.0 0.0 -3.0 -2.0 0.0 -3.0 -1.0 -2.0 0.0 -2.0 -2.0 -4.0 -3.0 -2.0 0.0 -4.0 -1.0 -1.0 -4.0 0.0 -4.0 -3.0 -3.0 -2.0 -4.0 -1.0 -3.0 -3.0 -1.0 -3.0 0.0 0.0 -4.0 -4.0 -2.0 0.0 
-2.0 -2.0 -1.0 -1.0 242.0 -1.0 -1.0 0.0 0.0 -4.0 -2.0 -3.0 0.0 -1.0 -4.0 -2.0 -2.0 0.0 -2.0 -1.0 0.0 -3.0 -2.0 -3.0 0.0 -1.0 -2.0 -2.0 0.0 -2.0 0.0 -2.0 -3.0 -4.0 -2.0 0.0 -3.0 -1.0 -4.0 -4.0 -2.0 0.0 -2.0 0.0 -3.0 -3.0 -4.0 -2.0 -2.0 -3.0 -3.0 -3.0 -1.0 0.0 -1.0 -1.0 0.0 -3.0 -4.0 -1.0 -2.0 -3.0 -3.0 -3.0 -4.0 -2.0 -2.0 -4.0 -4.0 -4.0 -1.0 -4.0 -3.0 -1.0 -3.0 -3.0 -1.0 -4.0 -4.0 -3.0 -4.0 0.0 -4.0 -1.0 0.0 -2.0 -2.0 -2.0 -4.0 0.0 -4.0 -4.0 0.0 -3.0 -4.0 -4.0 0.0 0.0 -3.0 -3.0 -2.0 -4.0 -1.0 -2.0 -1.0 -2.0 -4.0 -4.0 -1.0 -2.0 -4.0 0.0 -3.0 -1.0 -4.0 
-4.0 -3.0 -2.0 -4.0 -2.0 227.0 -3.0 -2.0 -2.0 -3.0 0.0 -4.0 -2.0 -3.0 -4.0 -1.0 -4.0 0.0 -1.0 -4.0 0.0 -3.0 -1.0 0.0 0.0 -2.0 -1.0 0.0 -2.0 -1.0 -3.0 -4.0 0.0 -2.0 -1.0 -2.0 0.0 -3.0 -4.0 -2.0 -4.0 -3.0 -3.0 -1.0 -3.0 -1.0 -1.0 -3.0 -1.0 -2.0 -3.0 -2.0 0.0 -1.0 -2.0 -3.0 -1.0 -3.0 0.0 -3.0 -3.0 -2.0 -4.0 -1.0 -2.0 -4.0 0.0 0.0 0.0 -4.0 -2.0 -4.0 -4.0 -4.0 -2.0 -2.0 -3.0 -1.0 0.0 0.0 -1.0 0.0 -4.0 -1.0 -1.0 -2.0 -4.0 -1.0 0.0 -3.0 -4.0 -2.0 -2.0 0.0 -1.0 -4.0 0.0 -1.0 -3.0 -1.0 -1.0 -1.0 -2.0 -3.0 -2.0 -4.0 -3.0 -4.0 0.0 -4.0 -1.0 0.0 -1.0 -4.0 -1.0 
-4.0 -2.0 -2.0 -3.0 -4.0 -2.0 239.0 -1.0 -4.0 -2.0 -3.0 -3.0 -2.0 -4.0 -1.0 -2.0 -3.0 -2.0 -1.0 -3.0 -2.0 -1.0 -3.0 -3.0 -1.0 -1.0 -2.0 0.0 -2.0 0.0 -2.0 -4.0 -2.0 -2.0 -1.0 0.0 -4.0 -1.0 -2.0 -2.0 -3.0 -2.0 -4.0 0.0 0.0 -2.0 -1.0 -3.0 -3.0 0.0 -3.0 0.0 -1.0 -3.0 0.0 -2.0 -2.0 -4.0 0.0 -4.0 -2.0 -3.0 -2.0 -2.0 0.0 -1.0 0.0 -1.0 -1.0 -4.0 -2.0 0.0 -3.0 -2.0 -1.0 -4.0 -3.0 -4.0 -2.0 -4.0 -3.0 -2.0 -1.0 -2.0 -4.0 -2.0 -1.0 -4.0 -4.0 -3.0 0.0 -2.0 0.0 -1.0 -1.0 -4.0 -1.0 -1.0 -4.0 -3.0 -4.0 0.0 -4.0 0.0 -4.0 -3.0 0.0 -4.0 -1.0 -4.0 -4.0 -1.0 -3.0 -2.0 -1.0 
-3.0 0.0 -2.0 -1.0 -2.0 0.0 0.0 230.0 -3.0 -4.0 -3.0 0.0 -4.0 -2.0 -3.0 0.0 -3.0 -3.0 0.0 0.0 -2.0 -3.0 -2.0 -3.0 -1.0 -1.0 -2.0 -4.0 -3.0 -3.0 -2.0 0.0 0.0 -3.0 -3.0 -2.0 0.0 -3.0 -3.0 -2.0 -1.0 -2.0 -4.0 -2.0 -4.0 -2.0 -1.0 -1.0 -2.0 -4.0 -4.0 0.0 -4.0 -4.0 0.0 -4.0 -4.0 0.0 0.0 0.0 -3.0 -1.0 -2.0 -4.0 -4.0 0.0 0.0 -1.0 -2.0 -3.0 -1.0 -1.0 0.0 -1.0 -4.0 -1.0 -4.0 -1.0 -2.0 -3.0 0.0 0.0 -3.0 -3.0 -4.0 -2.0 -3.0 -1.0 -4.0 -3.0 -3.0 -3.0 -1.0 -4.0 -2.0 -3.0 -2.0 0.0 -3.0 -1.0 -2.0 0.0 0.0 0.0 -1.0 -4.0 -2.0 -3.0 -3.0 -4.0 0.0 -3.0 -1.0 -3.0 -3.0 
0.0 0.0 -4.0 -4.0 -1.0 -1.0 -3.0 -2.0 244.0 -3.0 -1.0 -2.0 -3.0 0.0 -4.0 -4.0 0.0 -4.0 -2.0 -4.0 -4.0 -4.0 -3.0 -2.0 -2.0 -3.0 -4.0 -3.0 -1.0 -3.0 -4.0 -1.0 -1.0 -2.0 0.0 0.0 -4.0 -1.0 -1.0 -4.0 -4.0 -2.0 -2.0 -1.0 -1.0 -1.0 -1.0 0.0 -3.0 -3.0 -3.0 0.0 -4.0 0.0 -1.0 -1.0 -2.0 -3.0 -4.0 -4.0 -1.0 -1.0 -3.0 -3.0 -1.0 -4.0 -1.0 -4.0 -4.0 -2.0 -4.0 -1.0 0.0 0.0 0.0 -2.0 -4.0 -3.0 -2.0 -1.0 -3.0 -4.0 -3.0 -4.0 -4.0 -4.0 0.0 -4.0 0.0 -1.0 0.0 0.0 -1.0 -3.0 -3.0 -4.0 -1.0 -1.0 -4.0 -3.0 -2.0 -3.0 -4.0 0.0 -1.0 -3.0 0.0 0.0 -3.0 -2.0 -1.0 -1.0 -4.0 -1.0 -2.0 
0.0 -4.0 -2.0 -4.0 -4.0 -3.0 0.0 0.0 -3.0 235.0 0.0 -4.0 -1.0 -4.0 -4.0 -2.0 -3.0 0.0 -1.0 0.0 -4.0 -3.0 -2.0 -2.0 -2.0 -4.0 -3.0 0.0 -1.0 -2.0 -2.0 -2.0 -3.0 -4.0 -1.0 -2.0 -2.0 -1.0 -2.0 -1.0 -2.0 0.0 -1.0 -1.0 0.0 0.0 -3.0 0.0 -2.0 -1.0 -3.0 -1.0 -4.0 -4.0 -2.0 -3.0 0.0 -1.0 -1.0 -4.0 -2.0 -2.0 -4.0 -1.0 -2.0 -3.0 -2.0 -3.0 -4.0 -3.0 -4.0 0.0 -2.0 -4.0 -1.0 -4.0 -1.0 -4.0 -2.0 -1.0 -1.0 0.0 -4.0 -3.0 -1.0 0.0 -4.0 -1.0 -1.0 -3.0 -3.0 -1.0 -2.0 -1.0 -4.0 -2.0 -4.0 -3.0 -2.0 -2.0 -4.0 0.0 -3.0 0.0 -2.0 -3.0 -2.0 -1.0 -2.0 0.0 -4.0 -1.0 -2.0 -4.0 -1.0 
-1.0 -2.0 -2.0 0.0 -3.0 -3.0 -3.0 -1.0 0.0 -4.0 241.0 -4.0 0.0 -2.0 0.0 -4.0 0.0 -1.0 -4.0 -3.0 -4.0 0.0 -1.0 -4.0 -2.0 -4.0 -3.0 -1.0 -2.0 0.0 -3.0 -1.0 -2.0 -2.0 -3.0 -3.0 -4.0 -4.0 -1.0 -3.0 -2.0 0.0 -3.0 0.0 -3.0 -3.0 -3.0 -2.0 -2.0 -2.0 -4.0 0.0 0.0 -4.0 -1.0 -4.0 0.0 -3.0 0.0 -2.0 -4.0 -4.0 -1.0 -1.0 0.0 -3.0 -4.0 -3.0 -2.0 -4.0 0.0 -3.0 0.0 -3.0 -3.0 -3.0 0.0 -1.0 -2.0 -4.0 0.0 -3.0 0.0 -4.0 -2.0 -3.0 0.0 -1.0 -3.0 -3.0 -2.0 0.0 -1.0 -4.0 -4.0 -2.0 -2.0 -1.0 -3.0 -2.0 -4.0 -1.0 -1.0 -2.0 -2.0 0.0 -4.0 -4.0 -3.0 -3.0 -3.0 -2.0 -3.0 -2.0 0.0 
-4.0 -2.0 -1.0 -3.0 0.0 0.0 -2.0 -2.0 -2.0 -1.0 -2.0 235.0 0.0 -1.0 -2.0 -3.0 -4.0 -1.0 -3.0 -4.0 -3.0 -1.0 0.0 0.0 -3.0 -3.0 -4.0 -4.0 0.0 -4.0 -2.0 0.0 -4.0 -4.0 -1.0 -3.0 -1.0 -4.0 0.0 -2.0 -2.0 -1.0 -4.0 -4.0 -2.0 -4.0 -4.0 -2.0 -2.0 -2.0 -3.0 -1.0 -3.0 0.0 -2.0 -3.0 -1.0 0.0 -2.0 0.0 -4.0 -2.0 0.0 -4.0 -2.0 -4.0 0.0 -3.0 -2.0 -1.0 -1.0 -2.0 -1.0 0.0 -1.0 -1.0 -2.0 -4.0 -2.0 -1.0 -3.0 -3.0 -4.0 -2.0 -1.0 -2.0 -4.0 -3.0 -2.0 0.0 -4.0 0.0 -4.0 -4.0 -2.0 -2.0 -2.0 -2.0 -3.0 -2.0 0.0 0.0 -1.0 -2.0 0.0 -4.0 -4.0 0.0 -2.0 -4.0 -4.0 -1.0 -3.0 0.0 -2.0 
0.0 0.0 -3.0 -1.0 0.0 -4.0 0.0 0.0 -4.0 -2.0 -3.0 0.0 236.0 -4.0 -4.0 0.0 0.0 -4.0 -2.0 -4.0 -4.0 -1.0 -4.0 -1.0 -3.0 -2.0 -4.0 -2.0 -3.0 0.0 0.0 0.0 0.0 -2.0 -2.0 -1.0 -1.0 -3.0 -3.0 -4.0 0.0 -3.0 -2.0 -3.0 -4.0 -2.0 -3.0 -2.0 -1.0 -1.0 -4.0 -2.0 -1.0 -1.0 -4.0 -1.0 -2.0 -4.0 0.0 -2.0 -4.0 -2.0 -2.0 -2.0 -1.0 0.0 -4.0 -4.0 -4.0 -4.0 -2.0 -4.0 -4.0 -1.0 -2.0 0.0 -4.0 -3.0 -2.0 0.0 -4.0 -4.0 0.0 -2.0 -1.0 -3.0 0.0 -4.0 -2.0 -4.0 0.0 -4.0 -4.0 -3.0 0.0 -4.0 0.0 -1.0 -1.0 -1.0 -2.0 0.0 -2.0 0.0 -3.0 -2.0 -4.0 -1.0 -4.0 -1.0 -2.0 0.0 -4.0 0.0 -3.0 
-3.0 -4.0 -3.0 0.0 -3.0 -1.0 -4.0 -1.0 -3.0 -4.0 -1.0 0.0 -1.0 233.0 -4.0 -1.0 -3.0 -3.0 0.0 -4.0 -1.0 -2.0 0.0 -1.0 -1.0 0.0 -2.0 -2.0 -4.0 -2.0 -1.0 -4.0 0.0 -3.0 -1.0 0.0 -3.0 -4.0 -2.0 -1.0 -2.0 -3.0 -4.0 -2.0 -4.0 -4.0 -2.0 0.0 -2.0 -4.0 -2.0 -1.0 -3.0 -3.0 -2.0 -4.0 -1.0 -3.0 -4.0 -4.0 -3.0 -2.0 -2.0 -3.0 0.0 -2.0 0.0 0.0 -4.0 0.0 -2.0 -1.0 -2.0 0.0 -3.0 -4.0 0.0 -4.0 -3.0 -2.0 -2.0 -3.0 -1.0 -4.0 -2.0 -3.0 0.0 -4.0 -1.0 -4.0 -4.0 -4.0 -2.0 -3.0 0.0 -1.0 0.0 0.0 -4.0 -1.0 -4.0 -1.0 -2.0 0.0 -2.0 0.0 -2.0 0.0 -1.0 -2.0 -2.0 0.0 -1.0 -3.0 -2.0 
-3.0 -4.0 -2.0 -1.0 -2.0 -3.0 -4.0 -2.0 -4.0 -1.0 -1.0 -1.0 -2.0 -4.0 245.0 -4.0 -1.0 0.0 -1.0 0.0 -3.0 -4.0 -2.0 -4.0 -4.0 -1.0 -3.0 -1.0 -2.0 -2.0 -2.0 -1.0 0.0 0.0 -2.0 -1.0 -1.0 -3.0 -4.0 -2.0 -2.0 -4.0 -2.0 -3.0 -3.0 -3.0 -2.0 0.0 -4.0 -1.0 -3.0 -4.0 -3.0 -4.0 -1.0 -1.0 -4.0 -1.0 0.0 -2.0 -4.0 0.0 -2.0 -4.0 -1.0 -1.0 0.0 -3.0 -3.0 -4.0 -2.0 -1.0 0.0 -4.0 -4.0 -2.0 -1.0 -3.0 -2.0 -4.0 -2.0 -3.0 -4.0 0.0 -3.0 -1.0 -1.0 -2.0 -1.0 0.0 -2.0 -1.0 -4.0 -4.0 0.0 -4.0 -1.0 -4.0 -3.0 0.0 -4.0 -1.0 -3.0 -4.0 -1.0 -1.0 -3.0 -2.0 -1.0 -1.0 -2.0 0.0 -4.0 -3.0 -1.0 
-2.0 -2.0 -3.0 -2.0 -4.0 -4.0 -4.0 -4.0 -4.0 0.0 0.0 -2.0 0.0 -3.0 -3.0 221.0 -4.0 0.0 -3.0 -2.0 -1.0 0.0 -1.0 -1.0 -1.0 -4.0 -1.0 -1.0 0.0 -3.0 0.0 -2.0 -1.0 -3.0 -3.0 0.0 -1.0 -1.0 -3.0 -3.0 -4.0 -3.0 0.0 -1.0 -1.0 -4.0 -4.0 0.0 -3.0 -1.0 -3.0 -2.0 0.0 -3.0 -4.0 0.0 -3.0 0.0 -1.0 -3.0 -1.0 -1.0 -3.0 -1.0 0.0 -1.0 -2.0 -1.0 0.0 -2.0 0.0 -3.0 0.0 -3.0 -2.0 0.0 -2.0 -3.0 -4.0 -3.0 -2.0 -1.0 -4.0 -4.0 -1.0 -2.0 -2.0 -4.0 0.0 -4.0 -3.0 -3.0 -4.0 -4.0 0.0 -1.0 0.0 -4.0 -1.0 -4.0 -1.0 -3.0 -1.0 -3.0 -1.0 -3.0 0.0 -1.0 -4.0 0.0 0.0 -1.0 -2.0 -4.0 -1.0 
0.0 -4.0 0.0 -2.0 -2.0 -1.0 -1.0 -1.0 -2.0 -2.0 0.0 -2.0 -2.0 -3.0 -2.0 -3.0 242.0 -4.0 -3.0 -2.0 -4.0 -1.0 -3.0 0.0 -1.0 -3.0 -2.0 -4.0 -1.0 -3.0 -1.0 -4.0 0.0 -3.0 -2.0 -2.0 -1.0 -4.0 -4.0 -3.0 -2.0 -2.0 -2.0 -1.0 -2.0 -2.0 -4.0 -3.0 -1.0 0.0 -2.0 -3.0 0.0 0.0 -1.0 -1.0 -4.0 -2.0 -3.0 -4.0 -3.0 -4.0 -2.0 -1.0 -4.0 -4.0 -2.0 0.0 -3.0 -1.0 -1.0 -4.0 -2.0 0.0 -1.0 -4.0 -2.0 -2.0 -2.0 0.0 0.0 -1.0 -3.0 -4.0 -4.0 -4.0 -3.0 0.0 0.0 -3.0 -1.0 -2.0 -1.0 -2.0 -4.0 0.0 -4.0 -2.0 -3.0 -4.0 -2.0 0.0 -3.0 -4.0 -2.0 -2.0 0.0 -3.0 -4.0 -1.0 -4.0 -1.0 -4.0 -2.0 -2.0 
-1.0 0.0 0.0 -3.0 0.0 -3.0 0.0 -3.0 -1.0 -1.0 -4.0 -4.0 -4.0 -1.0 0.0 -1.0 0.0 219.0 -1.0 -2.0 -2.0 -3.0 -2.0 0.0 0.0 -4.0 -2.0 -2.0 0.0 0.0 -4.0 0.0 -1.0 -3.0 -4.0 0.0 -4.0 -1.0 0.0 -1.0 -1.0 -4.0 -2.0 -3.0 -3.0 -3.0 -3.0 -2.0 -2.0 -3.0 -2.0 -2.0 0.0 -3.0 -2.0 -4.0 -2.0 -3.0 -1.0 0.0 -1.0 0.0 -2.0 -4.0 -4.0 0.0 -4.0 -4.0 -3.0 -2.0 -2.0 0.0 0.0 -3.0 -4.0 0.0 -2.0 -4.0 -3.0 -2.0 0.0 0.0 -4.0 -3.0 -1.0 -2.0 -2.0 -2.0 0.0 -2.0 -1.0 -4.0 -4.0 -4.0 -4.0 0.0 -4.0 0.0 0.0 0.0 -4.0 -4.0 0.0 0.0 -2.0 -4.0 -1.0 0.0 -4.0 -2.0 -1.0 -1.0 -4.0 0.0 -4.0 
-4.0 -3.0 -4.0 0.0 -4.0 -3.0 -4.0 -2.0 -4.0 -1.0 -2.0 -4.0 -2.0 -3.0 -3.0 -1.0 -2.0 -4.0 243.0 -2.0 -1.0 -1.0 -1.0 0.0 -2.0 -4.0 -3.0 -4.0 0.0 -2.0 -1.0 -3.0 -3.0 0.0 -1.0 -1.0 -3.0 -1.0 -2.0 -3.0 -3.0 0.0 -2.0 -2.0 -1.0 -4.0 -1.0 -4.0 -2.0 0.0 -2.0 -3.0 -1.0 -2.0 -4.0 -1.0 -4.0 -3.0 -1.0 -2.0 -1.0 0.0 -2.0 -2.0 -1.0 0.0 -4.0 -4.0 0.0 -4.0 -4.0 -1.0 -2.0 -3.0 0.0 -1.0 -4.0 -2.0 -4.0 -2.0 -1.0 -3.0 -1.0 0.0 -4.0 0.0 -3.0 -1.0 -3.0 -3.0 0.0 -4.0 -3.0 0.0 0.0 -4.0 0.0 0.0 -3.0 -4.0 -4.0 -3.0 -4.0 -3.0 -1.0 -3.0 -2.0 0.0 0.0 0.0 -2.0 -3.0 -4.0 -2.0 -4.0 
-2.0 -1.0 -1.0 -1.0 -3.0 -2.0 -3.0 -3.0 -1.0 -2.0 -4.0 -1.0 -1.0 -2.0 -3.0 -3.0 -4.0 0.0 -2.0 232.0 -4.0 -3.0 0.0 -4.0 -1.0 -1.0 -2.0 0.0 -2.0 -2.0 -3.0 0.0 -3.0 0.0 -4.0 -4.0 -2.0 -1.0 -4.0 -2.0 -1.0 0.0 -1.0 -1.0 0.0 0.0 -3.0 0.0 -3.0 0.0 -3.0 -2.0 -4.0 -4.0 -3.0 -3.0 -2.0 0.0 -3.0 -3.0 -3.0 -3.0 0.0 -4.0 -1.0 -2.0 -3.0 -2.0 0.0 -4.0 -2.0 -4.0 -3.0 0.0 -1.0 -3.0 -1.0 -1.0 -1.0 0.0 -4.0 -3.0 0.0 -4.0 -1.0 -3.0 0.0 -2.0 -2.0 -2.0 -2.0 0.0 0.0 -1.0 -1.0 -2.0 -3.0 -4.0 -3.0 -3.0 0.0 0.0 -4.0 -3.0 -4.0 -3.0 -2.0 -3.0 -4.0 -1.0 -4.0 -1.0 -3.0 -3.0 -2.0 
-4.0 -4.0 0.0 0.0 -3.0 -4.0 -3.0 -3.0 -1.0 -3.0 -2.0 0.0 -2.0 -1.0 -4.0 -2.0 -4.0 0.0 -3.0 -3.0 223.0 -1.0 -1.0 -4.0 -2.0 -3.0 0.0 -1.0 -3.0 -3.0 -2.0 0.0 -1.0 -4.0 -4.0 -4.0 0.0 -2.0 0.0 0.0 -1.0 -4.0 -2.0 -4.0 0.0 -1.0 -4.0 -4.0 -3.0 -4.0 -3.0 -2.0 0.0 -3.0 -4.0 -2.0 -4.0 -1.0 0.0 -4.0 0.0 -2.0 -1.0 -3.0 -4.0 -1.0 -2.0 -4.0 -3.0 0.0 -4.0 0.0 -2.0 -2.0 -3.0 0.0 -2.0 -4.0 -3.0 -2.0 0.0 -4.0 -4.0 0.0 -1.0 -1.0 -2.0 0.0 -1.0 -2.0 -1.0 -2.0 -2.0 0.0 0.0 -1.0 -2.0 0.0 -1.0 -1.0 -1.0 -1.0 -4.0 -2.0 -1.0 -2.0 -3.0 0.0 -1.0 -3.0 -2.0 -3.0 -1.0 0.0 -1.0 
-1.0 -1.0 -3.0 -3.0 -2.0 -4.0 -4.0 -1.0 -4.0 -1.0 -1.0 -1.0 -3.0 -4.0 0.0 -2.0 -3.0 -4.0 0.0 -4.0 -3.0 237.0 -2.0 -2.0 -2.0 -2.0 -1.0 0.0 -2.0 -1.0 -3.0 -2.0 -2.0 0.0 -2.0 -4.0 -4.0 0.0 -4.0 -1.0 -3.0 -4.0 -4.0 -1.0 -3.0 -2.0 -4.0 -4.0 -3.0 -1.0 0.0 -1.0 -1.0 -4.0 -3.0 -1.0 -4.0 -3.0 -2.0 -3.0 -2.0 -1.0 0.0 -2.0 -2.0 -1.0 -4.0 -2.0 0.0 -2.0 0.0 -2.0 -1.0 -3.0 -4.0 -2.0 -1.0 -3.0 -1.0 0.0 -3.0 -2.0 0.0 -4.0 0.0 -3.0 -3.0 -1.0 -4.0 0.0 0.0 -2.0 -2.0 0.0 -1.0 -3.0 -1.0 -1.0 -3.0 -1.0 -1.0 -4.0 -4.0 0.0 -4.0 -2.0 -1.0 -4.0 -1.0 -4.0 0.0 -3.0 0.0 -4.0 -4.0 
-3.0 -4.0 -4.0 0.0 -4.0 -4.0 -3.0 -3.0 -2.0 -2.0 0.0 -4.0 -4.0 -1.0 -4.0 -2.0 -4.0 -3.0 -1.0 0.0 -3.0 -3.0 229.0 -4.0 -1.0 0.0 0.0 -4.0 -2.0 -1.0 -1.0 -3.0 -1.0 -1.0 -2.0 -3.0 -4.0 -3.0 -1.0 -3.0 0.0 -3.0 -4.0 0.0 -1.0 -2.0 -4.0 0.0 -1.0 -2.0 -3.0 -4.0 -1.0 -4.0 -1.0 -2.0 -2.0 -1.0 0.0 0.0 0.0 -3.0 -4.0 0.0 -2.0 -2.0 -3.0 -2.0 0.0 -4.0 -3.0 0.0 -3.0 -3.0 0.0 -2.0 -1.0 -1.0 -2.0 -3.0 -1.0 -1.0 -2.0 -2.0 0.0 0.0 -1.0 -4.0 -2.0 -3.0 -1.0 -1.0 -2.0 -2.0 -2.0 0.0 -2.0 0.0 0.0 -4.0 -3.0 -3.0 -1.0 -1.0 -1.0 -4.0 -4.0 -4.0 -3.0 0.0 -3.0 -1.0 -2.0 0.0 -4.0 
-4.0 -4.0 -4.0 0.0 -4.0 -1.0 -3.0 -2.0 0.0 -3.0 -1.0 -1.0 -2.0 -3.0 -3.0 -4.0 -3.0 -3.0 -4.0 -1.0 -4.0 -3.0 -4.0 249.0 -3.0 -3.0 -1.0 -2.0 0.0 -2.0 -1.0 0.0 -3.0 -2.0 -3.0 0.0 -4.0 -4.0 -1.0 -2.0 -2.0 -4.0 -3.0 -3.0 -1.0 -1.0 0.0 -3.0 -2.0 -1.0 0.0 -1.0 0.0 -1.0 -4.0 -2.0 -3.0 -1.0 -2.0 -1.0 -3.0 -4.0 -4.0 -3.0 0.0 -1.0 -3.0 -3.0 -4.0 -4.0 0.0 -1.0 -1.0 -4.0 -4.0 -2.0 0.0 -3.0 0.0 0.0 -4.0 0.0 -4.0 -1.0 -1.0 -1.0 -1.0 0.0 -3.0 -4.0 -1.0 -2.0 -3.0 -3.0 0.0 -4.0 0.0 -1.0 -3.0 -3.0 -4.0 -3.0 -4.0 -2.0 -3.0 -4.0 -1.0 -2.0 -1.0 -1.0 0.0 -3.0 -4.0 -3.0 -4.0 
-2.0 -2.0 -3.0 0.0 -3.0 -2.0 -2.0 0.0 -2.0 -2.0 -2.0 -4.0 -4.0 -2.0 0.0 -2.0 -2.0 -3.0 0.0 -3.0 -2.0 -1.0 -3.0 -2.0 207.0 -2.0 -3.0 0.0 -1.0 -1.0 -3.0 0.0 0.0 0.0 0.0 -4.0 -1.0 -3.0 0.0 -3.0 -2.0 -2.0 -4.0 -2.0 -1.0 -3.0 -1.0 -1.0 0.0 0.0 0.0 -4.0 0.0 -4.0 -2.0 -3.0 -2.0 -4.0 -2.0 -2.0 0.0 -2.0 -1.0 -1.0 -1.0 -1.0 -3.0 -2.0 -4.0 -3.0 -4.0 0.0 -2.0 0.0 -1.0 -2.0 -1.0 -1.0 -4.0 -4.0 -4.0 -1.0 -1.0 -3.0 0.0 -4.0 -1.0 -2.0 -4.0 -2.0 -1.0 0.0 -1.0 0.0 -3.0 -4.0 -2.0 0.0 0.0 -1.0 0.0 -2.0 0.0 -4.0 -1.0 -3.0 -2.0 -1.0 -4.0 0.0 0.0 -4.0 -2.0 -3.0 -2.0 
-4.0 -2.0 0.0 -2.0 -1.0 -1.0 -3.0 -3.0 -3.0 0.0 -3.0 -2.0 -3.0 -4.0 -2.0 0.0 -3.0 0.0 0.0 -1.0 -2.0 -1.0 -1.0 -2.0 -2.0 235.0 -4.0 -2.0 -3.0 0.0 0.0 0.0 -4.0 -4.0 -1.0 -1.0 -3.0 0.0 -4.0 -1.0 0.0 -3.0 -1.0 -1.0 -3.0 0.0 -4.0 -2.0 -3.0 0.0 -4.0 -2.0 -4.0 -4.0 -2.0 -2.0 0.0 -1.0 -2.0 0.0 0.0 -3.0 -3.0 0.0 -1.0 -2.0 -2.0 -1.0 0.0 0.0 -4.0 -4.0 -4.0 -4.0 -1.0 -3.0 -1.0 -3.0 -4.0 0.0 -2.0 -3.0 -2.0 -4.0 -4.0 -2.0 -2.0 -4.0 -4.0 -2.0 0.0 -4.0 -2.0 -4.0 -1.0 -2.0 -3.0 0.0 -3.0 -3.0 -3.0 -4.0 -1.0 -3.0 -2.0 -4.0 -3.0 -3.0 -4.0 -3.0 -1.0 0.0 0.0 0.0 -3.0 
-4.0 -3.0 -4.0 0.0 -3.0 -4.0 -3.0 -4.0 0.0 -2.0 -3.0 -3.0 0.0 0.0 -3.0 -2.0 -2.0 -3.0 -4.0 -3.0 -3.0 -3.0 -2.0 -4.0 0.0 -2.0 241.0 0.0 0.0 -1.0 0.0 0.0 -3.0 -1.0 -2.0 -4.0 -4.0 -3.0 0.0 -4.0 -1.0 0.0 -3.0 -2.0 0.0 -4.0 -4.0 -3.0 -4.0 -3.0 -2.0 0.0 -3.0 -1.0 -4.0 -2.0 -4.0 -4.0 0.0 -2.0 0.0 -4.0 -4.0 0.0 -2.0 0.0 -1.0 0.0 -1.0 -3.0 -3.0 -4.0 0.0 -3.0 -4.0 -4.0 0.0 -1.0 -1.0 -3.0 -1.0 -3.0 -4.0 0.0 -3.0 -1.0 -1.0 -2.0 -4.0 -2.0 -4.0 0.0 -2.0 -3.0 0.0 -1.0 -2.0 -3.0 -4.0 -3.0 -2.0 -3.0 -1.0 -3.0 -1.0 -4.0 -1.0 -3.0 -2.0 -3.0 -1.0 -1.0 -1.0 -2.0 0.0 
-4.0 -3.0 -1.0 -4.0 0.0 -2.0 -4.0 -2.0 -4.0 -3.0 0.0 -2.0 0.0 -3.0 0.0 -1.0 -2.0 -3.0 0.0 0.0 -1.0 -4.0 0.0 0.0 -2.0 0.0 -4.0 242.0 -3.0 -2.0 -1.0 -4.0 -3.0 -4.0 -3.0 -4.0 0.0 -3.0 -3.0 -3.0 -1.0 -1.0 0.0 -3.0 -3.0 -3.0 0.0 -1.0 -2.0 -3.0 0.0 -2.0 -2.0 -1.0 -4.0 0.0 0.0 -1.0 0.0 -4.0 -2.0 -3.0 -3.0 0.0 -2.0 -4.0 -2.0 -1.0 -3.0 0.0 -3.0 -4.0 0.0 -3.0 -3.0 -4.0 -2.0 -2.0 -3.0 -4.0 -4.0 -1.0 -4.0 -4.0 0.0 -4.0 -1.0 -1.0 -2.0 -4.0 0.0 -4.0 0.0 0.0 0.0 -1.0 -1.0 -2.0 -4.0 -3.0 -1.0 -2.0 -4.0 -1.0 -4.0 -4.0 -3.0 -2.0 -4.0 -1.0 -3.0 -4.0 -1.0 -3.0 -4.0 
-1.0 -3.0 -3.0 0.0 -2.0 -3.0 -3.0 0.0 -2.0 -4.0 -3.0 -3.0 -1.0 -1.0 -4.0 -3.0 -1.0 -3.0 0.0 -4.0 -3.0 -2.0 0.0 0.0 -3.0 0.0 -2.0 -2.0 212.0 0.0 -3.0 -1.0 -3.0 -4.0 0.0 -4.0 -2.0 -3.0 -2.0 0.0 -4.0 0.0 -2.0 0.0 -3.0 -4.0 -1.0 -1.0 -2.0 0.0 0.0 -4.0 -2.0 -2.0 0.0 0.0 -3.0 -1.0 0.0 -2.0 -2.0 -4.0 -4.0 -4.0 -1.0 -2.0 -3.0 -1.0 -3.0 -2.0 -4.0 0.0 0.0 -3.0 -2.0 -1.0 -2.0 -4.0 -4.0 0.0 0.0 -4.0 -1.0 0.0 -3.0 0.0 0.0 -1.0 -2.0 0.0 0.0 0.0 -4.0 -3.0 0.0 -4.0 -4.0 -1.0 0.0 -4.0 -4.0 -2.0 0.0 -1.0 -1.0 -2.0 -4.0 -2.0 -2.0 -3.0 -1.0 0.0 -2.0 -1.0 -1.0 
-3.0 -4.0 -3.0 -4.0 -1.0 -3.0 -1.0 0.0 -4.0 -4.0 -3.0 -1.0 -2.0 -2.0 -1.0 0.0 -1.0 -3.0 -2.0 -1.0 -2.0 0.0 -1.0 -1.0 0.0 -2.0 -4.0 0.0 -2.0 231.0 -2.0 -4.0 -1.0 -3.0 0.0 -3.0 -2.0 -3.0 -3.0 0.0 -4.0 -1.0 -4.0 -4.0 -4.0 -4.0 -2.0 -2.0 -2.0 -2.0 -3.0 0.0 -1.0 -4.0 -1.0 -4.0 -2.0 -1.0 -4.0 -1.0 -1.0 -2.0 -4.0 -1.0 0.0 -2.0 -4.0 0.0 0.0 -4.0 -3.0 -4.0 -1.0 -2.0 0.0 -2.0 -3.0 -2.0 0.0 -3.0 0.0 -1.0 -4.0 -3.0 -1.0 -3.0 -1.0 -3.0 -4.0 -4.0 0.0 -1.0 -4.0 0.0 -2.0 0.0 -3.0 -4.0 -4.0 0.0 -4.0 -2.0 -4.0 0.0 -3.0 -1.0 0.0 -2.0 -2.0 -2.0 0.0 0.0 -4.0 0.0 -1.0 
-3.0 0.0 -2.0 -3.0 0.0 -1.0 -4.0 -4.0 -3.0 0.0 -1.0 -1.0 -1.0 -4.0 -2.0 -3.0 -3.0 -4.0 0.0 -3.0 -1.0 -2.0 0.0 -4.0 0.0 -3.0 -1.0 -3.0 -1.0 -1.0 231.0 0.0 -4.0 -2.0 0.0 -1.0 -1.0 -3.0 -2.0 -4.0 -3.0 -2.0 -1.0 -2.0 0.0 0.0 0.0 -2.0 -4.0 -2.0 -1.0 -2.0 0.0 -4.0 0.0 -4.0 -3.0 -4.0 0.0 0.0 -4.0 -2.0 -1.0 -1.0 -3.0 0.0 -4.0 -1.0 -4.0 0.0 -2.0 -3.0 -2.0 -4.0 -4.0 -4.0 -4.0 -2.0 -4.0 -3.0 -2.0 -1.0 0.0 -2.0 -3.0 -4.0 -2.0 -4.0 -2.0 0.0 -4.0 0.0 -3.0 -2.0 -3.0 -1.0 -2.0 -3.0 -3.0 0.0 -4.0 -2.0 -4.0 0.0 -1.0 -4.0 0.0 0.0 -3.0 -1.0 -3.0 -2.0 -1.0 -2.0 -2.0 
-1.0 -1.0 0.0 -4.0 -1.0 -2.0 0.0 0.0 -4.0 -4.0 -2.0 -4.0 -2.0 -1.0 -3.0 0.0 0.0 -3.0 -4.0 -1.0 -4.0 -3.0 0.0 0.0 -3.0 -2.0 -1.0 -4.0 -4.0 0.0 -1.0 238.0 -4.0 -4.0 0.0 -2.0 -4.0 0.0 -2.0 -2.0 -1.0 0.0 -2.0 -4.0 -3.0 0.0 -3.0 -4.0 -2.0 -3.0 -2.0 -2.0 -3.0 -4.0 -2.0 -3.0 -2.0 0.0 0.0 0.0 0.0 -4.0 -4.0 -3.0 -2.0 -4.0 -3.0 -2.0 -1.0 -3.0 -4.0 -1.0 -2.0 -3.0 -4.0 -2.0 0.0 -4.0 -3.0 -3.0 -1.0 0.0 -3.0 -1.0 -4.0 -4.0 -2.0 -4.0 -1.0 -2.0 -4.0 -3.0 -3.0 -1.0 -2.0 -3.0 -3.0 -3.0 0.0 0.0 -1.0 0.0 -2.0 -1.0 -2.0 -3.0 -1.0 -1.0 -2.0 -3.0 -3.0 0.0 -3.0 -1.0 -2.0 
-2.0 -1.0 0.0 -1.0 -2.0 -4.0 0.0 -2.0 -1.0 -3.0 -4.0 -3.0 -1.0 -3.0 -4.0 -1.0 -1.0 -3.0 -2.0 -2.0 -1.0 -3.0 0.0 0.0 0.0 -2.0 0.0 0.0 -4.0 -2.0 -4.0 0.0 217.0 -3.0 -2.0 -4.0 0.0 0.0 -3.0 -1.0 -4.0 -3.0 -4.0 0.0 -3.0 -1.0 -2.0 0.0 0.0 0.0 -2.0 -2.0 -3.0 -1.0 -4.0 -3.0 -2.0 -4.0 -1.0 -3.0 0.0 -2.0 -2.0 -3.0 -3.0 -2.0 -2.0 -2.0 -3.0 -3.0 -1.0 -4.0 -1.0 -3.0 -3.0 -3.0 -2.0 0.0 -2.0 -1.0 -3.0 -2.0 -3.0 -4.0 -2.0 -1.0 -2.0 -1.0 0.0 -4.0 -2.0 -1.0 -1.0 -3.0 -1.0 -2.0 -1.0 -1.0 0.0 0.0 -2.0 -3.0 -1.0 -2.0 0.0 -1.0 -2.0 -2.0 -1.0 -4.0 -3.0 -1.0 -3.0 -3.0 -2.0 
-2.0 -4.0 0.0 -1.0 -1.0 -2.0 -3.0 -4.0 0.0 0.0 -4.0 -3.0 0.0 -4.0 -4.0 -2.0 -4.0 -3.0 -2.0 -1.0 -4.0 -3.0 -4.0 -4.0 0.0 -3.0 0.0 -4.0 -3.0 -2.0 -3.0 -2.0 -4.0 235.0 -3.0 -4.0 -3.0 -1.0 -2.0 -3.0 -3.0 0.0 -4.0 -3.0 -1.0 0.0 -1.0 -2.0 -4.0 -1.0 -2.0 0.0 -1.0 -1.0 -2.0 -3.0 -3.0 -2.0 0.0 -2.0 -3.0 -3.0 -1.0 -3.0 -1.0 -3.0 -1.0 -3.0 -1.0 0.0 0.0 -4.0 -3.0 0.0 -2.0 -2.0 -1.0 -1.0 -3.0 -1.0 -1.0 -3.0 -1.0 -4.0 -3.0 0.0 -3.0 -2.0 -2.0 -2.0 -2.0 -2.0 -2.0 -3.0 -2.0 -1.0 -1.0 -4.0 -3.0 -1.0 -2.0 -4.0 -2.0 0.0 -4.0 0.0 0.0 0.0 -4.0 -4.0 -1.0 -1.0 -2.0 -2.0 0.0 
-4.0 -3.0 -3.0 -2.0 0.0 -2.0 -4.0 -2.0 -1.0 -1.0 0.0 -2.0 -2.0 0.0 0.0 0.0 -2.0 0.0 -2.0 -2.0 -3.0 -4.0 -1.0 -4.0 -3.0 -2.0 -3.0 -3.0 0.0 -2.0 0.0 -1.0 -4.0 -4.0 231.0 -3.0 0.0 -3.0 -1.0 0.0 0.0 -3.0 -1.0 -1.0 -1.0 -4.0 -4.0 0.0 -2.0 -2.0 -3.0 0.0 -3.0 -2.0 -1.0 0.0 -3.0 -3.0 -4.0 -1.0 -4.0 -3.0 0.0 0.0 -3.0 -2.0 -1.0 -3.0 -2.0 -2.0 0.0 -1.0 -4.0 -3.0 0.0 -3.0 -4.0 -4.0 -4.0 -1.0 -2.0 -3.0 -4.0 -1.0 -1.0 -3.0 -1.0 -3.0 -4.0 0.0 -3.0 -2.0 -3.0 -3.0 -2.0 -1.0 -1.0 -2.0 -1.0 -4.0 -3.0 -4.0 -3.0 -1.0 -4.0 -3.0 0.0 -1.0 -3.0 -4.0 -1.0 0.0 -3.0 -1.0 -1.0 
-4.0 0.0 -4.0 -3.0 -4.0 -4.0 -2.0 -1.0 -4.0 -1.0 -2.0 -2.0 -3.0 -2.0 0.0 -3.0 0.0 -3.0 -3.0 -2.0 -2.0 0.0 -4.0 -2.0 -3.0 -3.0 -4.0 -4.0 -2.0 0.0 -1.0 0.0 -1.0 -1.0 -2.0 236.0 -2.0 -3.0 -3.0 -1.0 -4.0 0.0 -2.0 -1.0 -2.0 -2.0 -4.0 0.0 -4.0 -1.0 -1.0 -2.0 -3.0 -3.0 0.0 0.0 0.0 -2.0 0.0 -4.0 -3.0 -2.0 -3.0 0.0 -1.0 0.0 -2.0 -3.0 -4.0 -4.0 -2.0 -2.0 0.0 -3.0 -1.0 -3.0 0.0 -2.0 -2.0 0.0 -3.0 0.0 -4.0 -4.0 -3.0 -4.0 0.0 -1.0 -2.0 -3.0 0.0 0.0 -2.0 0.0 -4.0 0.0 0.0 0.0 -4.0 0.0 -4.0 -2.0 -4.0 -3.0 0.0 -4.0 -2.0 -4.0 -3.0 -2.0 -2.0 -4.0 -4.0 -3.0 -4.0 
-3.0 -3.0 -4.0 -4.0 -2.0 -2.0 -2.0 -1.0 -3.0 -1.0 -3.0 -3.0 -1.0 -1.0 -2.0 -4.0 -3.0 0.0 -1.0 -3.0 0.0 -1.0 -3.0 0.0 0.0 -2.0 -3.0 -2.0 -3.0 -4.0 -3.0 -4.0 -2.0 0.0 -3.0 -2.0 235.0 -1.0 -2.0 -2.0 -4.0 -2.0 -4.0 -2.0 -3.0 -2.0 -1.0 0.0 -2.0 -4.0 0.0 0.0 0.0 0.0 -3.0 0.0 -2.0 -2.0 -4.0 -3.0 -2.0 0.0 0.0 -1.0 -4.0 -3.0 -4.0 -4.0 0.0 -4.0 -2.0 0.0 -1.0 0.0 -2.0 0.0 -4.0 -4.0 -4.0 0.0 -2.0 0.0 -4.0 -2.0 -3.0 0.0 -2.0 -3.0 -1.0 -4.0 -2.0 0.0 -1.0 0.0 -4.0 -1.0 -3.0 -4.0 0.0 -3.0 -2.0 -3.0 -2.0 0.0 -4.0 -2.0 -2.0 -4.0 -2.0 -4.0 -4.0 -2.0 -4.0 0.0 -1.0 
-4.0 -3.0 0.0 0.0 -1.0 -2.0 -3.0 -3.0 -4.0 -4.0 0.0 -1.0 -3.0 -4.0 0.0 0.0 -4.0 -2.0 -2.0 -1.0 0.0 -3.0 -4.0 -4.0 -2.0 -3.0 -1.0 -4.0 -2.0 -4.0 -4.0 -3.0 -4.0 -3.0 -3.0 -1.0 -1.0 237.0 -4.0 0.0 -3.0 0.0 0.0 -2.0 -2.0 -3.0 -4.0 -4.0 -1.0 0.0 0.0 -2.0 -4.0 -4.0 0.0 -2.0 -1.0 -2.0 -1.0 -4.0 -1.0 0.0 0.0 -3.0 -2.0 -1.0 -4.0 -1.0 -4.0 -1.0 0.0 -3.0 -4.0 -1.0 -3.0 -4.0 -1.0 -2.0 -2.0 -2.0 -3.0 -3.0 -2.0 0.0 0.0 -1.0 -4.0 0.0 -4.0 -2.0 -1.0 -4.0 -1.0 -1.0 -4.0 -4.0 -1.0 -2.0 -1.0 -3.0 0.0 -3.0 -2.0 -3.0 -3.0 -1.0 -2.0 -1.0 -4.0 -3.0 0.0 0.0 -3.0 -1.0 -1.0 
-1.0 -2.0 -4.0 -2.0 -4.0 -2.0 -2.0 -2.0 -1.0 -3.0 -2.0 -1.0 0.0 -3.0 -1.0 0.0 -2.0 -3.0 -1.0 -2.0 -1.0 -3.0 -4.0 -2.0 -1.0 -4.0 -2.0 -1.0 0.0 -3.0 -1.0 -1.0 -3.0 -4.0 -3.0 -2.0 -3.0 -4.0 244.0 -4.0 -3.0 -4.0 -2.0 -3.0 -2.0 0.0 -1.0 -4.0 0.0 -3.0 -2.0 -2.0 -2.0 -4.0 -1.0 -4.0 -2.0 -1.0 -3.0 -4.0 -3.0 -1.0 -2.0 0.0 -4.0 -2.0 -2.0 -2.0 -3.0 -3.0 -2.0 -1.0 -1.0 -3.0 -4.0 -3.0 -1.0 -3.0 -3.0 -3.0 -2.0 -2.0 0.0 -2.0 -4.0 -4.0 -4.0 -1.0 -2.0 -2.0 -1.0 0.0 -1.0 -4.0 0.0 -2.0 -1.0 -3.0 0.0 -1.0 -2.0 -1.0 -3.0 -2.0 -4.0 -1.0 -3.0 -1.0 -4.0 -4.0 -3.0 0.0 -1.0 -1.0 -1.0 
-4.0 0.0 -1.0 -3.0 0.0 -4.0 -2.0 -3.0 -4.0 -4.0 -1.0 0.0 0.0 -2.0 -3.0 0.0 -4.0 -2.0 0.0 -1.0 -1.0 0.0 -4.0 -2.0 -3.0 -3.0 -3.0 -1.0 -4.0 -1.0 -3.0 -2.0 -4.0 -4.0 0.0 -3.0 -2.0 0.0 -2.0 238.0 -4.0 -3.0 -4.0 -4.0 -3.0 -3.0 0.0 0.0 -4.0 -2.0 -4.0 -2.0 -1.0 -4.0 -4.0 -1.0 -3.0 -1.0 -2.0 -2.0 -4.0 -3.0 -2.0 0.0 -2.0 -4.0 0.0 -3.0 -4.0 -4.0 -4.0 -1.0 -2.0 -3.0 -1.0 -2.0 -2.0 -3.0 -4.0 -3.0 -1.0 -2.0 -1.0 0.0 -2.0 0.0 0.0 0.0 -4.0 -4.0 0.0 -2.0 -1.0 0.0 -2.0 -3.0 -3.0 0.0 -1.0 -1.0 -3.0 -3.0 -1.0 -4.0 -1.0 -4.0 -4.0 0.0 0.0 -2.0 -1.0 -1.0 -1.0 -2.0 -2.0 
-1.0 -3.0 -4.0 -3.0 -1.0 -2.0 -2.0 0.0 -4.0 -3.0 -1.0 0.0 0.0 0.0 -1.0 -3.0 -3.0 -4.0 0.0 0.0 0.0 -3.0 -4.0 -2.0 0.0 -1.0 -2.0 -4.0 -2.0 -4.0 -4.0 0.0 -3.0 -1.0 0.0 -4.0 -3.0 -4.0 -3.0 0.0 212.0 0.0 -1.0 0.0 -3.0 -1.0 -2.0 -4.0 -3.0 -1.0 -3.0 -4.0 -1.0 -4.0 -3.0 0.0 -4.0 0.0 -1.0 -2.0 -1.0 0.0 -4.0 -1.0 0.0 -4.0 -1.0 -3.0 -3.0 0.0 -1.0 -3.0 -1.0 -1.0 -2.0 -3.0 -3.0 0.0 0.0 -4.0 -1.0 -2.0 -1.0 -2.0 -1.0 -3.0 -1.0 -3.0 -3.0 0.0 0.0 -1.0 -3.0 -4.0 -4.0 -4.0 -3.0 0.0 -4.0 -3.0 -2.0 0.0 -1.0 0.0 -1.0 0.0 -3.0 -1.0 -1.0 -4.0 -2.0 0.0 0.0 -2.0 -1.0 
-3.0 -4.0 -4.0 -2.0 -4.0 -3.0 -1.0 -1.0 -2.0 -3.0 0.0 -4.0 -2.0 -3.0 -2.0 0.0 -4.0 -4.0 -2.0 -4.0 -4.0 0.0 -4.0 -3.0 -1.0 -3.0 -3.0 0.0 0.0 -4.0 -2.0 -4.0 -3.0 -1.0 0.0 -3.0 -3.0 0.0 0.0 -4.0 -2.0 221.0 -3.0 -2.0 0.0 0.0 -4.0 -1.0 -2.0 -1.0 -1.0 0.0 -4.0 0.0 -2.0 -3.0 -1.0 0.0 -1.0 -1.0 0.0 -1.0 -4.0 0.0 -4.0 -2.0 -2.0 -3.0 0.0 0.0 -3.0 0.0 -3.0 -3.0 -2.0 -1.0 0.0 -3.0 -3.0 -1.0 -4.0 -3.0 -1.0 -3.0 0.0 0.0 -2.0 -4.0 0.0 0.0 -2.0 -4.0 0.0 -4.0 0.0 -2.0 -4.0 0.0 0.0 -1.0 0.0 -2.0 -4.0 -4.0 -2.0 -4.0 -4.0 -4.0 0.0 0.0 0.0 -2.0 0.0 -4.0 0.0 
-3.0 -3.0 0.0 0.0 -1.0 -2.0 -4.0 -4.0 -1.0 -4.0 0.0 0.0 0.0 -2.0 -2.0 -1.0 -3.0 -2.0 -3.0 -3.0 -3.0 -2.0 -4.0 -4.0 -1.0 -4.0 0.0 -3.0 -3.0 -3.0 -2.0 -4.0 0.0 -3.0 -1.0 0.0 -3.0 -2.0 -2.0 0.0 -3.0 -2.0 246.0 -4.0 -3.0 -4.0 -2.0 -3.0 0.0 -1.0 -3.0 -1.0 -2.0 -2.0 -1.0 -2.0 -1.0 -3.0 -3.0 -3.0 -1.0 -3.0 -4.0 -3.0 -2.0 -3.0 0.0 -3.0 -2.0 -2.0 -4.0 -1.0 -2.0 -4.0 -1.0 -3.0 -1.0 -3.0 -3.0 -3.0 0.0 -3.0 0.0 -1.0 -4.0 -3.0 -2.0 -3.0 -3.0 0.0 -3.0 -3.0 -4.0 -1.0 -1.0 0.0 -2.0 -4.0 -2.0 -4.0 0.0 -3.0 0.0 -2.0 -3.0 -2.0 -3.0 -2.0 0.0 -3.0 -4.0 -4.0 0.0 -3.0 -1.0 
0.0 -4.0 -2.0 0.0 0.0 -4.0 0.0 -4.0 -4.0 -3.0 -4.0 -4.0 -4.0 -4.0 -1.0 0.0 -3.0 0.0 -4.0 -1.0 -2.0 -3.0 -4.0 -2.0 -1.0 -1.0 0.0 -3.0 -2.0 0.0 -4.0 -3.0 -1.0 -1.0 -2.0 -2.0 -3.0 -3.0 -1.0 -3.0 0.0 -1.0 -2.0 235.0 0.0 -2.0 -1.0 -4.0 -3.0 -1.0 0.0 -3.0 -4.0 -1.0 -3.0 0.0 -3.0 -1.0 -3.0 -4.0 -3.0 -4.0 -4.0 0.0 -1.0 -2.0 -1.0 0.0 0.0 0.0 -4.0 0.0 -2.0 -3.0 0.0 -1.0 -2.0 -1.0 -1.0 -1.0 -4.0 0.0 -4.0 -2.0 0.0 -1.0 -1.0 -4.0 -4.0 -2.0 -4.0 -4.0 -4.0 -2.0 -1.0 -3.0 0.0 -4.0 -3.0 -1.0 -1.0 -3.0 -3.0 -4.0 -3.0 -2.0 0.0 -2.0 -3.0 -4.0 -4.0 0.0 0.0 -3.0 -2.0 
-1.0 -2.0 -3.0 -4.0 -2.0 -1.0 -2.0 -2.0 -1.0 -2.0 -3.0 -4.0 0.0 -1.0 -2.0 -3.0 -1.0 -4.0 0.0 -3.0 -4.0 -3.0 0.0 -4.0 -4.0 -2.0 0.0 -2.0 -4.0 -3.0 0.0 -1.0 -1.0 -2.0 0.0 -4.0 -1.0 -2.0 0.0 -3.0 0.0 0.0 -4.0 -4.0 224.0 -2.0 0.0 0.0 -3.0 -2.0 -4.0 -1.0 -2.0 -1.0 -1.0 -2.0 -3.0 -4.0 -2.0 -2.0 -3.0 -1.0 -1.0 -1.0 -2.0 -4.0 -3.0 -2.0 -3.0 -1.0 -4.0 -1.0 -1.0 -1.0 -2.0 -2.0 -3.0 0.0 -2.0 -4.0 -1.0 -2.0 -4.0 -2.0 -1.0 -1.0 -1.0 0.0 0.0 -3.0 -1.0 -4.0 -2.0 -1.0 -3.0 -1.0 -2.0 -2.0 -3.0 -4.0 -3.0 -2.0 -1.0 -1.0 -4.0 -4.0 0.0 0.0 -2.0 0.0 0.0 -3.0 -4.0 -1.0 -2.0 
-4.0 -3.0 0.0 -1.0 -2.0 -2.0 -2.0 0.0 -3.0 0.0 -2.0 -1.0 -4.0 -2.0 -2.0 -2.0 0.0 0.0 -3.0 0.0 -4.0 -2.0 -1.0 -2.0 -2.0 -3.0 -1.0 -2.0 -3.0 -3.0 -3.0 -4.0 -2.0 0.0 0.0 -1.0 -4.0 -4.0 0.0 -2.0 -2.0 -3.0 0.0 -1.0 -1.0 239.0 -3.0 -4.0 -3.0 0.0 -3.0 0.0 -2.0 -3.0 -2.0 -2.0 -3.0 -1.0 -1.0 0.0 -2.0 -4.0 -3.0 0.0 -3.0 -2.0 0.0 -4.0 -1.0 -3.0 -4.0 -2.0 -4.0 -1.0 -2.0 -1.0 -3.0 -4.0 0.0 -4.0 -1.0 -3.0 -4.0 -4.0 -2.0 -2.0 -1.0 -1.0 -1.0 -1.0 -2.0 -3.0 -3.0 -4.0 -3.0 -1.0 0.0 -1.0 0.0 0.0 -4.0 -4.0 -4.0 -2.0 -3.0 -2.0 -3.0 -2.0 -4.0 -3.0 -4.0 0.0 -4.0 -4.0 -2.0 
0.0 0.0 -2.0 0.0 -2.0 -4.0 -2.0 -4.0 -1.0 -2.0 -2.0 -2.0 -1.0 0.0 -2.0 -1.0 -1.0 -1.0 -3.0 -2.0 -4.0 -3.0 -4.0 0.0 -2.0 -2.0 -4.0 -2.0 -4.0 -4.0 -4.0 0.0 -4.0 -1.0 -2.0 0.0 -3.0 -1.0 -4.0 -4.0 -1.0 -1.0 -2.0 -2.0 -1.0 -1.0 251.0 -2.0 0.0 -3.0 -3.0 -4.0 -2.0 0.0 0.0 -2.0 -2.0 -4.0 0.0 -3.0 -1.0 -3.0 -2.0 -2.0 -4.0 -4.0 -1.0 -4.0 -3.0 -4.0 -3.0 -3.0 -1.0 -2.0 0.0 -1.0 -1.0 -1.0 -3.0 -3.0 -4.0 -1.0 -4.0 -4.0 -1.0 0.0 -4.0 -4.0 -3.0 -1.0 -4.0 0.0 -3.0 0.0 -2.0 -3.0 -4.0 -4.0 -1.0 0.0 -4.0 -3.0 -1.0 -4.0 -3.0 -4.0 -4.0 -4.0 0.0 -1.0 -2.0 0.0 -4.0 -3.0 -4.0 
0.0 -3.0 0.0 -4.0 -2.0 -1.0 -4.0 -2.0 -2.0 -4.0 -4.0 0.0 -1.0 -3.0 -2.0 -1.0 -4.0 -2.0 -2.0 0.0 -3.0 -4.0 -2.0 -2.0 -4.0 -4.0 -4.0 -4.0 -3.0 -1.0 0.0 -2.0 0.0 -1.0 -3.0 -2.0 -2.0 -4.0 -3.0 -2.0 -2.0 -4.0 -3.0 -4.0 -4.0 -1.0 -2.0 247.0 0.0 -3.0 -2.0 -4.0 -2.0 -1.0 0.0 0.0 0.0 -3.0 -2.0 -4.0 -3.0 -4.0 -3.0 -4.0 0.0 -4.0 -4.0 -1.0 -2.0 0.0 -3.0 -3.0 -1.0 -3.0 0.0 -1.0 -1.0 0.0 -2.0 -2.0 -2.0 -4.0 -2.0 -4.0 -3.0 -1.0 -1.0 -2.0 0.0 -4.0 -3.0 -2.0 -1.0 0.0 -4.0 0.0 -3.0 -4.0 -2.0 -3.0 0.0 -3.0 -1.0 -3.0 -1.0 -1.0 -1.0 -1.0 -4.0 -3.0 -3.0 -4.0 0.0 0.0 -4.0 
-3.0 -4.0 -4.0 -3.0 -4.0 -4.0 0.0 -2.0 -4.0 -2.0 -1.0 -3.0 -1.0 0.0 0.0 0.0 -3.0 -1.0 0.0 -3.0 -2.0 -2.0 -2.0 -2.0 -2.0 -3.0 -4.0 -3.0 -1.0 -3.0 0.0 -2.0 -4.0 -3.0 -1.0 -2.0 -2.0 -3.0 -4.0 0.0 -1.0 -3.0 0.0 0.0 0.0 -2.0 -1.0 -2.0 235.0 -3.0 -4.0 -1.0 -2.0 -3.0 -2.0 -2.0 -4.0 -3.0 -4.0 -3.0 0.0 -1.0 -1.0 -2.0 -4.0 -1.0 -3.0 -4.0 -4.0 0.0 -3.0 -1.0 -3.0 -4.0 0.0 -4.0 -4.0 -3.0 -2.0 -1.0 0.0 0.0 -3.0 -2.0 0.0 -4.0 -4.0 0.0 -4.0 0.0 -2.0 -1.0 -1.0 0.0 0.0 -2.0 -3.0 -2.0 -3.0 0.0 -4.0 -2.0 -1.0 -3.0 -2.0 -1.0 -1.0 0.0 -4.0 -3.0 -4.0 -1.0 -1.0 -2.0 -3.0 
0.0 0.0 0.0 -4.0 -4.0 -2.0 -4.0 -1.0 -1.0 -2.0 -4.0 -3.0 -4.0 -3.0 0.0 -3.0 -3.0 -1.0 -4.0 -3.0 -2.0 0.0 -1.0 -4.0 -3.0 0.0 -2.0 -4.0 -4.0 -2.0 -2.0 -1.0 -3.0 -4.0 0.0 -3.0 -1.0 -3.0 0.0 -1.0 -3.0 -3.0 -4.0 -4.0 -2.0 -3.0 0.0 0.0 0.0 234.0 -2.0 -3.0 -2.0 -2.0 -3.0 0.0 0.0 -2.0 -2.0 -3.0 0.0 -1.0 0.0 -3.0 -4.0 -3.0 -1.0 -3.0 -2.0 -2.0 -3.0 -1.0 -4.0 -4.0 0.0 -4.0 -2.0 -2.0 -1.0 0.0 -2.0 0.0 -1.0 -3.0 -2.0 0.0 -1.0 -2.0 -4.0 -3.0 0.0 -2.0 -2.0 -2.0 -1.0 -2.0 -1.0 -2.0 -4.0 -3.0 -4.0 -1.0 -4.0 -2.0 -4.0 0.0 0.0 -4.0 -1.0 -4.0 0.0 -1.0 -2.0 -2.0 -4.0 
-2.0 -3.0 -2.0 -2.0 0.0 -1.0 -1.0 -2.0 -2.0 -2.0 -4.0 0.0 -1.0 -4.0 -4.0 -1.0 -3.0 -2.0 -1.0 0.0 -4.0 -2.0 -3.0 -2.0 0.0 -3.0 -4.0 -1.0 -2.0 -3.0 0.0 -3.0 -2.0 -2.0 -4.0 0.0 0.0 -2.0 0.0 -2.0 0.0 -2.0 -3.0 -3.0 0.0 -4.0 -4.0 -2.0 -4.0 -4.0 240.0 -3.0 -2.0 -3.0 -3.0 -2.0 -4.0 -3.0 -3.0 0.0 0.0 -4.0 -2.0 -3.0 -2.0 -1.0 0.0 -4.0 -4.0 -4.0 -4.0 -2.0 0.0 -2.0 -4.0 0.0 -1.0 -3.0 -4.0 -4.0 -1.0 0.0 0.0 -1.0 0.0 -3.0 0.0 -2.0 -4.0 0.0 -2.0 0.0 -2.0 -2.0 -4.0 -1.0 -4.0 -4.0 -1.0 -4.0 -2.0 -1.0 0.0 -2.0 -3.0 -3.0 -2.0 -1.0 -4.0 -2.0 -4.0 -1.0 -3.0 0.0 -4.0 
-3.0 -4.0 0.0 -3.0 -1.0 -2.0 -1.0 -4.0 0.0 -3.0 -1.0 -2.0 -3.0 -3.0 -4.0 -3.0 -1.0 -4.0 0.0 -2.0 -3.0 -3.0 0.0 -3.0 -4.0 -1.0 0.0 0.0 -3.0 -1.0 -3.0 0.0 -3.0 -4.0 -1.0 -1.0 -2.0 -4.0 -4.0 0.0 -4.0 -1.0 -1.0 -2.0 -1.0 0.0 -1.0 -1.0 0.0 -4.0 -2.0 233.0 -3.0 -4.0 -3.0 -2.0 0.0 -3.0 0.0 -2.0 -1.0 0.0 -4.0 0.0 -4.0 0.0 -3.0 -3.0 -3.0 -1.0 0.0 0.0 -3.0 -3.0 -1.0 -4.0 0.0 -3.0 -1.0 -3.0 0.0 -1.0 -2.0 -4.0 -3.0 0.0 -4.0 -2.0 -2.0 -1.0 -4.0 -2.0 -4.0 -2.0 0.0 -1.0 -4.0 -4.0 -1.0 -1.0 -2.0 -2.0 -3.0 -1.0 -3.0 -4.0 -3.0 -1.0 -4.0 -3.0 -3.0 -2.0 -4.0 0.0 -1.0 
-1.0 -3.0 0.0 0.0 -4.0 0.0 -3.0 -1.0 -1.0 -2.0 -2.0 -2.0 -4.0 0.0 -4.0 -3.0 -1.0 -2.0 -2.0 -1.0 0.0 -4.0 -2.0 -2.0 -4.0 -4.0 -4.0 0.0 -1.0 -4.0 -2.0 -3.0 0.0 -3.0 -3.0 -2.0 -4.0 -4.0 -2.0 -1.0 -1.0 -4.0 -2.0 -1.0 -1.0 0.0 -4.0 -1.0 -1.0 0.0 0.0 -3.0 226.0 -3.0 0.0 -3.0 0.0 -4.0 -2.0 -4.0 0.0 -2.0 -1.0 -2.0 -3.0 0.0 -3.0 -4.0 -1.0 0.0 -1.0 -2.0 -4.0 -3.0 -2.0 -1.0 0.0 -1.0 0.0 -1.0 -2.0 -3.0 -2.0 -3.0 -2.0 -4.0 -2.0 -3.0 -3.0 -2.0 -1.0 -1.0 -2.0 -2.0 0.0 0.0 -4.0 -3.0 -4.0 -1.0 -2.0 -4.0 0.0 -3.0 -4.0 -2.0 0.0 -1.0 0.0 -1.0 -1.0 -4.0 -4.0 -2.0 -4.0 
-2.0 0.0 0.0 0.0 -2.0 -2.0 -3.0 -1.0 -2.0 0.0 -2.0 -2.0 -1.0 -4.0 -2.0 -3.0 -2.0 0.0 -2.0 -2.0 -1.0 -3.0 0.0 -4.0 -2.0 -3.0 0.0 -2.0 -1.0 -1.0 -2.0 -3.0 -3.0 -4.0 -2.0 -1.0 -3.0 -1.0 -3.0 -2.0 -2.0 -3.0 0.0 -1.0 -1.0 -2.0 -2.0 0.0 -3.0 -3.0 -3.0 0.0 -1.0 213.0 -3.0 0.0 0.0 -4.0 -3.0 -3.0 -3.0 -2.0 -1.0 -4.0 -2.0 -3.0 -2.0 -1.0 -3.0 0.0 -3.0 -2.0 -2.0 -4.0 0.0 0.0 -4.0 -4.0 0.0 -2.0 0.0 -2.0 -1.0 -1.0 0.0 0.0 -2.0 0.0 -1.0 -2.0 -3.0 -3.0 -4.0 -2.0 -3.0 -1.0 -2.0 -4.0 -3.0 -2.0 -1.0 -2.0 -3.0 0.0 -3.0 -1.0 -4.0 -3.0 0.0 -2.0 -1.0 -4.0 0.0 -1.0 -3.0 
-2.0 -2.0 -2.0 -2.0 -2.0 0.0 -1.0 0.0 0.0 0.0 -3.0 -4.0 0.0 -1.0 0.0 -4.0 -1.0 -3.0 -1.0 -4.0 -4.0 -4.0 -2.0 -2.0 -4.0 -2.0 -2.0 -2.0 0.0 -3.0 -1.0 -2.0 -2.0 -1.0 -4.0 0.0 -1.0 -1.0 -1.0 -4.0 -4.0 0.0 -1.0 -2.0 -2.0 -4.0 -2.0 -4.0 -1.0 -4.0 -3.0 -1.0 -1.0 -1.0 226.0 -1.0 -4.0 0.0 -4.0 -3.0 -2.0 0.0 -4.0 -1.0 -1.0 -3.0 -2.0 -1.0 -2.0 -2.0 -2.0 -1.0 0.0 -2.0 -2.0 -4.0 -4.0 -3.0 -4.0 -1.0 -1.0 0.0 -3.0 -1.0 -2.0 -4.0 0.0 0.0 -1.0 -1.0 -4.0 -1.0 0.0 -1.0 -2.0 -4.0 0.0 -2.0 -4.0 -1.0 -1.0 -4.0 -4.0 -1.0 -1.0 -2.0 -2.0 -2.0 -3.0 -3.0 -4.0 -4.0 -3.0 -3.0 0.0 
-1.0 -4.0 0.0 -1.0 0.0 -1.0 -2.0 -3.0 -1.0 -1.0 -3.0 -3.0 -1.0 -3.0 -1.0 -3.0 -1.0 0.0 -4.0 -3.0 -3.0 -4.0 -4.0 -1.0 -1.0 -2.0 -3.0 -1.0 -2.0 -4.0 -4.0 -3.0 -3.0 -2.0 -1.0 -4.0 -1.0 -1.0 -3.0 -2.0 0.0 -2.0 0.0 -3.0 0.0 -3.0 0.0 -3.0 -3.0 -2.0 -4.0 -4.0 -1.0 -1.0 -4.0 229.0 -3.0 -1.0 -3.0 -4.0 0.0 -4.0 -1.0 -1.0 -2.0 0.0 -2.0 -1.0 0.0 -3.0 0.0 -1.0 -1.0 -3.0 -3.0 -4.0 -4.0 -2.0 -3.0 -3.0 -4.0 -3.0 -2.0 -4.0 -1.0 -4.0 -1.0 -1.0 -4.0 0.0 -2.0 -4.0 -3.0 -3.0 -1.0 -1.0 -1.0 -3.0 -2.0 -1.0 -1.0 -1.0 -4.0 0.0 -4.0 0.0 0.0 -2.0 0.0 -2.0 -1.0 -2.0 0.0 -3.0 0.0 
-4.0 0.0 -4.0 0.0 -1.0 0.0 -3.0 -4.0 -4.0 -1.0 -2.0 0.0 -2.0 -2.0 -3.0 -4.0 -3.0 -4.0 -3.0 0.0 -4.0 -3.0 -4.0 -3.0 -3.0 0.0 -4.0 -1.0 -3.0 -3.0 -4.0 -4.0 -3.0 0.0 -3.0 0.0 -2.0 -4.0 -1.0 -2.0 -2.0 -3.0 -2.0 -2.0 0.0 -1.0 0.0 -1.0 -4.0 -2.0 -3.0 0.0 -4.0 -2.0 -2.0 -4.0 254.0 -4.0 -4.0 -3.0 -3.0 -1.0 0.0 -4.0 0.0 -4.0 -2.0 -4.0 -1.0 -1.0 -4.0 -2.0 -2.0 -1.0 0.0 -2.0 -4.0 -1.0 -4.0 -3.0 -4.0 -2.0 -2.0 0.0 -1.0 -1.0 -2.0 -2.0 -1.0 -1.0 -4.0 -4.0 -3.0 -1.0 -2.0 -1.0 -4.0 -4.0 0.0 -4.0 0.0 -1.0 -2.0 -4.0 -3.0 0.0 -3.0 0.0 -4.0 -4.0 -4.0 0.0 -3.0 -1.0 -1.0 
-4.0 0.0 -4.0 -1.0 0.0 -3.0 -4.0 -3.0 0.0 -3.0 -1.0 -3.0 -4.0 0.0 -3.0 0.0 -4.0 -2.0 -1.0 -3.0 -3.0 -4.0 -2.0 -1.0 -2.0 -3.0 -2.0 -2.0 0.0 -3.0 0.0 0.0 -4.0 -1.0 -3.0 -4.0 -1.0 -3.0 -1.0 -4.0 -3.0 -2.0 -2.0 -3.0 -1.0 -1.0 -1.0 -4.0 0.0 -4.0 -3.0 -4.0 -3.0 -4.0 0.0 -3.0 0.0 241.0 -3.0 0.0 -1.0 -4.0 -4.0 0.0 0.0 -3.0 -1.0 -3.0 -3.0 0.0 0.0 -4.0 -3.0 -1.0 -4.0 0.0 -4.0 -1.0 -1.0 -3.0 0.0 -4.0 -1.0 -1.0 -1.0 -2.0 -4.0 -1.0 -1.0 -2.0 -2.0 -4.0 -2.0 -2.0 -3.0 -4.0 -4.0 -2.0 -3.0 -2.0 -3.0 -4.0 0.0 0.0 0.0 -3.0 -2.0 0.0 -4.0 -4.0 -1.0 -3.0 -3.0 -2.0 0.0 
-2.0 -1.0 -3.0 -1.0 0.0 -3.0 0.0 0.0 -1.0 0.0 0.0 -1.0 -1.0 -1.0 -2.0 -4.0 -4.0 -2.0 0.0 0.0 0.0 0.0 -4.0 -2.0 -2.0 -3.0 0.0 0.0 -4.0 -1.0 0.0 -2.0 -3.0 0.0 -3.0 -2.0 -3.0 -4.0 0.0 -3.0 -3.0 0.0 -4.0 -3.0 -3.0 -1.0 -1.0 0.0 0.0 -4.0 0.0 -4.0 -3.0 0.0 0.0 -2.0 -3.0 -3.0 185.0 -4.0 -2.0 -4.0 0.0 -2.0 -1.0 -2.0 -3.0 -1.0 -2.0 -4.0 0.0 -2.0 0.0 -1.0 -1.0 0.0 0.0 -1.0 -4.0 -3.0 0.0 0.0 -2.0 -4.0 -1.0 -1.0 -1.0 0.0 -4.0 -1.0 -1.0 -2.0 0.0 -2.0 -3.0 -3.0 0.0 -2.0 -2.0 -2.0 0.0 -3.0 0.0 -1.0 -2.0 -1.0 -4.0 -1.0 -1.0 -1.0 -1.0 -3.0 -3.0 0.0 0.0 
-2.0 -4.0 -1.0 0.0 -4.0 -1.0 -3.0 -3.0 0.0 -3.0 -4.0 -1.0 -2.0 -3.0 -3.0 -1.0 -3.0 0.0 -2.0 -4.0 -1.0 -1.0 -1.0 -2.0 -3.0 -2.0 -4.0 -1.0 -1.0 -1.0 -2.0 0.0 -4.0 -2.0 -2.0 -1.0 -3.0 -1.0 0.0 -3.0 -1.0 -4.0 -2.0 -4.0 0.0 -4.0 -2.0 0.0 -2.0 -1.0 -3.0 0.0 -4.0 -1.0 0.0 -1.0 -4.0 -1.0 0.0 216.0 0.0 -4.0 -2.0 -4.0 -2.0 -1.0 -3.0 -3.0 -4.0 -2.0 0.0 -4.0 0.0 -1.0 -4.0 0.0 0.0 -3.0 -1.0 -2.0 -3.0 0.0 0.0 0.0 0.0 0.0 0.0 -1.0 -2.0 -1.0 0.0 -3.0 -4.0 -2.0 -2.0 -3.0 -2.0 0.0 -4.0 -3.0 0.0 -2.0 0.0 -3.0 -2.0 -2.0 -2.0 -3.0 -4.0 0.0 -3.0 -3.0 -4.0 -4.0 -1.0 
-1.0 -3.0 -4.0 -4.0 0.0 -4.0 -4.0 -2.0 0.0 0.0 -1.0 0.0 -3.0 -1.0 -1.0 0.0 0.0 -2.0 -4.0 -3.0 0.0 -2.0 -4.0 -4.0 -4.0 -3.0 -2.0 -4.0 -2.0 -2.0 0.0 -3.0 -1.0 -4.0 -3.0 -3.0 0.0 0.0 -4.0 -4.0 -1.0 -1.0 -1.0 -4.0 -3.0 -4.0 0.0 -3.0 -4.0 -1.0 -4.0 -4.0 -2.0 -2.0 -1.0 -1.0 -4.0 -2.0 -3.0 -3.0 252.0 -1.0 -2.0 0.0 -2.0 -1.0 -1.0 -2.0 -4.0 -2.0 -1.0 -1.0 -4.0 -4.0 -4.0 -4.0 -4.0 0.0 -3.0 0.0 0.0 -1.0 -3.0 -1.0 -3.0 0.0 -1.0 -4.0 -1.0 -1.0 -2.0 0.0 -3.0 -4.0 -1.0 -4.0 -4.0 -4.0 -4.0 -4.0 -4.0 -3.0 -2.0 -2.0 -4.0 -2.0 -3.0 0.0 -3.0 0.0 -2.0 -2.0 -4.0 0.0 -2.0 
-1.0 -1.0 -1.0 0.0 -4.0 -2.0 0.0 0.0 0.0 -1.0 -3.0 -1.0 -4.0 -4.0 -3.0 0.0 0.0 -4.0 -3.0 -3.0 -2.0 -3.0 0.0 -1.0 -1.0 -1.0 0.0 -3.0 -2.0 -4.0 -3.0 -2.0 0.0 -1.0 -3.0 -4.0 0.0 0.0 -1.0 -2.0 0.0 -3.0 0.0 0.0 -1.0 0.0 -3.0 -1.0 -4.0 -3.0 -4.0 -4.0 0.0 -2.0 -3.0 -2.0 0.0 -3.0 -2.0 -1.0 -4.0 223.0 -4.0 -1.0 -1.0 -3.0 -1.0 -2.0 -1.0 -3.0 -2.0 -4.0 -2.0 0.0 -2.0 -3.0 -3.0 -2.0 -1.0 -2.0 -2.0 -1.0 -4.0 -1.0 -1.0 -4.0 -1.0 -2.0 -2.0 -1.0 -4.0 -2.0 -4.0 -2.0 -2.0 -1.0 -3.0 -4.0 -3.0 -4.0 -2.0 -1.0 -3.0 -3.0 0.0 -4.0 -1.0 -3.0 -1.0 0.0 -2.0 -4.0 -3.0 -3.0 0.0 
-3.0 0.0 -4.0 -4.0 -1.0 -4.0 -4.0 -3.0 0.0 -4.0 -4.0 -4.0 0.0 -3.0 -2.0 -3.0 -3.0 0.0 -1.0 -4.0 0.0 -3.0 -3.0 -3.0 -3.0 0.0 -3.0 -4.0 0.0 -3.0 0.0 -4.0 -4.0 -3.0 -4.0 -2.0 -3.0 -2.0 -3.0 -2.0 -4.0 -1.0 -3.0 -1.0 -2.0 0.0 0.0 -1.0 -2.0 -4.0 -1.0 -3.0 0.0 -1.0 0.0 -4.0 -1.0 -2.0 -3.0 -1.0 -3.0 -3.0 250.0 -4.0 -1.0 -4.0 -2.0 -4.0 -1.0 -4.0 -4.0 -2.0 -3.0 -3.0 -3.0 -3.0 -2.0 -1.0 0.0 0.0 0.0 -3.0 -3.0 -2.0 0.0 -4.0 -2.0 -1.0 -4.0 -2.0 0.0 -1.0 -2.0 -4.0 -2.0 -3.0 -2.0 -3.0 -1.0 -2.0 -3.0 0.0 -1.0 -4.0 0.0 -3.0 0.0 -3.0 -1.0 -3.0 -2.0 -2.0 -4.0 -1.0 -1.0 
-3.0 -3.0 -1.0 0.0 -3.0 -1.0 -2.0 -1.0 -4.0 -2.0 -3.0 -3.0 0.0 -4.0 -4.0 -3.0 -2.0 -1.0 -4.0 0.0 -2.0 0.0 0.0 -4.0 -3.0 0.0 -1.0 -2.0 -4.0 -2.0 -1.0 -3.0 0.0 -1.0 0.0 -3.0 -4.0 -4.0 0.0 0.0 -2.0 -2.0 -4.0 -3.0 -1.0 -1.0 0.0 -2.0 -1.0 -4.0 -2.0 0.0 -3.0 -2.0 0.0 0.0 -2.0 0.0 -1.0 -2.0 -2.0 -1.0 -4.0 212.0 -1.0 -1.0 -1.0 -2.0 -1.0 -3.0 -2.0 -2.0 -4.0 -4.0 0.0 -3.0 -4.0 0.0 0.0 -3.0 -4.0 -1.0 0.0 -4.0 -1.0 -1.0 -1.0 0.0 -2.0 -3.0 0.0 -1.0 -4.0 -3.0 -3.0 -2.0 0.0 -3.0 -1.0 -4.0 -2.0 -2.0 -1.0 -2.0 -4.0 -2.0 0.0 0.0 -2.0 -1.0 -4.0 -3.0 0.0 -2.0 -1.0 
-2.0 0.0 -2.0 -1.0 0.0 -4.0 -1.0 0.0 0.0 0.0 -3.0 -4.0 -1.0 -4.0 -4.0 -4.0 -1.0 -3.0 -1.0 -3.0 -4.0 -1.0 -1.0 -3.0 -4.0 -3.0 0.0 -4.0 -3.0 0.0 -3.0 -4.0 -1.0 -1.0 -1.0 -1.0 0.0 -1.0 -1.0 -4.0 -1.0 -1.0 -1.0 -4.0 -2.0 -1.0 -4.0 -2.0 -3.0 -2.0 0.0 -2.0 -4.0 -2.0 -3.0 -3.0 -1.0 0.0 -3.0 -2.0 -1.0 -1.0 -3.0 -1.0 241.0 -3.0 -1.0 0.0 -2.0 -3.0 -4.0 -4.0 -3.0 -1.0 -4.0 0.0 -1.0 0.0 -4.0 -2.0 -4.0 -3.0 -4.0 -4.0 -1.0 -2.0 -1.0 0.0 -3.0 -4.0 -2.0 -3.0 0.0 -3.0 0.0 -2.0 -2.0 -4.0 -4.0 -1.0 -1.0 -2.0 -4.0 -3.0 -1.0 -4.0 -3.0 -3.0 -2.0 -1.0 -3.0 -2.0 -1.0 -3.0 -4.0 
0.0 -3.0 0.0 -1.0 0.0 -1.0 -3.0 -4.0 -1.0 -1.0 -3.0 -2.0 -3.0 -2.0 0.0 -3.0 0.0 -3.0 -3.0 -1.0 -2.0 0.0 0.0 -1.0 -2.0 -4.0 -4.0 0.0 -2.0 -2.0 -3.0 -1.0 -2.0 -2.0 -4.0 -1.0 -2.0 -2.0 -1.0 -3.0 -3.0 -1.0 -1.0 -4.0 -4.0 -4.0 -2.0 -1.0 0.0 0.0 -3.0 0.0 -4.0 -3.0 -3.0 -2.0 0.0 -1.0 -4.0 0.0 -3.0 -1.0 0.0 -4.0 -2.0 216.0 0.0 -4.0 -1.0 -2.0 -2.0 0.0 -1.0 -2.0 -2.0 0.0 0.0 -1.0 0.0 -3.0 -3.0 -2.0 -4.0 0.0 -2.0 -2.0 -2.0 -1.0 0.0 -4.0 -3.0 -3.0 -3.0 -3.0 -4.0 0.0 0.0 -1.0 -3.0 -4.0 0.0 -2.0 -1.0 -4.0 -4.0 -3.0 -2.0 -3.0 -4.0 -1.0 -2.0 0.0 -2.0 -4.0 0.0 
-4.0 -4.0 -3.0 -1.0 -1.0 -4.0 -1.0 -1.0 -4.0 0.0 -2.0 -1.0 -4.0 0.0 -2.0 -2.0 -1.0 -2.0 -2.0 -4.0 -4.0 -1.0 -4.0 -2.0 -1.0 -2.0 -1.0 -4.0 -4.0 -1.0 0.0 -4.0 -3.0 -4.0 -4.0 -2.0 -3.0 -4.0 0.0 -2.0 -3.0 -1.0 -3.0 -3.0 -4.0 -2.0 -2.0 -3.0 -2.0 -1.0 0.0 -3.0 0.0 -1.0 0.0 -3.0 -1.0 -1.0 -4.0 -2.0 -4.0 -1.0 -4.0 -2.0 -2.0 -1.0 248.0 -4.0 -3.0 -3.0 -2.0 -4.0 -2.0 -2.0 -4.0 -4.0 -2.0 -4.0 0.0 -2.0 0.0 0.0 -4.0 -4.0 -1.0 -1.0 -2.0 -1.0 -2.0 -3.0 0.0 -1.0 -3.0 -4.0 -1.0 -4.0 -1.0 0.0 0.0 -2.0 -1.0 -3.0 0.0 0.0 -4.0 -2.0 -4.0 -1.0 0.0 -4.0 -4.0 0.0 -4.0 -4.0 -1.0 
-4.0 -3.0 -1.0 -2.0 -1.0 -4.0 -4.0 -1.0 0.0 -3.0 -1.0 -3.0 -4.0 0.0 0.0 -4.0 0.0 -3.0 -4.0 -2.0 -1.0 0.0 0.0 -4.0 -3.0 -3.0 0.0 -3.0 0.0 -1.0 -4.0 0.0 -4.0 -3.0 -4.0 0.0 -4.0 -3.0 -2.0 -4.0 -1.0 -1.0 -1.0 -4.0 -3.0 -3.0 -2.0 -1.0 -1.0 -4.0 -1.0 -2.0 -4.0 -4.0 -4.0 -3.0 0.0 -2.0 -4.0 0.0 -3.0 0.0 -2.0 -4.0 0.0 -1.0 0.0 233.0 -2.0 -3.0 -1.0 -1.0 -3.0 0.0 -1.0 -4.0 -2.0 -3.0 0.0 -3.0 -1.0 0.0 -1.0 -1.0 -1.0 0.0 -4.0 -3.0 -2.0 -3.0 -1.0 -1.0 0.0 0.0 -3.0 -4.0 0.0 0.0 -4.0 -4.0 -3.0 -4.0 -2.0 -1.0 -2.0 -3.0 -4.0 -1.0 -3.0 -3.0 0.0 -4.0 0.0 -4.0 -1.0 
-3.0 -4.0 -4.0 -2.0 -2.0 -1.0 0.0 -1.0 -3.0 -3.0 -3.0 -3.0 0.0 -2.0 -3.0 -1.0 -4.0 -2.0 -3.0 -2.0 -4.0 -2.0 -2.0 -2.0 -3.0 -4.0 -1.0 -1.0 -1.0 -3.0 -3.0 0.0 -4.0 -3.0 0.0 -2.0 -1.0 -4.0 -4.0 -3.0 -4.0 0.0 0.0 -2.0 -1.0 -4.0 -3.0 -3.0 -3.0 -1.0 0.0 -2.0 0.0 0.0 -1.0 -3.0 -4.0 0.0 -3.0 -1.0 -4.0 -3.0 -1.0 0.0 -2.0 0.0 0.0 -3.0 225.0 -2.0 -2.0 -1.0 -3.0 -2.0 0.0 -1.0 -2.0 -2.0 -1.0 -1.0 -1.0 -2.0 -3.0 -3.0 -3.0 -4.0 -2.0 -1.0 -1.0 0.0 -1.0 -3.0 0.0 -1.0 -4.0 -1.0 0.0 -1.0 -4.0 -4.0 -2.0 -4.0 -1.0 -1.0 -2.0 -4.0 -2.0 -2.0 -1.0 -4.0 -3.0 -1.0 -1.0 0.0 0.0 
-2.0 -2.0 -4.0 -2.0 -4.0 -4.0 -4.0 -2.0 -1.0 -1.0 -1.0 -4.0 -4.0 -2.0 -1.0 -1.0 -2.0 -1.0 -1.0 -1.0 -2.0 -1.0 0.0 -2.0 -2.0 -4.0 -4.0 -1.0 -1.0 -4.0 -2.0 -1.0 -1.0 -2.0 -1.0 0.0 -2.0 -4.0 -3.0 -2.0 -2.0 -3.0 -1.0 -1.0 -3.0 0.0 -1.0 -3.0 0.0 -4.0 0.0 -3.0 -2.0 0.0 -1.0 -2.0 -3.0 0.0 -1.0 -3.0 -4.0 -4.0 -1.0 -2.0 0.0 0.0 -3.0 -4.0 -4.0 221.0 -2.0 0.0 -3.0 -2.0 -1.0 -1.0 -2.0 -4.0 -4.0 -2.0 -4.0 -2.0 -1.0 -3.0 -3.0 -2.0 0.0 -2.0 -4.0 -2.0 -3.0 -1.0 -4.0 -1.0 0.0 -3.0 -3.0 0.0 -1.0 0.0 0.0 -4.0 -4.0 -2.0 -1.0 -1.0 -2.0 -3.0 0.0 0.0 -2.0 -1.0 -2.0 0.0 -1.0 
-4.0 -4.0 -1.0 -1.0 -2.0 -1.0 -2.0 -3.0 -1.0 -2.0 -2.0 -1.0 -2.0 0.0 -4.0 0.0 -3.0 -3.0 -1.0 0.0 0.0 -4.0 -1.0 -3.0 -2.0 0.0 -3.0 -4.0 -2.0 -4.0 -2.0 -3.0 -1.0 -4.0 -2.0 -1.0 -1.0 -2.0 0.0 -3.0 0.0 -3.0 -4.0 -4.0 0.0 -3.0 0.0 -1.0 -1.0 -2.0 0.0 0.0 0.0 -2.0 -4.0 -2.0 -2.0 -3.0 -1.0 0.0 -4.0 0.0 0.0 -2.0 -1.0 -4.0 -2.0 0.0 -1.0 -4.0 212.0 -4.0 -1.0 -4.0 -4.0 0.0 -4.0 -2.0 -1.0 -2.0 -2.0 -4.0 0.0 0.0 -4.0 -1.0 -3.0 0.0 -1.0 -3.0 -2.0 0.0 0.0 -2.0 -3.0 -2.0 -3.0 0.0 -1.0 -2.0 -4.0 0.0 -4.0 -3.0 -3.0 -1.0 -2.0 0.0 -1.0 0.0 -2.0 0.0 -1.0 -4.0 -3.0 
-1.0 0.0 0.0 -4.0 -4.0 0.0 -1.0 -4.0 -1.0 -4.0 -2.0 -2.0 -1.0 0.0 -4.0 0.0 -4.0 0.0 0.0 -1.0 -2.0 -2.0 0.0 -4.0 -3.0 -2.0 -2.0 -2.0 -4.0 -3.0 -1.0 -1.0 -4.0 -1.0 -1.0 -4.0 0.0 -2.0 0.0 -3.0 0.0 -4.0 0.0 0.0 -2.0 -3.0 0.0 -3.0 -1.0 -2.0 0.0 -4.0 -3.0 -1.0 -2.0 -4.0 -4.0 -1.0 -4.0 -4.0 0.0 0.0 -2.0 -3.0 0.0 -3.0 0.0 -2.0 -3.0 0.0 -3.0 218.0 -1.0 -3.0 -4.0 -1.0 -4.0 -3.0 -1.0 -4.0 -1.0 -4.0 -2.0 -4.0 -4.0 0.0 0.0 -3.0 0.0 0.0 -3.0 -4.0 -1.0 -3.0 -1.0 0.0 -3.0 -2.0 -4.0 -4.0 0.0 -3.0 -1.0 -4.0 -3.0 -4.0 0.0 -1.0 0.0 -1.0 0.0 0.0 0.0 -3.0 -2.0 
-4.0 -2.0 -2.0 -3.0 -4.0 -4.0 -4.0 -2.0 -1.0 -3.0 -4.0 -2.0 -3.0 0.0 -4.0 -4.0 -4.0 0.0 -1.0 -1.0 0.0 -3.0 -4.0 -4.0 -4.0 -3.0 -4.0 -2.0 -1.0 -2.0 -3.0 -4.0 -1.0 -4.0 -4.0 -4.0 -1.0 -3.0 0.0 -4.0 -2.0 -2.0 -3.0 -2.0 -3.0 0.0 -1.0 -1.0 0.0 0.0 -2.0 -4.0 0.0 -1.0 -4.0 0.0 -1.0 -3.0 -1.0 0.0 -3.0 -3.0 -4.0 -1.0 -1.0 -4.0 -4.0 0.0 -2.0 -2.0 -4.0 -3.0 252.0 0.0 -3.0 -4.0 -1.0 -1.0 -1.0 -4.0 -1.0 -1.0 -2.0 -1.0 -2.0 -2.0 -3.0 -3.0 -4.0 -2.0 -2.0 -1.0 -2.0 -2.0 -2.0 -1.0 -4.0 -2.0 -4.0 -4.0 0.0 0.0 -2.0 -1.0 0.0 0.0 -3.0 -2.0 0.0 -2.0 -2.0 -4.0 -4.0 -4.0 -1.0 
-1.0 -2.0 -4.0 -2.0 -1.0 -4.0 -3.0 -1.0 -1.0 -1.0 -3.0 0.0 -1.0 0.0 0.0 0.0 -4.0 -2.0 -3.0 -4.0 -1.0 0.0 -3.0 -2.0 0.0 -1.0 -3.0 -3.0 -2.0 -2.0 -3.0 -4.0 -2.0 -2.0 -4.0 -1.0 -2.0 -3.0 0.0 -3.0 -3.0 -3.0 -2.0 -1.0 -2.0 -1.0 -2.0 -3.0 -1.0 -1.0 -3.0 -4.0 -4.0 -1.0 0.0 -2.0 -4.0 -1.0 -2.0 -3.0 0.0 -2.0 -4.0 -4.0 -4.0 -1.0 -2.0 -1.0 -2.0 -3.0 -4.0 -4.0 -3.0 215.0 -2.0 0.0 -2.0 -2.0 -1.0 0.0 -2.0 -2.0 -2.0 -1.0 0.0 0.0 0.0 -3.0 0.0 -3.0 0.0 -4.0 0.0 0.0 0.0 0.0 -4.0 0.0 -1.0 -3.0 -1.0 -1.0 -3.0 -4.0 -1.0 0.0 0.0 -2.0 -3.0 0.0 -1.0 -2.0 -3.0 -3.0 -4.0 
-2.0 0.0 -3.0 -2.0 -2.0 -2.0 0.0 0.0 -4.0 -4.0 -2.0 -1.0 -3.0 -4.0 -4.0 -3.0 -4.0 0.0 -4.0 -2.0 -1.0 -3.0 0.0 0.0 0.0 -2.0 -1.0 -4.0 -4.0 -2.0 -2.0 -3.0 0.0 -3.0 -4.0 0.0 -1.0 -4.0 -3.0 -3.0 -2.0 -2.0 -3.0 0.0 -2.0 0.0 0.0 -2.0 -1.0 -2.0 -4.0 -4.0 -3.0 -2.0 -2.0 0.0 -3.0 -1.0 0.0 -2.0 0.0 -3.0 -3.0 -4.0 0.0 0.0 -3.0 0.0 -4.0 0.0 -4.0 -2.0 -1.0 0.0 223.0 -1.0 -2.0 -2.0 -1.0 -2.0 -4.0 -4.0 0.0 -3.0 0.0 -4.0 -1.0 -4.0 0.0 -1.0 -3.0 0.0 -2.0 -4.0 -3.0 -2.0 -1.0 -4.0 -1.0 -1.0 0.0 -3.0 -3.0 -3.0 0.0 -4.0 -4.0 -1.0 -2.0 0.0 -2.0 0.0 0.0 -3.0 -3.0 
-4.0 0.0 -3.0 -3.0 -2.0 0.0 -4.0 -4.0 -1.0 -1.0 -2.0 -4.0 -1.0 0.0 0.0 -4.0 -2.0 0.0 0.0 -3.0 -2.0 -1.0 -3.0 -4.0 -4.0 -1.0 -2.0 -4.0 -1.0 -2.0 -3.0 -4.0 -4.0 -1.0 -2.0 0.0 -3.0 -1.0 -2.0 0.0 -4.0 0.0 -2.0 -3.0 -4.0 -3.0 -3.0 -1.0 -2.0 -4.0 -4.0 0.0 -2.0 -3.0 -3.0 -3.0 -3.0 -1.0 -2.0 -1.0 -3.0 0.0 0.0 -2.0 -1.0 0.0 -4.0 -3.0 -4.0 0.0 -4.0 0.0 -4.0 -2.0 0.0 236.0 -2.0 -3.0 -1.0 -3.0 -4.0 -4.0 0.0 -1.0 -4.0 -1.0 0.0 -1.0 -3.0 -3.0 -2.0 -3.0 -1.0 -4.0 -1.0 0.0 0.0 -1.0 -3.0 0.0 -1.0 -4.0 -2.0 -1.0 -2.0 -4.0 -2.0 0.0 -4.0 -4.0 -3.0 -1.0 -1.0 -1.0 -4.0 
-1.0 0.0 -4.0 -2.0 -3.0 -3.0 0.0 0.0 -4.0 0.0 -3.0 0.0 0.0 -3.0 0.0 -3.0 -3.0 0.0 -3.0 -2.0 -4.0 -1.0 0.0 0.0 -4.0 -4.0 -2.0 0.0 -3.0 0.0 -4.0 -3.0 -2.0 -4.0 0.0 -1.0 -3.0 0.0 0.0 -1.0 -4.0 0.0 -2.0 -2.0 -4.0 -4.0 -3.0 -4.0 -1.0 -2.0 -2.0 -3.0 -4.0 -3.0 -1.0 -4.0 -4.0 0.0 0.0 -4.0 -2.0 -4.0 0.0 -2.0 -3.0 0.0 -1.0 -3.0 -4.0 -1.0 -4.0 -1.0 -1.0 -1.0 -1.0 -3.0 221.0 -2.0 -4.0 0.0 -3.0 -4.0 0.0 0.0 -1.0 -2.0 -4.0 -1.0 -2.0 -2.0 0.0 -1.0 -2.0 -3.0 -3.0 0.0 -1.0 0.0 -3.0 -1.0 -4.0 -1.0 -1.0 -3.0 -4.0 0.0 0.0 -4.0 -2.0 -3.0 -3.0 -1.0 -1.0 -3.0 0.0 
-4.0 -4.0 -2.0 -3.0 -4.0 -2.0 -3.0 -2.0 -2.0 -3.0 -2.0 -2.0 -1.0 -4.0 -1.0 -3.0 -3.0 -2.0 -1.0 -4.0 -3.0 -3.0 -4.0 0.0 -1.0 -4.0 -4.0 -3.0 0.0 -4.0 0.0 0.0 -2.0 0.0 -4.0 -3.0 -4.0 -2.0 0.0 0.0 0.0 -4.0 -1.0 -1.0 -4.0 -2.0 -1.0 -2.0 -1.0 -4.0 0.0 -2.0 -1.0 -4.0 -1.0 0.0 -3.0 -4.0 -3.0 -3.0 0.0 -3.0 -1.0 0.0 -3.0 0.0 -2.0 -4.0 -2.0 -1.0 -3.0 -2.0 0.0 -3.0 0.0 0.0 -2.0 251.0 -3.0 -2.0 -3.0 -2.0 -4.0 -2.0 -4.0 0.0 -3.0 -1.0 -4.0 -1.0 -2.0 0.0 -1.0 -2.0 -1.0 -4.0 -3.0 -3.0 -2.0 -2.0 -2.0 -4.0 -1.0 -4.0 -2.0 -4.0 -2.0 -2.0 -4.0 -2.0 -3.0 -3.0 -3.0 -3.0 -3.0 
-1.0 -1.0 -4.0 -2.0 0.0 0.0 -3.0 -3.0 -2.0 0.0 -2.0 -1.0 -2.0 0.0 -3.0 0.0 -2.0 -4.0 -1.0 -4.0 -2.0 0.0 -1.0 -1.0 0.0 -1.0 -3.0 -1.0 -1.0 -1.0 -3.0 -3.0 -1.0 -3.0 -3.0 -4.0 0.0 0.0 -4.0 -2.0 -2.0 -4.0 -1.0 -3.0 -3.0 0.0 -2.0 0.0 -4.0 -2.0 0.0 -3.0 -3.0 0.0 0.0 -3.0 -2.0 0.0 -1.0 -1.0 -3.0 -2.0 0.0 0.0 -2.0 -1.0 -3.0 0.0 -1.0 -4.0 -4.0 -4.0 -2.0 -1.0 -2.0 -1.0 -3.0 -1.0 220.0 -2.0 -2.0 -3.0 -2.0 -4.0 -4.0 -4.0 0.0 -1.0 -3.0 -2.0 -1.0 -4.0 -1.0 -3.0 -3.0 -4.0 -3.0 -1.0 -2.0 -1.0 -2.0 -2.0 -4.0 -3.0 -1.0 -4.0 -2.0 -2.0 -2.0 -4.0 -1.0 -2.0 -1.0 -3.0 0.0 
-3.0 -3.0 -4.0 0.0 -1.0 -1.0 0.0 -3.0 -4.0 -2.0 -3.0 -4.0 -2.0 -2.0 -4.0 -1.0 0.0 -1.0 -1.0 -1.0 -1.0 -1.0 -1.0 0.0 -1.0 -4.0 -1.0 -2.0 -2.0 -2.0 -2.0 0.0 0.0 -3.0 -3.0 -4.0 -2.0 -2.0 0.0 -4.0 -4.0 -4.0 -3.0 -4.0 -3.0 0.0 0.0 -3.0 -1.0 -4.0 -1.0 -3.0 -3.0 -1.0 -3.0 -1.0 -3.0 -2.0 -2.0 -3.0 0.0 -3.0 -2.0 -1.0 -4.0 0.0 -2.0 -1.0 -4.0 -1.0 -4.0 0.0 -3.0 -1.0 0.0 -1.0 -4.0 0.0 -4.0 236.0 -3.0 -3.0 -4.0 -4.0 -2.0 -1.0 -1.0 -1.0 -1.0 0.0 -4.0 -4.0 0.0 0.0 -4.0 -2.0 -3.0 -2.0 -3.0 -4.0 -2.0 0.0 -3.0 -4.0 -1.0 -2.0 0.0 -3.0 -3.0 -4.0 -1.0 -3.0 -1.0 -3.0 -2.0 
-2.0 -3.0 -4.0 -3.0 -1.0 -4.0 -2.0 -4.0 -3.0 -4.0 -4.0 -4.0 -1.0 0.0 -1.0 -2.0 -3.0 -4.0 -4.0 -2.0 -4.0 -2.0 -1.0 0.0 -1.0 -3.0 -4.0 -3.0 -1.0 -2.0 -2.0 0.0 0.0 -2.0 -3.0 -3.0 -1.0 -3.0 -2.0 -3.0 -1.0 -2.0 -1.0 -4.0 -4.0 -3.0 -4.0 -3.0 0.0 -3.0 -4.0 -1.0 0.0 -4.0 -3.0 -4.0 0.0 0.0 0.0 -2.0 -2.0 0.0 -3.0 -2.0 -3.0 -2.0 -2.0 -1.0 -4.0 -2.0 -1.0 -2.0 -2.0 -1.0 -2.0 -3.0 -2.0 -1.0 0.0 -2.0 247.0 -2.0 -1.0 -1.0 -4.0 -3.0 -3.0 -2.0 0.0 -1.0 -2.0 -1.0 -2.0 -3.0 -2.0 -1.0 -3.0 -4.0 -4.0 -1.0 0.0 -4.0 -2.0 -2.0 -2.0 -4.0 -3.0 -4.0 0.0 -1.0 -4.0 -1.0 -2.0 -2.0 -1.0 
-1.0 0.0 -4.0 -3.0 -3.0 -3.0 -3.0 -2.0 -4.0 0.0 -4.0 -3.0 -4.0 -2.0 0.0 0.0 -4.0 -1.0 -3.0 -3.0 0.0 0.0 -1.0 -1.0 -3.0 -1.0 0.0 -1.0 -2.0 -2.0 -2.0 0.0 -2.0 -3.0 0.0 -3.0 -2.0 -3.0 0.0 -1.0 -3.0 0.0 -2.0 -2.0 -1.0 -4.0 0.0 -4.0 -1.0 -3.0 -2.0 -2.0 -4.0 0.0 0.0 -4.0 -3.0 -3.0 -3.0 -4.0 -3.0 -4.0 0.0 -2.0 -2.0 -4.0 -2.0 0.0 -1.0 0.0 0.0 -3.0 0.0 0.0 -2.0 -2.0 -3.0 0.0 -4.0 -3.0 -3.0 227.0 -1.0 -1.0 -4.0 -1.0 -4.0 -1.0 -4.0 -2.0 -1.0 0.0 0.0 -1.0 -2.0 -2.0 -4.0 -4.0 -3.0 -2.0 -1.0 -1.0 -1.0 -3.0 -3.0 0.0 -3.0 -3.0 -3.0 -4.0 -4.0 -3.0 0.0 -1.0 -3.0 
-3.0 -3.0 -3.0 -2.0 -1.0 0.0 -1.0 -2.0 -2.0 -3.0 -3.0 -1.0 -4.0 -4.0 -3.0 -1.0 0.0 -3.0 -1.0 -3.0 -4.0 -1.0 0.0 -2.0 -3.0 -4.0 -4.0 0.0 -3.0 -2.0 -3.0 0.0 -3.0 -2.0 -4.0 -3.0 -2.0 -3.0 -3.0 -4.0 -3.0 -3.0 -2.0 0.0 0.0 -1.0 0.0 -2.0 -3.0 -3.0 -1.0 -1.0 -1.0 -3.0 0.0 0.0 -2.0 -3.0 -4.0 -3.0 0.0 -3.0 0.0 -3.0 0.0 -4.0 -2.0 -2.0 -3.0 -2.0 -3.0 -4.0 -4.0 -1.0 -3.0 -2.0 -2.0 0.0 -4.0 -2.0 -4.0 -4.0 235.0 -4.0 0.0 -2.0 -1.0 -2.0 0.0 -4.0 0.0 0.0 -3.0 -1.0 -1.0 -4.0 0.0 -3.0 -4.0 0.0 -4.0 -2.0 -2.0 0.0 0.0 -1.0 -1.0 -1.0 -3.0 -1.0 -1.0 -2.0 -2.0 -2.0 -4.0 
-2.0 -4.0 -3.0 -2.0 -3.0 -1.0 0.0 -1.0 0.0 0.0 -1.0 -1.0 -2.0 -2.0 -2.0 -3.0 -3.0 0.0 0.0 -1.0 0.0 -4.0 -1.0 -3.0 -3.0 -3.0 -3.0 -3.0 -1.0 -4.0 -1.0 -4.0 -3.0 0.0 -2.0 -3.0 0.0 -3.0 -2.0 -1.0 -3.0 -4.0 -4.0 -4.0 -4.0 -4.0 -2.0 -3.0 -4.0 -1.0 -4.0 0.0 -3.0 -2.0 -2.0 -3.0 0.0 -4.0 -1.0 0.0 -2.0 0.0 0.0 -3.0 -3.0 -2.0 -3.0 -3.0 -4.0 -1.0 -4.0 -4.0 0.0 0.0 -3.0 -4.0 -3.0 -4.0 -3.0 -1.0 0.0 -3.0 0.0 240.0 -3.0 -1.0 -4.0 0.0 0.0 -2.0 0.0 -4.0 -4.0 -3.0 -4.0 0.0 -2.0 -4.0 -2.0 -4.0 0.0 -1.0 -4.0 -3.0 -2.0 0.0 0.0 -2.0 0.0 -1.0 -4.0 -4.0 0.0 -2.0 -3.0 
0.0 -2.0 -4.0 -1.0 0.0 -4.0 -2.0 -1.0 -2.0 -3.0 0.0 -1.0 -2.0 -2.0 -1.0 -2.0 -3.0 -2.0 -4.0 -2.0 -3.0 -4.0 0.0 -1.0 -4.0 -2.0 -2.0 -4.0 -4.0 -1.0 0.0 -4.0 -3.0 -1.0 0.0 -3.0 -4.0 -1.0 -1.0 -4.0 -2.0 -3.0 -1.0 -1.0 -2.0 -4.0 -2.0 -3.0 -1.0 -4.0 -3.0 0.0 -2.0 -2.0 -4.0 -2.0 -1.0 -2.0 -2.0 -1.0 -4.0 0.0 0.0 -1.0 0.0 -2.0 -1.0 -2.0 -2.0 0.0 -2.0 -2.0 -2.0 -4.0 -4.0 -4.0 -3.0 -4.0 -1.0 -1.0 -1.0 -4.0 -1.0 -3.0 238.0 -2.0 -3.0 -4.0 -3.0 -3.0 -3.0 -2.0 -2.0 -3.0 0.0 0.0 -4.0 -4.0 -2.0 -4.0 0.0 0.0 0.0 -1.0 0.0 0.0 -2.0 -1.0 -2.0 -3.0 -4.0 -4.0 -1.0 -3.0 -4.0 
-2.0 -1.0 -2.0 0.0 0.0 -1.0 -2.0 -4.0 -4.0 -4.0 -1.0 -1.0 -1.0 -3.0 -1.0 -4.0 -4.0 -1.0 0.0 -3.0 -1.0 0.0 -4.0 -3.0 -3.0 -4.0 -1.0 0.0 -3.0 -3.0 -1.0 0.0 -2.0 -1.0 -4.0 -2.0 -2.0 -2.0 0.0 0.0 0.0 -3.0 -1.0 -1.0 -4.0 -3.0 -1.0 0.0 0.0 -4.0 0.0 -2.0 -4.0 -1.0 0.0 -3.0 -2.0 -1.0 -2.0 -3.0 -3.0 -1.0 -3.0 0.0 -2.0 -1.0 -2.0 -1.0 0.0 -3.0 -3.0 -4.0 0.0 -2.0 -1.0 -1.0 -4.0 -4.0 -3.0 0.0 -4.0 -4.0 -3.0 -2.0 0.0 224.0 -4.0 -2.0 -2.0 -3.0 -2.0 -1.0 0.0 0.0 -3.0 -1.0 -2.0 -1.0 0.0 -3.0 -4.0 -4.0 -1.0 -2.0 -3.0 -4.0 -2.0 -3.0 -3.0 -3.0 -2.0 -1.0 0.0 -4.0 -3.0 
-2.0 -3.0 -4.0 0.0 -3.0 -4.0 -3.0 -3.0 -3.0 -4.0 -1.0 0.0 -4.0 -3.0 -3.0 0.0 -3.0 -3.0 -4.0 -2.0 -2.0 0.0 0.0 -2.0 -4.0 0.0 -1.0 -1.0 0.0 0.0 -1.0 -2.0 -3.0 -4.0 0.0 -2.0 -1.0 0.0 0.0 -4.0 -1.0 -3.0 -2.0 -1.0 -4.0 -1.0 0.0 0.0 -4.0 -4.0 -3.0 -1.0 -2.0 -1.0 -3.0 -4.0 -1.0 -1.0 -2.0 -3.0 -1.0 -1.0 0.0 -4.0 -3.0 -4.0 -2.0 -4.0 0.0 -3.0 0.0 -4.0 -1.0 -3.0 -2.0 0.0 -1.0 -3.0 -4.0 0.0 -4.0 -1.0 -2.0 -2.0 -1.0 -1.0 242.0 -3.0 -4.0 -2.0 -4.0 -4.0 -1.0 -3.0 -3.0 0.0 -2.0 -3.0 -3.0 -4.0 -2.0 -3.0 -4.0 -3.0 0.0 -3.0 -1.0 -3.0 -3.0 -4.0 0.0 -4.0 -2.0 0.0 -3.0 
0.0 -4.0 -4.0 -4.0 -1.0 -1.0 -4.0 -1.0 0.0 -3.0 0.0 -1.0 -4.0 0.0 -2.0 0.0 0.0 -2.0 0.0 -2.0 -2.0 -3.0 -4.0 0.0 -3.0 -3.0 -4.0 -3.0 -3.0 0.0 -4.0 -1.0 -2.0 0.0 -2.0 -4.0 -4.0 -4.0 -1.0 -2.0 -3.0 -1.0 -4.0 0.0 -4.0 -1.0 -4.0 -2.0 -1.0 -1.0 0.0 -3.0 -1.0 -2.0 0.0 -2.0 -2.0 0.0 0.0 0.0 0.0 -4.0 -3.0 -1.0 0.0 -3.0 0.0 -1.0 -4.0 0.0 -2.0 0.0 -2.0 -4.0 -3.0 -4.0 -2.0 0.0 -3.0 -2.0 0.0 -4.0 0.0 -2.0 -2.0 0.0 -1.0 216.0 -3.0 0.0 -4.0 -3.0 -2.0 -2.0 -1.0 -2.0 -1.0 -1.0 -4.0 0.0 -3.0 -2.0 -4.0 -4.0 -3.0 0.0 -2.0 0.0 -3.0 -4.0 -1.0 0.0 -4.0 -1.0 -2.0 
-3.0 -2.0 -3.0 -2.0 -2.0 0.0 -4.0 -3.0 -2.0 -3.0 -1.0 -4.0 0.0 0.0 -2.0 -4.0 0.0 -4.0 -3.0 -3.0 -3.0 -3.0 -3.0 -3.0 0.0 -2.0 0.0 -4.0 -1.0 -1.0 -4.0 -2.0 -3.0 0.0 -2.0 0.0 -1.0 0.0 -4.0 -1.0 -4.0 -1.0 0.0 -3.0 -4.0 0.0 -2.0 -1.0 -1.0 -2.0 -1.0 -3.0 -1.0 -3.0 0.0 -3.0 -3.0 -2.0 -3.0 -2.0 0.0 -2.0 -1.0 -2.0 -1.0 -4.0 -4.0 -1.0 -2.0 -1.0 -3.0 -4.0 -2.0 -1.0 -2.0 -2.0 -1.0 -3.0 -3.0 -3.0 -2.0 -3.0 -4.0 -4.0 0.0 -3.0 -2.0 -1.0 227.0 -4.0 -3.0 -3.0 -3.0 0.0 0.0 0.0 -2.0 -1.0 -1.0 -1.0 -2.0 0.0 0.0 -3.0 -4.0 -4.0 -1.0 -3.0 -1.0 -1.0 0.0 0.0 -4.0 -4.0 0.0 
0.0 0.0 -2.0 -1.0 0.0 -4.0 -2.0 -1.0 -2.0 -2.0 -4.0 -2.0 0.0 -3.0 -4.0 -3.0 -2.0 -1.0 -2.0 -1.0 -1.0 -2.0 -1.0 -4.0 -2.0 -2.0 -4.0 -4.0 -4.0 -2.0 -2.0 0.0 -2.0 0.0 -1.0 0.0 -1.0 -2.0 0.0 -1.0 -2.0 -2.0 -1.0 -3.0 -2.0 -4.0 -4.0 -2.0 -1.0 -4.0 -1.0 -3.0 0.0 -4.0 -2.0 0.0 -2.0 0.0 -1.0 0.0 0.0 -3.0 -1.0 -1.0 -3.0 -2.0 -3.0 0.0 -3.0 -2.0 -2.0 -2.0 0.0 0.0 -3.0 -3.0 -3.0 0.0 -1.0 -4.0 -3.0 -1.0 -4.0 -3.0 -4.0 -2.0 -4.0 -2.0 -4.0 222.0 0.0 -2.0 -1.0 -2.0 -1.0 -3.0 -4.0 0.0 -2.0 -3.0 -3.0 0.0 -1.0 -1.0 -1.0 -3.0 -4.0 -3.0 -2.0 -2.0 -4.0 -2.0 -3.0 0.0 -3.0 
-3.0 -3.0 -1.0 -1.0 -1.0 -1.0 -3.0 0.0 -2.0 -3.0 -4.0 0.0 -3.0 0.0 -2.0 -4.0 -4.0 -3.0 -3.0 -2.0 -1.0 -3.0 0.0 -3.0 -2.0 -1.0 -2.0 -2.0 0.0 -2.0 -1.0 -3.0 -3.0 0.0 -4.0 -1.0 -4.0 -3.0 -2.0 -2.0 -2.0 0.0 -2.0 -2.0 0.0 -3.0 -2.0 -2.0 -4.0 -4.0 0.0 -2.0 0.0 -3.0 -1.0 -1.0 -3.0 -3.0 -1.0 -4.0 -2.0 -1.0 -4.0 -1.0 -3.0 0.0 -3.0 -1.0 0.0 -1.0 0.0 -4.0 -2.0 0.0 -3.0 0.0 -1.0 -3.0 0.0 -3.0 -4.0 0.0 -3.0 0.0 0.0 -1.0 0.0 -2.0 -2.0 -2.0 233.0 -4.0 -2.0 -3.0 -3.0 -3.0 -4.0 -4.0 -3.0 -4.0 -2.0 -2.0 -4.0 0.0 0.0 -4.0 -4.0 -4.0 -2.0 -4.0 0.0 -4.0 0.0 -2.0 -4.0 
-1.0 -3.0 -3.0 0.0 -3.0 -3.0 -3.0 -4.0 -1.0 -4.0 -1.0 -2.0 -4.0 -4.0 -3.0 -3.0 -4.0 -1.0 -3.0 -4.0 -4.0 -1.0 0.0 -1.0 -4.0 -4.0 0.0 -4.0 -4.0 0.0 -4.0 -4.0 -3.0 0.0 -3.0 0.0 -1.0 -4.0 0.0 -1.0 -4.0 -2.0 -1.0 0.0 -4.0 -2.0 -2.0 0.0 0.0 0.0 -2.0 -4.0 -2.0 -2.0 -2.0 -2.0 -1.0 -2.0 -3.0 -3.0 -2.0 -3.0 0.0 -2.0 -1.0 -1.0 -4.0 -2.0 -4.0 0.0 0.0 -3.0 -2.0 -4.0 -2.0 0.0 -4.0 -1.0 -1.0 0.0 -1.0 -4.0 -2.0 -3.0 -4.0 -2.0 -2.0 -2.0 0.0 -4.0 0.0 245.0 -3.0 -2.0 -4.0 -4.0 0.0 -3.0 -3.0 -2.0 -3.0 -4.0 0.0 -1.0 -2.0 -3.0 -1.0 0.0 -2.0 -4.0 -1.0 -3.0 -2.0 -1.0 -3.0 
-3.0 -1.0 -3.0 -3.0 -2.0 -2.0 -4.0 -3.0 0.0 0.0 -4.0 -2.0 0.0 -1.0 -4.0 -2.0 -3.0 0.0 -4.0 0.0 -4.0 -2.0 -3.0 0.0 0.0 0.0 -3.0 -2.0 -1.0 -4.0 0.0 -4.0 -3.0 0.0 -1.0 -1.0 -4.0 -1.0 -2.0 -1.0 0.0 0.0 -4.0 -3.0 -2.0 -3.0 -4.0 0.0 -1.0 -3.0 0.0 0.0 -3.0 0.0 -3.0 -2.0 0.0 -2.0 -3.0 -2.0 -3.0 -2.0 -2.0 -3.0 -2.0 -1.0 -3.0 -2.0 -1.0 -3.0 -1.0 -4.0 0.0 -2.0 -3.0 -1.0 -3.0 -1.0 -2.0 -4.0 -1.0 -2.0 0.0 -2.0 -3.0 0.0 -1.0 -4.0 -1.0 0.0 -3.0 -3.0 213.0 -4.0 -1.0 -2.0 -2.0 -3.0 0.0 -4.0 0.0 -3.0 -2.0 0.0 0.0 -1.0 -2.0 -4.0 -1.0 -3.0 0.0 -3.0 0.0 0.0 -3.0 
-4.0 0.0 -3.0 -2.0 0.0 -2.0 0.0 0.0 -1.0 0.0 0.0 -1.0 -1.0 -3.0 -3.0 -1.0 -2.0 -1.0 -2.0 -4.0 -3.0 -1.0 -2.0 -2.0 -1.0 -3.0 -2.0 -2.0 -4.0 -1.0 0.0 -3.0 -2.0 -3.0 -1.0 0.0 0.0 -2.0 -4.0 0.0 -1.0 -4.0 -2.0 -2.0 -3.0 -4.0 -4.0 0.0 0.0 -1.0 -4.0 -1.0 -2.0 -3.0 -3.0 -2.0 0.0 -4.0 0.0 -1.0 -4.0 -3.0 0.0 -4.0 -1.0 -3.0 -2.0 -4.0 0.0 -1.0 0.0 -1.0 -1.0 -4.0 -1.0 -1.0 -4.0 0.0 -1.0 -2.0 -4.0 -4.0 0.0 -2.0 -3.0 -3.0 -2.0 -3.0 -4.0 -4.0 -4.0 -3.0 -3.0 222.0 -2.0 0.0 -1.0 -3.0 -1.0 0.0 -2.0 0.0 -2.0 -4.0 -2.0 -2.0 -1.0 -1.0 -4.0 -3.0 -3.0 -3.0 -4.0 0.0 -1.0 
-2.0 0.0 -1.0 -1.0 -4.0 -2.0 -4.0 -4.0 -3.0 -3.0 -1.0 -1.0 -2.0 -4.0 -1.0 -2.0 -1.0 -3.0 -3.0 -1.0 -4.0 0.0 -1.0 0.0 -1.0 -4.0 0.0 -1.0 -1.0 -4.0 0.0 -3.0 -2.0 -4.0 -3.0 -4.0 -3.0 -3.0 -1.0 0.0 -1.0 0.0 -2.0 -1.0 -2.0 -1.0 0.0 -1.0 -1.0 0.0 -1.0 -4.0 -3.0 -2.0 -2.0 -4.0 -1.0 -4.0 -2.0 -1.0 -1.0 -3.0 0.0 0.0 -1.0 -1.0 0.0 -2.0 -2.0 -4.0 0.0 0.0 -1.0 0.0 0.0 -1.0 0.0 0.0 0.0 -3.0 -3.0 -1.0 0.0 -2.0 -1.0 -4.0 -3.0 -3.0 -4.0 -2.0 0.0 -2.0 -4.0 -2.0 200.0 -1.0 0.0 -1.0 -2.0 -3.0 -2.0 -3.0 0.0 -4.0 -4.0 0.0 -1.0 -4.0 -2.0 0.0 0.0 -2.0 0.0 -3.0 -3.0 
0.0 -2.0 -3.0 -2.0 -3.0 -1.0 -4.0 -1.0 -3.0 -3.0 -1.0 -4.0 -1.0 -3.0 -3.0 -1.0 -4.0 -3.0 -3.0 -2.0 -4.0 0.0 0.0 0.0 -4.0 0.0 -3.0 -4.0 -2.0 0.0 -3.0 -3.0 -1.0 -4.0 -2.0 -4.0 -2.0 -1.0 -3.0 0.0 0.0 0.0 -3.0 0.0 -2.0 0.0 -3.0 0.0 0.0 -4.0 -3.0 -3.0 0.0 -1.0 0.0 -1.0 -4.0 -3.0 0.0 -2.0 -1.0 -2.0 -3.0 -4.0 -1.0 0.0 -2.0 -3.0 -4.0 -4.0 -4.0 -1.0 -3.0 -2.0 -4.0 0.0 -4.0 -4.0 -3.0 -4.0 -1.0 -1.0 -3.0 -1.0 0.0 -4.0 -4.0 -4.0 -3.0 0.0 -4.0 -3.0 0.0 0.0 -4.0 227.0 0.0 -3.0 -3.0 0.0 0.0 -1.0 -2.0 0.0 -4.0 -1.0 -1.0 -1.0 0.0 0.0 -4.0 -1.0 -1.0 -1.0 -3.0 
0.0 -2.0 -1.0 -4.0 -4.0 -1.0 -1.0 -3.0 -1.0 -3.0 -4.0 -3.0 -4.0 0.0 0.0 -2.0 0.0 -2.0 0.0 -3.0 -2.0 0.0 -1.0 -3.0 -4.0 -2.0 0.0 -2.0 -1.0 -4.0 -1.0 -4.0 0.0 -3.0 -1.0 -3.0 -1.0 -4.0 -4.0 -2.0 -3.0 0.0 0.0 -2.0 0.0 -2.0 -2.0 -3.0 -3.0 -3.0 -4.0 -4.0 -1.0 -3.0 -1.0 -1.0 -2.0 -1.0 0.0 -1.0 -3.0 -2.0 -1.0 -4.0 -1.0 0.0 -4.0 0.0 -3.0 -2.0 -1.0 -3.0 -3.0 -3.0 0.0 -4.0 -2.0 -3.0 -3.0 -3.0 -4.0 0.0 -3.0 -4.0 -3.0 -2.0 0.0 -2.0 -3.0 -3.0 -2.0 -4.0 0.0 -3.0 0.0 -3.0 224.0 0.0 -4.0 0.0 -2.0 -2.0 -3.0 0.0 -3.0 -3.0 0.0 -4.0 0.0 -4.0 -1.0 0.0 0.0 -1.0 0.0 
-2.0 0.0 -1.0 -2.0 0.0 -4.0 0.0 -3.0 -2.0 -2.0 -3.0 -1.0 0.0 -3.0 0.0 -2.0 -4.0 -1.0 -3.0 -1.0 0.0 -4.0 -1.0 -1.0 -3.0 -4.0 -1.0 -3.0 0.0 -4.0 -1.0 -3.0 -3.0 -4.0 -3.0 0.0 0.0 0.0 -3.0 -4.0 -2.0 -1.0 -3.0 -1.0 0.0 -2.0 -1.0 -1.0 0.0 -3.0 -1.0 -3.0 -2.0 -2.0 -4.0 -4.0 -1.0 0.0 0.0 -4.0 -3.0 0.0 -1.0 -2.0 -2.0 0.0 0.0 -4.0 -3.0 0.0 -1.0 -2.0 0.0 -2.0 0.0 0.0 -3.0 -3.0 -1.0 -2.0 -1.0 0.0 -4.0 -4.0 -1.0 -1.0 -4.0 -4.0 0.0 -1.0 -1.0 -3.0 0.0 -4.0 -4.0 -4.0 -2.0 214.0 -4.0 -1.0 0.0 -1.0 -2.0 -1.0 -3.0 -1.0 -4.0 -3.0 -3.0 -1.0 -2.0 -2.0 -4.0 0.0 -4.0 
-3.0 -2.0 0.0 -4.0 -2.0 -2.0 -1.0 -1.0 -1.0 -3.0 -3.0 -2.0 -2.0 -4.0 -2.0 0.0 -2.0 -3.0 -1.0 -4.0 0.0 -1.0 -3.0 -4.0 -3.0 -4.0 0.0 -4.0 -3.0 -1.0 -1.0 -4.0 -1.0 -1.0 -3.0 -2.0 -4.0 0.0 -3.0 -4.0 -1.0 0.0 -3.0 -3.0 -3.0 -1.0 -2.0 -1.0 -1.0 0.0 0.0 -3.0 -1.0 -3.0 0.0 -3.0 -2.0 -2.0 -1.0 -3.0 0.0 -1.0 -1.0 0.0 0.0 -2.0 -3.0 0.0 -2.0 -1.0 -3.0 0.0 -1.0 -4.0 -2.0 -3.0 -4.0 -3.0 -4.0 -4.0 -2.0 -3.0 -4.0 -3.0 -2.0 -2.0 -3.0 -4.0 -2.0 -4.0 -4.0 -2.0 -1.0 0.0 -2.0 -4.0 0.0 -4.0 234.0 -1.0 -2.0 -2.0 0.0 -2.0 -2.0 -3.0 -4.0 0.0 0.0 -4.0 -2.0 -1.0 0.0 -3.0 -3.0 
0.0 -4.0 -4.0 0.0 -3.0 0.0 -4.0 -2.0 -1.0 -3.0 0.0 -2.0 -3.0 0.0 -2.0 -4.0 -2.0 -2.0 -1.0 -3.0 -2.0 0.0 -4.0 -2.0 -3.0 -3.0 -1.0 -1.0 -2.0 -3.0 -4.0 -4.0 -1.0 0.0 -4.0 -4.0 -2.0 -3.0 -1.0 -3.0 -3.0 0.0 -2.0 -2.0 -2.0 -3.0 -4.0 -1.0 -3.0 0.0 -1.0 -4.0 -3.0 0.0 -3.0 -1.0 -2.0 -4.0 -4.0 0.0 -3.0 -4.0 -1.0 -1.0 -1.0 -3.0 0.0 -4.0 0.0 -3.0 -2.0 -1.0 0.0 0.0 -4.0 -3.0 -4.0 -1.0 -1.0 -2.0 -2.0 0.0 -4.0 -2.0 0.0 -1.0 -2.0 -3.0 -1.0 0.0 -2.0 -4.0 -4.0 -1.0 -2.0 -4.0 -3.0 -2.0 -3.0 237.0 -4.0 -1.0 -3.0 -2.0 0.0 0.0 -1.0 -3.0 -3.0 -4.0 0.0 -4.0 -2.0 -1.0 -2.0 
0.0 -3.0 0.0 0.0 -2.0 -1.0 -2.0 0.0 -1.0 -1.0 -3.0 -1.0 -4.0 -2.0 -1.0 -3.0 -4.0 -4.0 -2.0 -3.0 -3.0 0.0 -1.0 -1.0 -3.0 -3.0 -3.0 -2.0 -3.0 -2.0 -4.0 -3.0 -3.0 0.0 -3.0 0.0 0.0 -2.0 -2.0 -1.0 0.0 -1.0 -1.0 -4.0 0.0 -3.0 -2.0 -2.0 0.0 -2.0 -1.0 -4.0 0.0 -3.0 -1.0 -2.0 -2.0 -1.0 0.0 -3.0 0.0 -1.0 -1.0 -1.0 -3.0 -3.0 0.0 -4.0 -3.0 -1.0 -2.0 -1.0 -2.0 -3.0 -4.0 0.0 -2.0 -2.0 -2.0 -2.0 0.0 -2.0 -3.0 0.0 -2.0 0.0 0.0 -4.0 0.0 -1.0 0.0 -4.0 0.0 0.0 -2.0 -3.0 -4.0 -2.0 -4.0 -3.0 196.0 0.0 -4.0 0.0 0.0 -1.0 -1.0 -2.0 0.0 0.0 -3.0 -2.0 -1.0 0.0 -3.0 
-1.0 0.0 -4.0 -2.0 0.0 -4.0 -1.0 0.0 -1.0 -1.0 -3.0 -1.0 -2.0 -4.0 -2.0 -1.0 -4.0 -1.0 -1.0 -4.0 -1.0 -4.0 -3.0 -3.0 -2.0 0.0 0.0 -1.0 0.0 -3.0 -4.0 0.0 0.0 -2.0 -2.0 -4.0 -1.0 -1.0 -1.0 -3.0 -1.0 -1.0 -4.0 -1.0 -1.0 -1.0 -4.0 -1.0 -2.0 -2.0 -2.0 -1.0 -4.0 0.0 -3.0 -4.0 -1.0 -1.0 -1.0 -1.0 -2.0 -3.0 -3.0 -2.0 -1.0 -1.0 -3.0 -1.0 -2.0 -4.0 -4.0 -2.0 -3.0 -4.0 -4.0 0.0 -2.0 -1.0 -1.0 -2.0 -4.0 -4.0 0.0 -4.0 -2.0 -3.0 -3.0 -4.0 -3.0 -4.0 0.0 -1.0 -3.0 -1.0 -2.0 -2.0 -2.0 -3.0 -4.0 -1.0 -4.0 236.0 0.0 -2.0 -1.0 -2.0 -4.0 -4.0 0.0 -1.0 -3.0 -3.0 -3.0 -3.0 -3.0 
-3.0 -3.0 -2.0 -1.0 -1.0 -3.0 -4.0 -4.0 -4.0 -2.0 -4.0 -3.0 -3.0 -3.0 -2.0 -1.0 -3.0 -4.0 0.0 -2.0 -1.0 -2.0 -1.0 -4.0 0.0 -2.0 0.0 -2.0 -4.0 0.0 -2.0 -4.0 -3.0 -4.0 -4.0 -1.0 -1.0 -3.0 -3.0 -3.0 -2.0 -3.0 -4.0 -1.0 -3.0 -2.0 -2.0 -4.0 0.0 -3.0 -1.0 -2.0 -4.0 -1.0 -2.0 -4.0 -2.0 -2.0 -2.0 -4.0 0.0 -2.0 -3.0 -3.0 -1.0 -1.0 -2.0 0.0 -1.0 -1.0 -1.0 -2.0 -2.0 -2.0 -2.0 -1.0 -4.0 -1.0 -3.0 -2.0 -4.0 -4.0 -1.0 0.0 -2.0 -2.0 -3.0 -4.0 0.0 -2.0 0.0 -1.0 -3.0 -3.0 -2.0 -4.0 -3.0 -1.0 -3.0 -1.0 -4.0 0.0 239.0 0.0 -3.0 -1.0 -3.0 -1.0 -1.0 -3.0 0.0 -1.0 0.0 -1.0 0.0 
-4.0 -2.0 -1.0 -2.0 -1.0 -1.0 -4.0 0.0 -2.0 -3.0 0.0 -4.0 -2.0 -3.0 -4.0 -4.0 0.0 -2.0 -4.0 0.0 -4.0 -4.0 -3.0 -4.0 -2.0 -2.0 -2.0 -1.0 -4.0 0.0 -1.0 0.0 0.0 -1.0 0.0 0.0 -2.0 -3.0 -3.0 -2.0 -4.0 0.0 -3.0 0.0 -1.0 -4.0 -4.0 -2.0 -1.0 -3.0 -3.0 -1.0 0.0 -3.0 -3.0 -2.0 0.0 -4.0 -1.0 -4.0 -2.0 0.0 -1.0 -1.0 -4.0 -3.0 -4.0 -4.0 -3.0 -3.0 0.0 -2.0 -1.0 -3.0 0.0 -4.0 0.0 -4.0 -1.0 0.0 -1.0 -2.0 -2.0 -1.0 0.0 -1.0 -1.0 -3.0 -1.0 -2.0 -4.0 -3.0 -2.0 -3.0 -4.0 0.0 -2.0 -1.0 -3.0 0.0 -2.0 0.0 -3.0 227.0 -3.0 -3.0 0.0 -3.0 -1.0 -2.0 -1.0 -3.0 -2.0 -1.0 -3.0 
0.0 -1.0 -1.0 -4.0 0.0 -2.0 0.0 -2.0 -1.0 -3.0 -1.0 -3.0 -3.0 -3.0 -2.0 -3.0 -1.0 -3.0 -2.0 -1.0 -4.0 -4.0 -1.0 0.0 -3.0 -4.0 -4.0 -4.0 -3.0 -2.0 -1.0 -4.0 -4.0 -3.0 -4.0 0.0 -3.0 -4.0 0.0 -3.0 -1.0 -2.0 0.0 -2.0 -1.0 -3.0 -1.0 -1.0 0.0 -1.0 -4.0 -4.0 -3.0 -1.0 -4.0 -3.0 -3.0 -1.0 -1.0 0.0 0.0 -4.0 -2.0 -1.0 -4.0 -3.0 -1.0 -2.0 -3.0 -1.0 -3.0 -4.0 -1.0 -3.0 -2.0 -4.0 -1.0 -1.0 -2.0 -2.0 -2.0 -1.0 -3.0 0.0 -3.0 0.0 -1.0 -3.0 0.0 -2.0 -4.0 -3.0 -1.0 -1.0 -4.0 0.0 -4.0 -3.0 -4.0 -2.0 0.0 -2.0 0.0 -3.0 244.0 -2.0 -1.0 -4.0 -4.0 -1.0 -2.0 -3.0 -3.0 -4.0 -3.0 
-1.0 0.0 0.0 -1.0 -1.0 -1.0 0.0 -1.0 -2.0 -3.0 0.0 -3.0 -1.0 0.0 -1.0 0.0 0.0 -4.0 0.0 -4.0 -2.0 -3.0 0.0 -1.0 -3.0 -2.0 -4.0 -4.0 0.0 0.0 -4.0 -4.0 0.0 -2.0 -4.0 -2.0 -3.0 -1.0 -3.0 -2.0 -3.0 -1.0 -3.0 -4.0 -4.0 -1.0 -3.0 -3.0 -3.0 0.0 -2.0 0.0 -3.0 -2.0 -3.0 0.0 0.0 -1.0 -1.0 -2.0 -3.0 -3.0 -2.0 -1.0 0.0 -2.0 -1.0 -2.0 -2.0 -1.0 -1.0 -4.0 -3.0 -4.0 -2.0 -3.0 -4.0 -2.0 0.0 -4.0 -3.0 0.0 -1.0 -4.0 -3.0 -2.0 0.0 -3.0 -1.0 -2.0 0.0 -1.0 -1.0 0.0 -1.0 -3.0 -3.0 -3.0 -3.0 0.0 -4.0 -3.0 -4.0 -2.0 -4.0 219.0 -3.0 0.0 0.0 -3.0 -1.0 -3.0 -3.0 -2.0 -3.0 
-3.0 -4.0 -1.0 -2.0 -1.0 0.0 -1.0 0.0 0.0 -4.0 -1.0 -3.0 0.0 -3.0 -2.0 -4.0 -2.0 -2.0 0.0 0.0 -3.0 0.0 -1.0 -4.0 -2.0 -1.0 -2.0 0.0 -2.0 -4.0 -2.0 -2.0 -3.0 -1.0 -4.0 -3.0 -3.0 -3.0 -1.0 -4.0 -1.0 -4.0 0.0 -3.0 0.0 -3.0 -3.0 -4.0 0.0 -3.0 -4.0 -1.0 -1.0 -2.0 0.0 -3.0 -1.0 -3.0 -3.0 -3.0 0.0 -1.0 -1.0 -2.0 -3.0 0.0 0.0 -1.0 -3.0 -2.0 -3.0 0.0 -1.0 -1.0 -4.0 -4.0 -2.0 -2.0 -1.0 -3.0 -1.0 0.0 -3.0 0.0 -2.0 -2.0 -1.0 -1.0 -4.0 -1.0 -1.0 0.0 -1.0 -4.0 -4.0 0.0 -4.0 -3.0 -1.0 -3.0 -3.0 -2.0 -3.0 -1.0 -1.0 -1.0 220.0 -1.0 -3.0 -2.0 -2.0 -3.0 -4.0 -4.0 0.0 
-2.0 -3.0 -1.0 -2.0 0.0 0.0 -1.0 -4.0 -3.0 0.0 -1.0 -4.0 -2.0 -4.0 0.0 -1.0 0.0 -2.0 -1.0 -1.0 -3.0 0.0 -3.0 0.0 -4.0 -1.0 -1.0 -4.0 0.0 -1.0 0.0 0.0 -1.0 0.0 0.0 0.0 -3.0 -3.0 -3.0 -3.0 -1.0 -3.0 -1.0 -4.0 -4.0 -2.0 0.0 -4.0 -1.0 -1.0 -3.0 -4.0 -3.0 -4.0 -4.0 -4.0 -2.0 -2.0 -4.0 -1.0 -3.0 0.0 -2.0 -2.0 -3.0 -2.0 -4.0 -3.0 -2.0 -2.0 -2.0 -4.0 -1.0 -1.0 0.0 -1.0 -2.0 -3.0 -2.0 -1.0 -4.0 -1.0 -1.0 -3.0 -2.0 -3.0 -4.0 0.0 -3.0 0.0 0.0 -2.0 0.0 -4.0 -3.0 -3.0 -4.0 -4.0 -2.0 -4.0 -1.0 -2.0 0.0 -3.0 -4.0 -1.0 0.0 231.0 -4.0 -3.0 -2.0 -1.0 -2.0 -4.0 -3.0 
-2.0 -4.0 -3.0 0.0 -4.0 -1.0 -2.0 0.0 -3.0 0.0 -3.0 -4.0 -2.0 -4.0 0.0 -3.0 -4.0 -4.0 -3.0 0.0 -2.0 -4.0 0.0 0.0 -2.0 -4.0 -2.0 -3.0 -4.0 0.0 0.0 -4.0 -3.0 -3.0 -2.0 -3.0 -4.0 0.0 -1.0 0.0 -4.0 -4.0 -4.0 -1.0 -4.0 -4.0 0.0 -2.0 0.0 -1.0 -4.0 0.0 -1.0 -4.0 -2.0 -3.0 -3.0 -3.0 0.0 -3.0 -1.0 0.0 -2.0 -4.0 -3.0 -3.0 -2.0 -3.0 -1.0 -2.0 -3.0 -2.0 -1.0 0.0 -3.0 -4.0 -4.0 -1.0 -4.0 -2.0 -2.0 -3.0 -1.0 0.0 -1.0 -4.0 -4.0 -2.0 -2.0 -4.0 0.0 -4.0 -3.0 -4.0 -1.0 -1.0 -4.0 -1.0 -4.0 -3.0 -4.0 -4.0 -3.0 -1.0 -1.0 -3.0 0.0 -3.0 261.0 -4.0 -2.0 -3.0 -3.0 -1.0 -2.0 
-4.0 -2.0 -4.0 0.0 -3.0 -2.0 -2.0 0.0 -3.0 -2.0 0.0 -1.0 -3.0 -1.0 -4.0 -3.0 -4.0 -1.0 -1.0 -3.0 0.0 -4.0 0.0 -1.0 -4.0 0.0 -3.0 -3.0 0.0 -3.0 -2.0 -4.0 -3.0 -1.0 -4.0 -2.0 -3.0 -2.0 0.0 -1.0 -2.0 -1.0 -4.0 -4.0 -3.0 -2.0 -4.0 -1.0 -4.0 -1.0 -4.0 -4.0 0.0 -1.0 -2.0 -1.0 -4.0 -2.0 -2.0 -1.0 -4.0 -3.0 -2.0 -4.0 -4.0 -2.0 -1.0 -3.0 -2.0 0.0 0.0 -3.0 -1.0 0.0 -3.0 -3.0 -4.0 -1.0 -2.0 -1.0 -1.0 -4.0 0.0 -2.0 0.0 -4.0 -4.0 -4.0 -3.0 -2.0 0.0 0.0 -4.0 -4.0 0.0 -4.0 -1.0 -4.0 0.0 -1.0 -2.0 -3.0 -3.0 -3.0 0.0 -3.0 -4.0 -1.0 -3.0 251.0 -4.0 -4.0 -4.0 0.0 -2.0 
-3.0 -4.0 0.0 -2.0 0.0 -2.0 -4.0 -4.0 -4.0 -4.0 -1.0 -3.0 0.0 -3.0 -2.0 -3.0 -1.0 -2.0 0.0 0.0 -1.0 -2.0 -2.0 0.0 -1.0 -1.0 0.0 0.0 -1.0 -4.0 -3.0 0.0 -2.0 -2.0 -3.0 -4.0 0.0 -3.0 -1.0 -1.0 -4.0 -2.0 -3.0 -4.0 -1.0 -4.0 0.0 -3.0 0.0 -3.0 -3.0 -4.0 -2.0 -3.0 -4.0 -1.0 -1.0 0.0 -3.0 -2.0 0.0 -1.0 0.0 -4.0 -3.0 -4.0 -4.0 -2.0 -3.0 -1.0 0.0 0.0 -1.0 -2.0 -1.0 -2.0 -4.0 -2.0 -1.0 -1.0 0.0 -2.0 0.0 -3.0 -4.0 -1.0 -3.0 -2.0 -1.0 -1.0 -2.0 -1.0 -1.0 0.0 -3.0 -4.0 0.0 -3.0 -1.0 -1.0 -4.0 -3.0 -3.0 -2.0 -4.0 -4.0 -1.0 -3.0 -4.0 -4.0 231.0 -4.0 -2.0 -4.0 0.0 
-4.0 -4.0 -1.0 -3.0 -4.0 -2.0 -2.0 -2.0 -4.0 -4.0 0.0 -1.0 -2.0 -3.0 -3.0 -1.0 -2.0 0.0 -2.0 0.0 -1.0 -1.0 -4.0 -3.0 -4.0 -4.0 -4.0 0.0 -2.0 -3.0 0.0 -4.0 -4.0 -2.0 -1.0 0.0 0.0 -2.0 -3.0 -2.0 -2.0 0.0 -3.0 -2.0 0.0 0.0 0.0 -4.0 -2.0 0.0 -1.0 -1.0 -2.0 -2.0 0.0 0.0 -1.0 0.0 0.0 0.0 -4.0 -3.0 0.0 -3.0 -3.0 -3.0 -1.0 -1.0 -1.0 -3.0 -1.0 -1.0 -4.0 0.0 -3.0 -1.0 -1.0 -2.0 -2.0 0.0 -3.0 -3.0 0.0 -2.0 -4.0 -2.0 -3.0 0.0 -3.0 -3.0 0.0 -2.0 0.0 0.0 -4.0 -3.0 0.0 -1.0 -2.0 -3.0 -4.0 -3.0 -3.0 0.0 -3.0 -3.0 -2.0 0.0 -3.0 -2.0 0.0 208.0 0.0 0.0 -2.0 
-3.0 -3.0 -1.0 -1.0 -2.0 -3.0 0.0 -4.0 0.0 0.0 -3.0 -3.0 -2.0 0.0 -1.0 -3.0 -1.0 -2.0 -1.0 -3.0 -3.0 -1.0 -3.0 -3.0 -2.0 -1.0 -2.0 -2.0 -1.0 -3.0 -4.0 -2.0 0.0 0.0 -4.0 -4.0 -1.0 -4.0 -3.0 -3.0 -4.0 -4.0 -3.0 -1.0 -2.0 0.0 0.0 0.0 -4.0 -2.0 -4.0 -1.0 -2.0 -1.0 -1.0 -3.0 -4.0 -3.0 -1.0 0.0 -2.0 0.0 -2.0 -1.0 -1.0 -4.0 -1.0 -3.0 -4.0 -1.0 0.0 -2.0 -4.0 0.0 -2.0 -2.0 0.0 0.0 -3.0 -4.0 -1.0 -4.0 -1.0 0.0 0.0 -4.0 0.0 0.0 -2.0 -2.0 -3.0 -1.0 -2.0 -4.0 -1.0 -4.0 -4.0 -2.0 0.0 -4.0 -2.0 -2.0 -3.0 -3.0 -4.0 -1.0 -1.0 0.0 -1.0 0.0 0.0 -4.0 222.0 0.0 -4.0 
-1.0 -1.0 -4.0 -3.0 -3.0 0.0 -2.0 -3.0 -1.0 -3.0 -4.0 0.0 0.0 -3.0 -2.0 -4.0 -2.0 -3.0 -2.0 -3.0 -4.0 0.0 -4.0 -4.0 -2.0 -1.0 0.0 -2.0 -2.0 -4.0 -2.0 -4.0 -4.0 -3.0 -3.0 -2.0 0.0 -3.0 -4.0 0.0 -2.0 -1.0 0.0 0.0 0.0 -2.0 -4.0 0.0 -3.0 -3.0 0.0 -1.0 0.0 -2.0 -1.0 -4.0 -3.0 -1.0 0.0 -3.0 -1.0 -3.0 -3.0 -1.0 -4.0 -3.0 -3.0 0.0 -1.0 -1.0 -1.0 0.0 -3.0 0.0 -3.0 -2.0 0.0 -3.0 0.0 -1.0 -4.0 -4.0 -2.0 -3.0 -3.0 0.0 -4.0 -4.0 -2.0 0.0 -4.0 -2.0 0.0 -3.0 -4.0 -4.0 0.0 -1.0 -2.0 -2.0 -4.0 -3.0 -1.0 -4.0 -3.0 -4.0 -4.0 -4.0 -1.0 0.0 -3.0 -2.0 -1.0 240.0 -3.0 
0.0 0.0 -2.0 -3.0 -4.0 -4.0 -1.0 -1.0 -1.0 -2.0 -4.0 -1.0 -4.0 -3.0 -4.0 -1.0 -4.0 -2.0 0.0 0.0 0.0 -1.0 -1.0 -3.0 0.0 0.0 0.0 0.0 -4.0 -3.0 -2.0 -1.0 0.0 0.0 0.0 0.0 0.0 -3.0 -4.0 -2.0 -1.0 -3.0 -1.0 0.0 -4.0 0.0 0.0 -2.0 -3.0 -4.0 -4.0 -4.0 -4.0 -3.0 -4.0 -1.0 -2.0 -2.0 -2.0 -4.0 -1.0 -3.0 -2.0 -2.0 0.0 -3.0 -2.0 -4.0 -4.0 -2.0 -3.0 0.0 -2.0 -2.0 0.0 0.0 0.0 0.0 0.0 -3.0 -2.0 -2.0 0.0 -1.0 -2.0 -3.0 -4.0 0.0 -2.0 0.0 -1.0 -4.0 -3.0 0.0 -3.0 0.0 -1.0 -1.0 0.0 -4.0 -3.0 -1.0 -3.0 -2.0 -4.0 -1.0 -2.0 -1.0 -3.0 -4.0 -2.0 -2.0 -1.0 -1.0 209.0 

-12343.0 -14049.0 -13446.0 -12648.0 -14112.0 -11547.0 -12369.0 -11846.0 -11723.0 -11438.0 -11592.0 -10899.0 -10896.0 -9835.0 -10389.0 -9211.0 -10422.0 -9399.0 -9207.0 -9230.0 -7271.0 -8264.0 -7278.0 -8311.0 -6851.0 -8317.0 -7072.0 -7966.0 -5773.0 -6128.0 -6620.0 -6356.0 -5553.0 -4916.0 -5828.0 -5285.0 -4969.0 -4303.0 -4475.0 -3789.0 -3289.0 -2626.0 -3850.0 -3374.0 -2710.0 -3761.0 -3662.0 -2112.0 -1783.0 -1692.0 -1923.0 -1615.0 -1263.0 -1199.0 -1139.0 -116.0 38.0 94.0 166.0 572.0 486.0 13.0 1986.0 1524.0 1011.0 1307.0 2654.0 2574.0 3252.0 3255.0 3015.0 2982.0 4715.0 3905.0 4114.0 4454.0 4263.0 5061.0 3830.0 4897.0 6394.0 5242.0 6420.0 6152.0 6336.0 5797.0 6713.0 6592.0 7471.0 6639.0 7264.0 8919.0 7843.0 7313.0 7835.0 9142.0 9005.0 8169.0 9579.0 10135.0 8873.0 9534.0 12033.0 10878.0 11324.0 9700.0 10635.0 10696.0 13154.0 12948.0 11915.0 12038.0 12486.0 13349.0 11889.0 