15
27.0 -1.0 0.0 0.0 -3.0 -3.0 -2.0 0.0 0.0 -3.0 -2.0 -4.0 -2.0 -2.0 -4.0 
-1.0 22.0 -1.0 -1.0 -3.0 -1.0 0.0 -1.0 -3.0 -4.0 -1.0 -1.0 -4.0 0.0 -1.0 
-3.0 -1.0 31.0 0.0 -3.0 -2.0 -4.0 0.0 -1.0 -2.0 -4.0 -2.0 -2.0 -3.0 -4.0 
-4.0 0.0 0.0 25.0 -2.0 -4.0 -2.0 -3.0 -2.0 -4.0 0.0 -2.0 0.0 -1.0 -1.0 
-1.0 -3.0 -4.0 -3.0 31.0 -3.0 -2.0 -2.0 -2.0 -1.0 -4.0 -1.0 -1.0 -4.0 0.0 
-1.0 -1.0 -2.0 0.0 -4.0 25.0 -2.0 -3.0 -2.0 -3.0 0.0 -1.0 -2.0 -2.0 -2.0 
-3.0 -1.0 -2.0 -1.0 -2.0 -3.0 27.0 -2.0 -2.0 -4.0 -2.0 0.0 -1.0 0.0 -4.0 
-1.0 0.0 -2.0 0.0 -1.0 0.0 -3.0 26.0 -1.0 -3.0 -2.0 -3.0 -2.0 -4.0 -4.0 
-3.0 -2.0 -2.0 -1.0 -3.0 -2.0 -1.0 0.0 18.0 -1.0 -2.0 0.0 -1.0 0.0 0.0 
0.0 -3.0 0.0 0.0 0.0 -3.0 0.0 -3.0 0.0 18.0 0.0 -3.0 -3.0 -2.0 -1.0 
0.0 -2.0 -4.0 -3.0 0.0 -4.0 -1.0 -4.0 -3.0 -2.0 30.0 -2.0 -1.0 0.0 -4.0 
-1.0 -4.0 -2.0 -4.0 -4.0 0.0 0.0 -3.0 0.0 -4.0 -3.0 32.0 -1.0 -2.0 -4.0 
-4.0 -1.0 -3.0 0.0 -3.0 -3.0 -3.0 -1.0 -4.0 -2.0 -2.0 -2.0 31.0 -2.0 -1.0 
-4.0 -4.0 -4.0 0.0 -1.0 -2.0 -1.0 -2.0 -4.0 -3.0 0.0 -4.0 -2.0 32.0 -1.0 
-1.0 -1.0 -1.0 -4.0 0.0 -3.0 -3.0 -2.0 -1.0 -2.0 -2.0 -3.0 -2.0 -2.0 27.0 

-236.0 -150.0 -192.0 -87.0 -77.0 -61.0 -23.0 -64.0 66.0 14.0 95.0 135.0 181.0 229.0 187.0 