50
85.0 -1.0 -1.0 -2.0 -3.0 -4.0 -1.0 -3.0 -2.0 -1.0 -2.0 -2.0 0.0 0.0 -2.0 -4.0 -1.0 0.0 0.0 0.0 0.0 -3.0 -2.0 -1.0 -2.0 -3.0 0.0 -3.0 0.0 0.0 -1.0 -4.0 0.0 -2.0 -1.0 -2.0 -2.0 -4.0 -3.0 0.0 -1.0 -4.0 -4.0 -1.0 -2.0 -3.0 -1.0 -3.0 0.0 -3.0 
-2.0 101.0 -1.0 -3.0 -2.0 -1.0 -1.0 -3.0 -3.0 0.0 -3.0 -1.0 -3.0 -2.0 -1.0 -3.0 -3.0 -1.0 -2.0 -2.0 -1.0 -2.0 -2.0 -1.0 -4.0 -2.0 -4.0 -3.0 -4.0 0.0 0.0 -2.0 -4.0 -3.0 -2.0 -2.0 -3.0 0.0 -2.0 -4.0 -2.0 -2.0 -1.0 -2.0 -4.0 -1.0 -4.0 0.0 -3.0 0.0 
0.0 -1.0 107.0 -2.0 -4.0 -3.0 -2.0 -3.0 0.0 -2.0 -3.0 -1.0 -3.0 -3.0 -4.0 -1.0 -4.0 -3.0 -1.0 -4.0 -2.0 -3.0 -1.0 0.0 -4.0 -1.0 -4.0 -4.0 -2.0 -2.0 0.0 0.0 0.0 -3.0 -1.0 -3.0 -3.0 -4.0 -3.0 -2.0 -2.0 -1.0 -3.0 -4.0 -3.0 -1.0 -2.0 0.0 -2.0 -3.0 
-4.0 -3.0 -3.0 102.0 -4.0 -1.0 -3.0 0.0 -2.0 -3.0 0.0 -3.0 -2.0 -2.0 -4.0 0.0 -3.0 -2.0 -1.0 -1.0 -1.0 -3.0 -1.0 -3.0 -2.0 0.0 -2.0 0.0 -4.0 -4.0 -1.0 0.0 -3.0 -3.0 -2.0 -4.0 0.0 -1.0 -2.0 -3.0 -2.0 -3.0 -1.0 -4.0 -3.0 -1.0 -1.0 0.0 -4.0 -3.0 
-2.0 0.0 0.0 0.0 96.0 -3.0 -1.0 0.0 0.0 -2.0 -2.0 -1.0 -2.0 -1.0 -3.0 -1.0 0.0 -3.0 -1.0 -2.0 -4.0 -2.0 0.0 0.0 -4.0 -1.0 -2.0 -2.0 -2.0 -4.0 -3.0 0.0 -3.0 -3.0 -1.0 -3.0 -4.0 -3.0 -3.0 0.0 -1.0 -2.0 -4.0 -3.0 0.0 -3.0 -4.0 -3.0 -4.0 -4.0 
-1.0 -2.0 -2.0 0.0 -2.0 104.0 -4.0 -1.0 0.0 -1.0 -3.0 -4.0 -1.0 -2.0 -4.0 -1.0 -4.0 -1.0 -4.0 -3.0 -4.0 -2.0 -1.0 -2.0 -2.0 0.0 -1.0 -3.0 -4.0 -3.0 -4.0 -1.0 -3.0 -2.0 -3.0 0.0 -4.0 -1.0 -4.0 -4.0 -4.0 -4.0 -1.0 0.0 0.0 -2.0 0.0 -2.0 -1.0 -2.0 
0.0 -3.0 -2.0 -4.0 -4.0 -1.0 98.0 -3.0 -4.0 -3.0 -3.0 -2.0 -1.0 -1.0 -3.0 -1.0 -2.0 -4.0 0.0 -3.0 -2.0 -3.0 -3.0 -1.0 -1.0 -2.0 -3.0 0.0 -1.0 0.0 -2.0 -3.0 -1.0 -4.0 -1.0 0.0 -1.0 -4.0 0.0 0.0 0.0 -4.0 -4.0 -4.0 0.0 0.0 -2.0 -2.0 -4.0 -2.0 
-2.0 -2.0 0.0 -4.0 -2.0 -1.0 0.0 88.0 -1.0 -2.0 -4.0 0.0 0.0 -3.0 -1.0 0.0 -2.0 -3.0 -1.0 0.0 -1.0 -4.0 -2.0 -3.0 -2.0 -2.0 -3.0 0.0 -1.0 -4.0 -3.0 -3.0 -2.0 0.0 -2.0 -4.0 -1.0 0.0 0.0 -1.0 -3.0 -2.0 -3.0 -1.0 -2.0 -4.0 -2.0 0.0 -3.0 -2.0 
0.0 -3.0 -2.0 -2.0 -2.0 -3.0 -2.0 -4.0 99.0 -3.0 -4.0 -2.0 -3.0 -1.0 -4.0 0.0 0.0 0.0 -1.0 -3.0 -3.0 0.0 -1.0 -4.0 0.0 -4.0 -2.0 -3.0 -1.0 -1.0 -3.0 -1.0 -3.0 -3.0 -3.0 -3.0 0.0 -2.0 -2.0 0.0 -2.0 -2.0 -1.0 -2.0 -3.0 -2.0 -3.0 -4.0 -1.0 -1.0 
-2.0 0.0 -4.0 -3.0 -3.0 -4.0 -3.0 -3.0 -4.0 117.0 -2.0 -1.0 -1.0 -3.0 -3.0 -3.0 -2.0 -3.0 -1.0 -4.0 -4.0 -2.0 -4.0 -2.0 0.0 -1.0 -4.0 -2.0 -4.0 -4.0 0.0 0.0 -4.0 0.0 -1.0 -1.0 -4.0 -3.0 -3.0 -2.0 -2.0 -2.0 -1.0 -2.0 -3.0 -2.0 0.0 -4.0 -3.0 -4.0 
-2.0 -1.0 -1.0 -3.0 -2.0 0.0 -1.0 -3.0 -4.0 0.0 87.0 -2.0 -3.0 -1.0 0.0 -2.0 -4.0 -2.0 -1.0 -3.0 -3.0 -1.0 -4.0 -1.0 0.0 0.0 -1.0 -3.0 -4.0 -4.0 -1.0 -2.0 -2.0 -3.0 -2.0 0.0 -3.0 -3.0 -1.0 0.0 -1.0 0.0 -1.0 0.0 -3.0 -1.0 -4.0 -1.0 -2.0 -1.0 
-3.0 -4.0 0.0 -2.0 -3.0 -1.0 -4.0 -3.0 -4.0 -3.0 -2.0 95.0 -2.0 -2.0 -4.0 -4.0 0.0 0.0 0.0 -2.0 -1.0 -3.0 0.0 0.0 -1.0 0.0 -4.0 0.0 -2.0 -2.0 -3.0 0.0 -1.0 -4.0 -1.0 -3.0 -3.0 -3.0 0.0 -1.0 -2.0 -4.0 -2.0 0.0 0.0 -2.0 -1.0 -4.0 -2.0 -3.0 
-2.0 -3.0 -3.0 -4.0 -4.0 -3.0 -3.0 -3.0 -3.0 0.0 -4.0 -2.0 127.0 -4.0 -1.0 -3.0 -4.0 -4.0 -4.0 -3.0 -4.0 -1.0 0.0 0.0 -4.0 -2.0 0.0 -3.0 -1.0 -4.0 -3.0 -3.0 -4.0 -1.0 -1.0 -4.0 -4.0 -3.0 -1.0 -2.0 -4.0 -4.0 -4.0 0.0 -3.0 -1.0 -3.0 -1.0 -2.0 -3.0 
0.0 -4.0 -3.0 -4.0 -4.0 -2.0 -3.0 -3.0 -2.0 0.0 -1.0 -2.0 -2.0 90.0 -1.0 -3.0 -1.0 -2.0 -1.0 -1.0 0.0 0.0 -2.0 0.0 -4.0 0.0 -2.0 0.0 0.0 -2.0 -1.0 -3.0 -4.0 0.0 0.0 -2.0 -2.0 -4.0 -4.0 -3.0 -2.0 -2.0 -4.0 -2.0 -2.0 0.0 0.0 0.0 -3.0 -3.0 
-4.0 -4.0 -2.0 -1.0 -1.0 -2.0 -4.0 -4.0 -3.0 0.0 -2.0 0.0 -2.0 -1.0 102.0 -2.0 -1.0 -2.0 -3.0 -1.0 -2.0 0.0 -3.0 -2.0 -3.0 -3.0 -3.0 -1.0 -1.0 0.0 -1.0 0.0 0.0 -1.0 -4.0 -3.0 -2.0 -4.0 -3.0 -4.0 -2.0 -4.0 0.0 -2.0 -4.0 -2.0 0.0 -2.0 -3.0 -4.0 
-1.0 -3.0 -4.0 -3.0 -2.0 -4.0 -3.0 -4.0 0.0 -4.0 0.0 -2.0 -4.0 -4.0 -3.0 109.0 -4.0 0.0 -4.0 0.0 -1.0 0.0 -4.0 -3.0 -1.0 -3.0 -1.0 -2.0 -3.0 -2.0 0.0 -3.0 -2.0 -3.0 0.0 -3.0 -2.0 -2.0 -1.0 -2.0 -2.0 -4.0 -3.0 -2.0 0.0 -3.0 0.0 -2.0 -4.0 -2.0 
-4.0 -4.0 -3.0 -2.0 -3.0 0.0 -1.0 0.0 0.0 -2.0 -4.0 0.0 -3.0 0.0 -1.0 -3.0 94.0 0.0 -3.0 -3.0 0.0 -1.0 0.0 -2.0 -1.0 -1.0 -2.0 0.0 -4.0 -3.0 -1.0 -2.0 0.0 -3.0 -1.0 -4.0 -3.0 -3.0 -1.0 -2.0 -2.0 -1.0 -1.0 -3.0 -3.0 -4.0 -4.0 -3.0 -1.0 -2.0 
0.0 -4.0 -3.0 -3.0 -3.0 0.0 -2.0 -4.0 -4.0 -2.0 -3.0 -4.0 -3.0 0.0 -1.0 0.0 -1.0 93.0 -2.0 -1.0 -1.0 0.0 -2.0 -4.0 -1.0 0.0 -3.0 -1.0 -1.0 -4.0 -2.0 -1.0 -4.0 -1.0 -4.0 -1.0 0.0 0.0 -1.0 0.0 -3.0 -3.0 -2.0 -4.0 -4.0 0.0 0.0 -2.0 -1.0 -3.0 
-2.0 -4.0 -3.0 -4.0 -1.0 -1.0 -4.0 -1.0 -1.0 -3.0 0.0 -3.0 -2.0 0.0 0.0 -1.0 0.0 -4.0 98.0 -3.0 -3.0 0.0 -4.0 -3.0 0.0 -3.0 -4.0 0.0 0.0 0.0 0.0 -3.0 -2.0 -3.0 -4.0 -4.0 -2.0 -4.0 -1.0 -2.0 -1.0 -2.0 -2.0 -1.0 -2.0 0.0 -4.0 -3.0 -3.0 -1.0 
-4.0 -2.0 -4.0 -3.0 -1.0 -2.0 0.0 -4.0 0.0 -2.0 -3.0 0.0 -2.0 -3.0 -1.0 -1.0 -3.0 -1.0 0.0 108.0 -2.0 -4.0 0.0 -4.0 -4.0 -1.0 -4.0 0.0 -4.0 -1.0 -4.0 -1.0 -3.0 -4.0 -2.0 -4.0 -2.0 -4.0 -3.0 -3.0 -2.0 -3.0 -3.0 0.0 0.0 -1.0 -2.0 -1.0 -2.0 -4.0 
0.0 -3.0 -4.0 -1.0 0.0 -4.0 -1.0 -3.0 0.0 -2.0 -2.0 -1.0 -2.0 -1.0 -3.0 -3.0 0.0 -1.0 -4.0 -4.0 96.0 -4.0 -1.0 0.0 -4.0 -1.0 -1.0 -4.0 -2.0 -4.0 -3.0 -1.0 -2.0 -3.0 -2.0 -2.0 0.0 -2.0 -4.0 -1.0 0.0 -1.0 -3.0 0.0 -1.0 -1.0 -4.0 -2.0 0.0 -4.0 
-1.0 0.0 -4.0 -4.0 -2.0 0.0 -2.0 -4.0 -2.0 -2.0 -1.0 -4.0 -1.0 -4.0 -3.0 -3.0 -4.0 -3.0 -1.0 -2.0 -2.0 96.0 -3.0 -4.0 -2.0 0.0 -3.0 -3.0 0.0 -4.0 0.0 0.0 -1.0 -1.0 -1.0 0.0 -4.0 -1.0 -4.0 -2.0 -4.0 -2.0 0.0 0.0 -2.0 0.0 -1.0 0.0 -2.0 -3.0 
-2.0 -2.0 -1.0 -3.0 -2.0 -3.0 -3.0 -3.0 0.0 0.0 -1.0 0.0 0.0 -3.0 -2.0 -4.0 -2.0 -1.0 -1.0 -1.0 -2.0 -2.0 99.0 -2.0 -4.0 -4.0 -2.0 -2.0 0.0 -4.0 0.0 0.0 -1.0 -2.0 -3.0 -1.0 -4.0 -4.0 -4.0 -3.0 -3.0 -1.0 -1.0 -1.0 -3.0 -4.0 0.0 -3.0 -3.0 -2.0 
-3.0 -2.0 -1.0 -2.0 0.0 -2.0 -2.0 -2.0 0.0 0.0 -3.0 -4.0 0.0 0.0 0.0 0.0 -4.0 -3.0 -4.0 0.0 -1.0 -3.0 0.0 85.0 -3.0 -1.0 -2.0 0.0 0.0 -1.0 -1.0 -3.0 -1.0 -1.0 0.0 0.0 -4.0 -3.0 -4.0 -4.0 -2.0 -1.0 -3.0 -2.0 -3.0 -2.0 -4.0 0.0 -2.0 -2.0 
0.0 -3.0 -4.0 -2.0 0.0 -1.0 0.0 -2.0 -3.0 -1.0 -1.0 -1.0 0.0 -3.0 -4.0 -3.0 -3.0 -3.0 -2.0 0.0 -3.0 0.0 -3.0 -3.0 99.0 -1.0 -2.0 -1.0 0.0 -3.0 -4.0 -2.0 0.0 -4.0 -1.0 -4.0 -1.0 -1.0 -4.0 -3.0 -2.0 -4.0 -3.0 0.0 -4.0 0.0 -3.0 -1.0 -3.0 -3.0 
-4.0 -2.0 -1.0 -2.0 -4.0 -4.0 -3.0 0.0 -3.0 -2.0 -1.0 -2.0 0.0 -3.0 0.0 -1.0 0.0 -2.0 -2.0 0.0 -2.0 0.0 0.0 -4.0 -4.0 92.0 -2.0 -2.0 0.0 -1.0 -2.0 -4.0 -1.0 -2.0 -2.0 -4.0 -2.0 -4.0 0.0 0.0 -4.0 0.0 -3.0 -4.0 -1.0 -2.0 -2.0 0.0 -1.0 -3.0 
-3.0 -4.0 -4.0 -3.0 -2.0 -2.0 -2.0 0.0 -1.0 0.0 -3.0 -1.0 -3.0 -2.0 0.0 -2.0 -3.0 -3.0 -1.0 -2.0 -3.0 -1.0 -4.0 -2.0 -4.0 -2.0 112.0 -2.0 -1.0 -4.0 -2.0 -1.0 -4.0 -1.0 -4.0 -3.0 -3.0 -4.0 0.0 -3.0 -2.0 -4.0 -3.0 -2.0 -3.0 -2.0 0.0 -1.0 -4.0 -2.0 
-4.0 -1.0 0.0 -3.0 -4.0 0.0 -2.0 -1.0 0.0 -2.0 -3.0 0.0 -4.0 -1.0 -4.0 -1.0 0.0 -2.0 -4.0 -1.0 0.0 -2.0 -4.0 0.0 0.0 -3.0 -2.0 87.0 -1.0 -3.0 0.0 0.0 -4.0 -1.0 -1.0 -1.0 0.0 -3.0 -4.0 -4.0 0.0 -2.0 0.0 -3.0 -1.0 -4.0 -3.0 -1.0 -1.0 -2.0 
-1.0 0.0 -3.0 -4.0 -2.0 -1.0 -3.0 -4.0 -2.0 -3.0 0.0 0.0 0.0 -2.0 0.0 -3.0 -2.0 -3.0 0.0 0.0 -3.0 0.0 0.0 -4.0 -2.0 -1.0 0.0 -3.0 85.0 -4.0 -1.0 -3.0 0.0 -1.0 -2.0 -1.0 -4.0 -1.0 -1.0 -4.0 -2.0 0.0 -1.0 -2.0 -3.0 0.0 -2.0 -4.0 0.0 -3.0 
-3.0 -4.0 -4.0 -3.0 0.0 -3.0 0.0 -2.0 -3.0 -2.0 -2.0 -2.0 -3.0 -3.0 -3.0 -4.0 -1.0 -1.0 -2.0 -3.0 0.0 -4.0 -1.0 0.0 -4.0 0.0 -4.0 0.0 -3.0 99.0 0.0 -1.0 -4.0 0.0 0.0 -2.0 -1.0 -3.0 -3.0 -2.0 -4.0 0.0 -4.0 -4.0 0.0 0.0 -2.0 -3.0 -2.0 0.0 
-2.0 -1.0 -1.0 -1.0 -3.0 -1.0 -1.0 -1.0 -4.0 -1.0 -3.0 -1.0 -4.0 -4.0 -4.0 -4.0 -1.0 0.0 -4.0 -2.0 -4.0 -1.0 -2.0 -3.0 -3.0 -2.0 -1.0 -3.0 -3.0 -1.0 104.0 -1.0 -4.0 -2.0 -2.0 -2.0 -1.0 -2.0 -2.0 -4.0 -3.0 -1.0 -1.0 -1.0 -4.0 -3.0 0.0 -4.0 0.0 -1.0 
-4.0 -3.0 -3.0 -2.0 -1.0 -4.0 -4.0 -3.0 -3.0 -1.0 0.0 -1.0 -1.0 0.0 -1.0 -4.0 -4.0 -4.0 -2.0 -2.0 -4.0 -3.0 -2.0 -4.0 -3.0 -1.0 -3.0 -2.0 -4.0 -2.0 -1.0 113.0 -2.0 -3.0 -1.0 0.0 -3.0 -3.0 -4.0 -2.0 -4.0 -2.0 -1.0 0.0 0.0 -3.0 -2.0 -3.0 0.0 -4.0 
-2.0 -4.0 0.0 0.0 -1.0 0.0 0.0 -4.0 -1.0 -1.0 -3.0 -3.0 -1.0 -4.0 0.0 -1.0 -3.0 -3.0 -3.0 0.0 -1.0 -4.0 -4.0 -2.0 -2.0 -3.0 -3.0 -4.0 -2.0 0.0 -1.0 -3.0 98.0 0.0 -2.0 -4.0 -2.0 0.0 -1.0 -4.0 0.0 -1.0 -2.0 -4.0 -1.0 -3.0 -4.0 -3.0 -2.0 -2.0 
0.0 0.0 -4.0 -3.0 -4.0 -3.0 -4.0 -1.0 0.0 -4.0 -4.0 -3.0 -2.0 -2.0 -2.0 -1.0 -2.0 -4.0 0.0 -1.0 0.0 -2.0 0.0 -3.0 -2.0 -2.0 -1.0 -2.0 -1.0 -3.0 -3.0 -1.0 0.0 98.0 0.0 -3.0 -4.0 -3.0 0.0 -4.0 -2.0 -2.0 0.0 0.0 -4.0 -3.0 -2.0 -2.0 -2.0 -3.0 
-2.0 -2.0 0.0 -1.0 0.0 -2.0 -3.0 0.0 -3.0 -1.0 0.0 -2.0 -4.0 -1.0 -1.0 0.0 0.0 -1.0 0.0 -3.0 -1.0 -2.0 0.0 -4.0 -1.0 0.0 -3.0 -3.0 -4.0 -3.0 -1.0 -1.0 -2.0 -3.0 86.0 -3.0 -1.0 0.0 -4.0 -1.0 -4.0 -4.0 -3.0 -3.0 -3.0 -1.0 0.0 -3.0 0.0 -2.0 
-2.0 -4.0 -1.0 -2.0 -3.0 -1.0 -3.0 0.0 0.0 0.0 -1.0 -4.0 -4.0 -4.0 -4.0 -2.0 0.0 -2.0 -2.0 -2.0 -1.0 -2.0 0.0 -3.0 -4.0 -4.0 0.0 -2.0 0.0 -1.0 0.0 -3.0 -2.0 -4.0 -1.0 102.0 -3.0 -2.0 -2.0 -3.0 -4.0 -3.0 -3.0 0.0 -1.0 -2.0 -3.0 -2.0 -4.0 -2.0 
0.0 -2.0 -4.0 -3.0 -4.0 -1.0 0.0 -2.0 -4.0 0.0 -2.0 -4.0 -3.0 0.0 -1.0 -4.0 -1.0 -2.0 0.0 -1.0 -1.0 -1.0 -4.0 0.0 -1.0 -1.0 0.0 0.0 -1.0 -2.0 -1.0 -4.0 -4.0 -1.0 -2.0 -1.0 87.0 -1.0 -2.0 -3.0 -2.0 -2.0 -2.0 0.0 -2.0 -1.0 -4.0 -1.0 -2.0 -3.0 
-4.0 0.0 0.0 -4.0 0.0 -4.0 0.0 -1.0 -4.0 -2.0 -3.0 0.0 -1.0 -2.0 -1.0 -4.0 -3.0 -3.0 -2.0 0.0 0.0 -4.0 -3.0 -2.0 -4.0 -1.0 -3.0 -1.0 -1.0 -2.0 0.0 -3.0 -4.0 -2.0 0.0 -3.0 -2.0 94.0 0.0 -1.0 -4.0 -4.0 -1.0 -1.0 -1.0 0.0 -2.0 -1.0 -4.0 -2.0 
-3.0 -2.0 -1.0 0.0 0.0 -2.0 -3.0 -3.0 0.0 0.0 -3.0 -3.0 -1.0 0.0 -3.0 0.0 -3.0 -3.0 0.0 -1.0 -2.0 -4.0 -3.0 -3.0 -1.0 -4.0 0.0 -2.0 0.0 -3.0 -3.0 0.0 -2.0 0.0 -2.0 -2.0 -1.0 -2.0 88.0 -3.0 -1.0 -1.0 -3.0 -4.0 -2.0 -4.0 -3.0 0.0 -2.0 0.0 
-1.0 -4.0 0.0 0.0 -4.0 -2.0 -1.0 -3.0 -3.0 -1.0 -3.0 -4.0 0.0 0.0 -1.0 -4.0 0.0 -2.0 0.0 -4.0 0.0 -3.0 0.0 -1.0 -1.0 -3.0 -4.0 -1.0 -1.0 -2.0 0.0 -3.0 -4.0 -3.0 -4.0 0.0 -4.0 -3.0 -4.0 97.0 -4.0 -2.0 -2.0 0.0 -4.0 0.0 -1.0 -2.0 -4.0 0.0 
-3.0 -1.0 -1.0 0.0 -4.0 -4.0 -1.0 0.0 -4.0 -1.0 0.0 -3.0 -3.0 -2.0 -3.0 0.0 0.0 -4.0 0.0 -3.0 -4.0 -1.0 -2.0 -2.0 -3.0 0.0 -1.0 0.0 -4.0 0.0 -3.0 0.0 -3.0 -4.0 -4.0 -1.0 -2.0 -1.0 -2.0 -4.0 95.0 -2.0 -1.0 -3.0 0.0 0.0 -3.0 -3.0 -2.0 -3.0 
-2.0 -2.0 -4.0 -1.0 -3.0 -1.0 -1.0 0.0 -4.0 -1.0 0.0 -4.0 -1.0 -4.0 -1.0 -4.0 0.0 -3.0 -1.0 -3.0 -3.0 -2.0 0.0 -4.0 -1.0 0.0 -1.0 -4.0 -4.0 -1.0 -4.0 -1.0 -4.0 -4.0 -2.0 0.0 -2.0 -3.0 -1.0 -3.0 -4.0 109.0 -1.0 -3.0 0.0 -4.0 -4.0 -4.0 -1.0 -4.0 
-3.0 0.0 -2.0 -2.0 -1.0 -2.0 -3.0 0.0 -4.0 -4.0 -2.0 -3.0 -3.0 -1.0 -2.0 0.0 -2.0 -2.0 -4.0 -3.0 0.0 -2.0 -2.0 -4.0 -1.0 -4.0 -3.0 0.0 -3.0 -4.0 -3.0 -1.0 0.0 -4.0 -4.0 -2.0 -1.0 -4.0 -2.0 0.0 -3.0 0.0 104.0 -3.0 0.0 -2.0 -2.0 -2.0 -3.0 -2.0 
-4.0 -1.0 -4.0 -1.0 -4.0 -3.0 -4.0 -1.0 0.0 -3.0 -2.0 0.0 -3.0 -1.0 0.0 0.0 -1.0 -1.0 -4.0 0.0 -2.0 -2.0 0.0 0.0 -1.0 -3.0 -4.0 -1.0 -2.0 -4.0 -1.0 -2.0 -1.0 -1.0 -4.0 -3.0 -4.0 -2.0 0.0 -4.0 -1.0 -3.0 -1.0 96.0 -2.0 -4.0 -2.0 -4.0 0.0 -1.0 
0.0 -3.0 -1.0 -2.0 -2.0 -4.0 -1.0 -1.0 -1.0 0.0 -4.0 0.0 -3.0 -3.0 0.0 0.0 0.0 -1.0 -3.0 -4.0 -1.0 0.0 -2.0 -4.0 -1.0 -4.0 -4.0 0.0 -1.0 -2.0 0.0 -1.0 -2.0 -2.0 -2.0 0.0 0.0 0.0 -2.0 -1.0 -4.0 -4.0 -2.0 -3.0 86.0 -2.0 0.0 -4.0 -2.0 -3.0 
0.0 -1.0 -4.0 -2.0 -2.0 -4.0 -2.0 -3.0 0.0 -1.0 -4.0 -3.0 0.0 -3.0 -3.0 -3.0 -4.0 -3.0 0.0 -2.0 0.0 -2.0 -4.0 -4.0 -1.0 -1.0 -1.0 -1.0 -2.0 -4.0 -4.0 0.0 -4.0 -1.0 0.0 -4.0 -2.0 -3.0 0.0 -2.0 -2.0 -4.0 -3.0 -2.0 -3.0 106.0 -3.0 0.0 -1.0 -4.0 
-3.0 0.0 -3.0 -1.0 -1.0 -1.0 -4.0 0.0 -2.0 -3.0 -1.0 0.0 -4.0 -4.0 -2.0 0.0 -3.0 -3.0 -4.0 0.0 -3.0 -1.0 -3.0 -3.0 -4.0 -3.0 -4.0 -2.0 -4.0 -4.0 -1.0 -3.0 0.0 -1.0 -1.0 -3.0 -2.0 -1.0 -2.0 -1.0 -3.0 0.0 -2.0 -2.0 -2.0 -2.0 101.0 -2.0 -1.0 -2.0 
-3.0 -1.0 -4.0 -3.0 0.0 -1.0 -1.0 -1.0 -3.0 -3.0 -3.0 -4.0 -1.0 -3.0 -4.0 -3.0 -2.0 -2.0 -2.0 -3.0 0.0 0.0 0.0 -4.0 -3.0 -3.0 -4.0 -1.0 0.0 0.0 -2.0 0.0 -2.0 -4.0 -1.0 0.0 0.0 -1.0 -1.0 -1.0 -2.0 0.0 -4.0 -1.0 -2.0 0.0 -3.0 92.0 -2.0 -4.0 
-4.0 -3.0 -1.0 -2.0 -3.0 -1.0 -1.0 0.0 -1.0 -3.0 0.0 -4.0 -3.0 -2.0 -4.0 0.0 0.0 -3.0 -3.0 -2.0 -4.0 0.0 -4.0 -4.0 -1.0 -3.0 -4.0 -1.0 -3.0 -3.0 0.0 -2.0 -3.0 -2.0 -2.0 -3.0 0.0 -3.0 -3.0 -1.0 -4.0 -1.0 -3.0 -3.0 -4.0 -2.0 -1.0 -4.0 109.0 -1.0 
-2.0 -4.0 0.0 -3.0 0.0 -1.0 -2.0 0.0 -4.0 -4.0 0.0 -2.0 -1.0 0.0 -1.0 -1.0 -4.0 -4.0 -3.0 -1.0 -1.0 -2.0 -3.0 0.0 -3.0 -2.0 -4.0 0.0 -4.0 0.0 -3.0 -3.0 -1.0 -2.0 -2.0 -3.0 0.0 -3.0 0.0 -2.0 -1.0 -4.0 -1.0 -3.0 -3.0 0.0 -4.0 -1.0 -4.0 96.0 

-2202.0 -2453.0 -2460.0 -2187.0 -2468.0 -2071.0 -1710.0 -1671.0 -1625.0 -1764.0 -1225.0 -1181.0 -1483.0 -990.0 -1139.0 -891.0 -936.0 -589.0 -649.0 -639.0 -429.0 -112.0 -403.0 -297.0 -227.0 86.0 125.0 212.0 283.0 647.0 605.0 881.0 593.0 891.0 600.0 1002.0 1038.0 1219.0 1132.0 1336.0 1446.0 1647.0 1867.0 1795.0 1590.0 2185.0 2252.0 2269.0 2531.0 2299.0 