65
121.0 -4.0 -1.0 -2.0 0.0 -3.0 -1.0 -4.0 0.0 -1.0 -3.0 0.0 0.0 -3.0 0.0 0.0 -4.0 -1.0 -2.0 -3.0 -3.0 -4.0 -3.0 0.0 -4.0 0.0 -1.0 0.0 -3.0 0.0 -2.0 -3.0 -4.0 0.0 -4.0 -2.0 -3.0 -3.0 -2.0 0.0 0.0 -2.0 -3.0 -2.0 -1.0 -3.0 0.0 0.0 -3.0 0.0 -3.0 -2.0 -2.0 -4.0 0.0 -3.0 -4.0 -4.0 -1.0 -4.0 0.0 -2.0 -3.0 0.0 -1.0 
-3.0 131.0 -3.0 -2.0 -1.0 -1.0 0.0 0.0 -1.0 -2.0 -3.0 -2.0 -3.0 -3.0 -3.0 -3.0 -4.0 -2.0 -3.0 -4.0 -1.0 0.0 0.0 -2.0 -2.0 -4.0 -3.0 -1.0 0.0 -2.0 -2.0 -3.0 -1.0 0.0 -3.0 -4.0 -2.0 -4.0 -1.0 0.0 -1.0 -2.0 -4.0 -3.0 0.0 -1.0 -2.0 0.0 -1.0 -2.0 -1.0 -1.0 -3.0 -3.0 -4.0 -4.0 -1.0 0.0 -4.0 -2.0 -2.0 -3.0 -2.0 -3.0 -4.0 
-4.0 0.0 120.0 -2.0 0.0 -1.0 -4.0 -3.0 -2.0 -1.0 -1.0 0.0 -3.0 0.0 -1.0 0.0 -4.0 0.0 0.0 -2.0 -2.0 -1.0 -3.0 0.0 -1.0 -4.0 -1.0 -4.0 -3.0 -1.0 -4.0 -3.0 -1.0 -3.0 -4.0 0.0 -2.0 -2.0 -2.0 -3.0 -2.0 -3.0 -1.0 -4.0 -2.0 -4.0 -2.0 -1.0 -1.0 0.0 -4.0 0.0 -3.0 -1.0 0.0 0.0 -2.0 -1.0 -2.0 -3.0 -2.0 -3.0 -4.0 0.0 -3.0 
-1.0 -3.0 -4.0 130.0 -1.0 -4.0 -2.0 -3.0 -2.0 -1.0 -2.0 -2.0 0.0 -4.0 -3.0 -4.0 -3.0 0.0 -2.0 -1.0 -2.0 -1.0 -4.0 -3.0 0.0 -3.0 -4.0 -3.0 -1.0 -1.0 -1.0 -2.0 -3.0 -3.0 -1.0 -2.0 -4.0 -3.0 -1.0 -3.0 0.0 -3.0 -2.0 0.0 0.0 -4.0 -1.0 -1.0 -1.0 -3.0 -2.0 0.0 -4.0 -3.0 -1.0 -1.0 -1.0 -3.0 -2.0 -1.0 -4.0 -2.0 -1.0 -1.0 -2.0 
0.0 -1.0 -3.0 0.0 116.0 -3.0 -2.0 0.0 -2.0 -4.0 0.0 0.0 0.0 0.0 -1.0 -1.0 -1.0 -4.0 -1.0 0.0 -1.0 -3.0 -2.0 -1.0 -1.0 -3.0 -3.0 -3.0 -2.0 -3.0 -4.0 -1.0 -1.0 -3.0 -4.0 -1.0 0.0 -2.0 -4.0 -1.0 -3.0 0.0 -3.0 -2.0 -3.0 -2.0 -2.0 -4.0 -3.0 -2.0 -3.0 -1.0 -3.0 -4.0 0.0 -1.0 0.0 -1.0 -3.0 -1.0 -4.0 -3.0 -2.0 0.0 0.0 
0.0 0.0 -1.0 -4.0 -3.0 116.0 -4.0 -1.0 0.0 -3.0 -3.0 -1.0 0.0 -1.0 -3.0 -2.0 -4.0 -4.0 -3.0 0.0 0.0 -1.0 -1.0 -4.0 -4.0 -2.0 -3.0 -4.0 0.0 -1.0 -4.0 -2.0 -3.0 -2.0 -1.0 -2.0 -2.0 -1.0 -1.0 -3.0 -2.0 0.0 -1.0 0.0 -1.0 -2.0 -3.0 -1.0 -2.0 -2.0 0.0 0.0 -4.0 -3.0 -1.0 -2.0 0.0 -1.0 -4.0 -1.0 -1.0 -1.0 -2.0 0.0 -4.0 
-4.0 -3.0 0.0 -3.0 -3.0 -2.0 123.0 -1.0 -1.0 -4.0 -2.0 -1.0 -4.0 -1.0 -1.0 -3.0 -2.0 0.0 -1.0 -2.0 0.0 -4.0 -3.0 -2.0 -4.0 0.0 -1.0 -4.0 -4.0 0.0 -1.0 -3.0 -2.0 -1.0 -1.0 0.0 -1.0 -1.0 -4.0 -1.0 -3.0 -1.0 -3.0 -1.0 -2.0 -1.0 -4.0 -1.0 -2.0 0.0 -4.0 0.0 -4.0 -2.0 -1.0 -3.0 0.0 -1.0 -1.0 -2.0 -3.0 -1.0 -3.0 -2.0 -3.0 
-2.0 -4.0 -2.0 -2.0 -2.0 0.0 -2.0 119.0 -4.0 0.0 -4.0 -3.0 0.0 -4.0 0.0 0.0 -1.0 -1.0 -2.0 -2.0 -1.0 -3.0 0.0 -1.0 -1.0 0.0 -1.0 0.0 -2.0 0.0 -4.0 -4.0 -1.0 0.0 0.0 -1.0 -4.0 -3.0 -2.0 -1.0 -2.0 -1.0 -3.0 -1.0 -2.0 -3.0 -4.0 -4.0 0.0 -1.0 0.0 0.0 -2.0 -3.0 -3.0 -3.0 -3.0 -1.0 -3.0 0.0 -4.0 -4.0 -4.0 -3.0 -1.0 
-1.0 -4.0 -1.0 -2.0 -1.0 0.0 -4.0 0.0 142.0 -2.0 0.0 -4.0 0.0 -2.0 -3.0 -3.0 -4.0 -1.0 -2.0 -1.0 -4.0 -3.0 0.0 -4.0 0.0 -4.0 -2.0 -2.0 -2.0 -4.0 -4.0 0.0 0.0 -2.0 -4.0 -3.0 -3.0 -2.0 -4.0 0.0 -3.0 -1.0 -2.0 -3.0 -4.0 -1.0 -4.0 -3.0 -4.0 -1.0 -4.0 -1.0 -2.0 -4.0 -1.0 0.0 -4.0 -4.0 -1.0 -4.0 -4.0 0.0 -2.0 0.0 -3.0 
-3.0 0.0 -1.0 -1.0 -3.0 -4.0 -4.0 0.0 -4.0 123.0 -4.0 -3.0 -4.0 -2.0 -3.0 0.0 -1.0 -2.0 0.0 -1.0 -1.0 -1.0 -3.0 -1.0 -4.0 -3.0 -2.0 -1.0 -1.0 -3.0 -3.0 -1.0 -4.0 0.0 -2.0 -2.0 0.0 0.0 -2.0 -1.0 -3.0 -1.0 -3.0 -2.0 -1.0 -3.0 -1.0 -3.0 -3.0 0.0 -4.0 0.0 -1.0 -3.0 -3.0 -4.0 -1.0 0.0 -2.0 0.0 0.0 -3.0 -3.0 -3.0 -1.0 
0.0 -3.0 -3.0 -2.0 0.0 -3.0 -2.0 -2.0 -4.0 0.0 143.0 -2.0 -3.0 -1.0 -1.0 -2.0 -4.0 -4.0 -1.0 -2.0 -4.0 -3.0 -2.0 -2.0 0.0 -4.0 -4.0 0.0 -4.0 -2.0 -4.0 -1.0 -1.0 -3.0 0.0 -1.0 -3.0 -3.0 0.0 -1.0 -1.0 -4.0 -2.0 -3.0 -4.0 -1.0 -3.0 -2.0 -2.0 -4.0 -3.0 0.0 -4.0 -2.0 -4.0 -1.0 -4.0 -3.0 -1.0 -1.0 0.0 -3.0 -2.0 -4.0 -4.0 
-4.0 -2.0 -4.0 -3.0 -3.0 -3.0 -1.0 -4.0 -2.0 0.0 -2.0 133.0 0.0 -3.0 -4.0 -1.0 -2.0 -1.0 0.0 -4.0 -2.0 -1.0 -1.0 -2.0 -4.0 -1.0 0.0 -2.0 -1.0 0.0 -2.0 -2.0 -4.0 -4.0 -4.0 0.0 -3.0 -1.0 -3.0 -3.0 -2.0 0.0 -3.0 0.0 -2.0 -3.0 -4.0 -1.0 0.0 -3.0 0.0 -4.0 -2.0 -2.0 -3.0 0.0 -3.0 -3.0 -2.0 -1.0 -1.0 -2.0 -3.0 -4.0 -2.0 
0.0 -4.0 -2.0 0.0 -2.0 -1.0 -2.0 -2.0 0.0 -1.0 -3.0 -1.0 119.0 -1.0 -2.0 -2.0 -3.0 -2.0 -4.0 -1.0 -1.0 -4.0 0.0 0.0 -4.0 0.0 -3.0 -2.0 -1.0 -2.0 -2.0 -4.0 0.0 -1.0 -1.0 -2.0 -1.0 -4.0 -4.0 0.0 -1.0 0.0 -4.0 -3.0 0.0 0.0 0.0 -3.0 -2.0 -1.0 -4.0 -1.0 -4.0 -3.0 -3.0 -4.0 -4.0 -2.0 0.0 -1.0 0.0 -3.0 0.0 -3.0 -4.0 
-3.0 -4.0 -2.0 -4.0 0.0 -2.0 -1.0 -3.0 -3.0 -3.0 0.0 0.0 -4.0 136.0 -3.0 -2.0 -3.0 -3.0 -4.0 -2.0 -1.0 -4.0 -2.0 0.0 -2.0 0.0 -2.0 -2.0 -2.0 -3.0 -1.0 -4.0 -2.0 -3.0 -1.0 -2.0 -4.0 -3.0 0.0 -4.0 -2.0 0.0 -4.0 -1.0 -3.0 -3.0 0.0 0.0 -3.0 -4.0 -1.0 -1.0 -2.0 -3.0 -2.0 -3.0 0.0 -3.0 -2.0 -4.0 -2.0 0.0 -4.0 0.0 -1.0 
-3.0 -3.0 -2.0 -1.0 -2.0 -2.0 0.0 -1.0 -1.0 -2.0 -4.0 0.0 -2.0 -3.0 131.0 -3.0 0.0 -4.0 -2.0 -1.0 -3.0 -1.0 -3.0 -1.0 -4.0 -1.0 -2.0 -3.0 -4.0 -2.0 -3.0 -1.0 -4.0 -4.0 0.0 0.0 -2.0 -3.0 -3.0 -4.0 -1.0 -3.0 -1.0 0.0 -1.0 0.0 -1.0 -2.0 -3.0 0.0 -4.0 -4.0 -1.0 -2.0 -4.0 -3.0 -3.0 -1.0 0.0 0.0 -4.0 -1.0 -3.0 -1.0 -4.0 
-3.0 -3.0 -4.0 -1.0 0.0 -4.0 -1.0 -4.0 -1.0 -2.0 -2.0 -4.0 -1.0 -3.0 0.0 135.0 0.0 -2.0 -2.0 0.0 -1.0 -3.0 -3.0 -3.0 0.0 -2.0 -3.0 0.0 -4.0 -4.0 0.0 -2.0 -3.0 -3.0 -3.0 -1.0 0.0 -1.0 -2.0 -2.0 -3.0 0.0 0.0 -2.0 -3.0 -1.0 -4.0 -2.0 0.0 -4.0 -4.0 -3.0 -1.0 -4.0 -3.0 -2.0 -2.0 -2.0 -4.0 -1.0 -3.0 0.0 -4.0 -4.0 -2.0 
-3.0 -2.0 -2.0 0.0 -3.0 -2.0 -4.0 0.0 -1.0 0.0 -1.0 0.0 -2.0 0.0 -3.0 -1.0 126.0 -2.0 -4.0 -4.0 -3.0 -4.0 -4.0 -4.0 -1.0 -1.0 -4.0 0.0 -4.0 -3.0 -2.0 -3.0 0.0 -2.0 -4.0 -3.0 -2.0 -3.0 -3.0 -2.0 -2.0 -1.0 -1.0 0.0 -2.0 -1.0 -2.0 -2.0 -3.0 -3.0 -2.0 -3.0 -3.0 0.0 0.0 -2.0 0.0 -2.0 -2.0 0.0 -2.0 0.0 0.0 -4.0 -3.0 
-1.0 -3.0 -1.0 -4.0 -2.0 -2.0 -4.0 -1.0 -2.0 -3.0 -3.0 -1.0 -2.0 -4.0 -4.0 -2.0 -1.0 124.0 0.0 0.0 -1.0 -2.0 -2.0 0.0 -1.0 -1.0 -4.0 0.0 -4.0 -1.0 -2.0 -3.0 -4.0 0.0 -1.0 -3.0 -2.0 -1.0 -1.0 -4.0 -2.0 -3.0 -4.0 -3.0 -3.0 0.0 -1.0 -4.0 -3.0 -1.0 -3.0 0.0 0.0 0.0 -2.0 -2.0 -4.0 -1.0 -4.0 0.0 0.0 -2.0 0.0 -1.0 -4.0 
-2.0 -2.0 -2.0 -3.0 0.0 -3.0 -4.0 -2.0 -1.0 -1.0 -3.0 -1.0 -1.0 0.0 -1.0 -2.0 -1.0 -4.0 108.0 0.0 -2.0 0.0 -4.0 -1.0 0.0 -3.0 -3.0 -1.0 -4.0 -3.0 -2.0 -1.0 -2.0 -4.0 0.0 0.0 -3.0 -1.0 -3.0 0.0 0.0 -2.0 -1.0 -4.0 0.0 -4.0 -2.0 0.0 -1.0 -3.0 -3.0 -1.0 -4.0 -1.0 -1.0 -3.0 -2.0 -1.0 0.0 -1.0 -3.0 0.0 -1.0 0.0 0.0 
-4.0 0.0 0.0 0.0 0.0 0.0 -2.0 -2.0 0.0 -1.0 -3.0 -2.0 -4.0 -4.0 -2.0 -4.0 -4.0 -1.0 0.0 115.0 -4.0 0.0 -4.0 -4.0 -1.0 -1.0 -2.0 -1.0 0.0 -1.0 -1.0 -4.0 -4.0 -1.0 0.0 -4.0 0.0 0.0 -1.0 -2.0 -2.0 0.0 -1.0 -4.0 -4.0 0.0 -4.0 0.0 -4.0 -4.0 -2.0 0.0 -3.0 -3.0 -1.0 -4.0 0.0 -1.0 0.0 0.0 -3.0 -1.0 -1.0 -1.0 -4.0 
-3.0 -4.0 0.0 -2.0 -4.0 -1.0 0.0 -3.0 -2.0 -2.0 -1.0 -3.0 -3.0 -3.0 -1.0 -1.0 -4.0 -1.0 -3.0 -1.0 145.0 -4.0 0.0 -4.0 -1.0 -2.0 -4.0 -4.0 -3.0 -4.0 -1.0 -4.0 -2.0 -2.0 0.0 -3.0 -1.0 -3.0 -4.0 0.0 -2.0 -4.0 -3.0 -3.0 -2.0 -1.0 -1.0 -2.0 -1.0 -2.0 -4.0 -3.0 -1.0 -3.0 -3.0 -4.0 -3.0 -3.0 -2.0 -1.0 -1.0 -2.0 -3.0 -2.0 -1.0 
-3.0 0.0 -4.0 -1.0 -2.0 0.0 -1.0 -4.0 0.0 0.0 -4.0 -1.0 -3.0 -1.0 -1.0 -1.0 -3.0 -3.0 -2.0 -1.0 -2.0 129.0 -4.0 -3.0 -4.0 -4.0 0.0 -4.0 -4.0 0.0 -4.0 -3.0 0.0 -4.0 -4.0 -1.0 -4.0 0.0 -1.0 -4.0 -4.0 -2.0 -1.0 0.0 0.0 -3.0 -2.0 -3.0 0.0 -3.0 -2.0 -1.0 -4.0 -2.0 0.0 -2.0 -1.0 -3.0 -1.0 0.0 0.0 -2.0 -4.0 -3.0 -1.0 
-1.0 -1.0 -3.0 0.0 -2.0 -3.0 -4.0 -3.0 -3.0 -1.0 -2.0 -4.0 -1.0 -2.0 -3.0 0.0 -2.0 -1.0 -1.0 -3.0 -2.0 -1.0 132.0 -1.0 -4.0 -4.0 -2.0 -1.0 0.0 -1.0 -2.0 -3.0 -1.0 -3.0 0.0 -2.0 -3.0 -3.0 -1.0 -3.0 -1.0 -3.0 -2.0 -1.0 0.0 -3.0 0.0 -4.0 -3.0 -1.0 -3.0 0.0 -4.0 -4.0 0.0 -4.0 -1.0 -3.0 -4.0 -1.0 -4.0 -1.0 -2.0 -3.0 -3.0 
-4.0 0.0 -3.0 -1.0 -3.0 -2.0 -3.0 -4.0 -1.0 -3.0 -4.0 -4.0 -4.0 -1.0 -1.0 -2.0 -3.0 0.0 -3.0 -1.0 -3.0 -2.0 -1.0 131.0 -2.0 -3.0 -2.0 -4.0 -2.0 -3.0 -3.0 -3.0 -1.0 0.0 -4.0 -1.0 0.0 0.0 0.0 -1.0 -3.0 -3.0 -4.0 -4.0 -1.0 -1.0 0.0 -2.0 -4.0 -2.0 -1.0 -3.0 0.0 -1.0 -4.0 -2.0 -4.0 -2.0 -1.0 -1.0 -1.0 0.0 -4.0 -1.0 0.0 
0.0 -2.0 -4.0 0.0 -2.0 0.0 -2.0 -4.0 0.0 -1.0 -1.0 -3.0 -1.0 -4.0 -2.0 -4.0 -3.0 -2.0 -3.0 -2.0 -3.0 -1.0 -1.0 -1.0 133.0 -4.0 -1.0 -3.0 -4.0 -4.0 -1.0 -2.0 -2.0 -3.0 -2.0 0.0 -4.0 -3.0 -1.0 -2.0 0.0 -1.0 -3.0 -3.0 -4.0 -3.0 -3.0 -3.0 -1.0 -3.0 0.0 -3.0 0.0 0.0 -2.0 -1.0 -3.0 -3.0 -4.0 -3.0 -1.0 -1.0 0.0 -4.0 -2.0 
-2.0 -4.0 -3.0 -3.0 0.0 -4.0 -4.0 -1.0 -3.0 -3.0 0.0 -1.0 -3.0 0.0 -4.0 0.0 -2.0 -3.0 -2.0 0.0 -3.0 -3.0 -4.0 -4.0 -2.0 138.0 -1.0 -1.0 -2.0 0.0 -3.0 -4.0 -2.0 -2.0 -3.0 -3.0 0.0 -1.0 -1.0 -3.0 -4.0 -1.0 -4.0 0.0 -3.0 -2.0 -1.0 -2.0 -4.0 -2.0 -1.0 -3.0 -4.0 -4.0 -3.0 -2.0 -1.0 -1.0 0.0 0.0 -4.0 -1.0 -1.0 -2.0 -4.0 
-3.0 -1.0 -1.0 -4.0 -2.0 -4.0 0.0 -1.0 -2.0 0.0 -2.0 -3.0 -3.0 -2.0 -1.0 -3.0 -3.0 -4.0 -4.0 0.0 -4.0 -4.0 0.0 -2.0 -4.0 -4.0 145.0 -3.0 -4.0 -3.0 -2.0 -1.0 0.0 -3.0 -3.0 0.0 -2.0 -3.0 -2.0 -3.0 -4.0 -1.0 -1.0 -2.0 -3.0 -3.0 -4.0 -1.0 0.0 0.0 -3.0 -2.0 -4.0 -3.0 -1.0 -1.0 -4.0 -2.0 -4.0 -2.0 -4.0 -2.0 0.0 -1.0 -3.0 
-4.0 -2.0 0.0 -1.0 -4.0 -4.0 -4.0 -4.0 0.0 -4.0 -1.0 -4.0 -4.0 -3.0 -2.0 -3.0 -1.0 -4.0 -2.0 -4.0 -4.0 0.0 -4.0 -2.0 -3.0 0.0 -2.0 154.0 -1.0 -3.0 -1.0 -1.0 -2.0 -3.0 -2.0 -2.0 -3.0 -3.0 -2.0 0.0 -3.0 -2.0 -2.0 -4.0 -4.0 -3.0 -2.0 -2.0 -4.0 0.0 -2.0 -3.0 -2.0 -3.0 -1.0 -4.0 -4.0 -3.0 -3.0 -2.0 -1.0 -1.0 0.0 -4.0 -2.0 
-4.0 -4.0 -3.0 -1.0 0.0 -1.0 -2.0 -3.0 -2.0 -3.0 -3.0 -4.0 -4.0 -3.0 -1.0 -1.0 0.0 -3.0 -2.0 -3.0 -2.0 0.0 -3.0 -4.0 -1.0 0.0 0.0 -3.0 119.0 0.0 -4.0 -1.0 -3.0 0.0 -3.0 -4.0 -3.0 0.0 -4.0 -3.0 -1.0 0.0 0.0 -1.0 -4.0 -2.0 -4.0 -1.0 -2.0 -1.0 -2.0 -2.0 0.0 -2.0 -1.0 -4.0 0.0 -2.0 -1.0 -2.0 0.0 -1.0 -1.0 0.0 0.0 
-3.0 -3.0 -3.0 -2.0 -1.0 -1.0 -4.0 -1.0 -2.0 -3.0 -1.0 -2.0 -3.0 -1.0 0.0 -3.0 -2.0 -2.0 -3.0 0.0 0.0 -4.0 -2.0 -3.0 -1.0 0.0 -1.0 -1.0 -4.0 130.0 -4.0 -2.0 -2.0 -3.0 -4.0 -1.0 -4.0 -3.0 -2.0 -2.0 -1.0 -2.0 -3.0 0.0 -4.0 -1.0 -4.0 -1.0 -3.0 -2.0 -2.0 -3.0 0.0 0.0 0.0 0.0 -4.0 -2.0 -3.0 -4.0 -3.0 -1.0 0.0 -4.0 0.0 
-1.0 -3.0 -3.0 -2.0 -2.0 -4.0 0.0 -1.0 -1.0 -4.0 -4.0 -3.0 -2.0 -2.0 -1.0 0.0 -2.0 -2.0 -4.0 0.0 -1.0 -4.0 0.0 0.0 -2.0 0.0 -1.0 -3.0 -1.0 -3.0 126.0 -3.0 -1.0 -3.0 -3.0 -3.0 -1.0 0.0 0.0 -1.0 -4.0 -2.0 -2.0 -1.0 0.0 -4.0 -2.0 0.0 -3.0 -3.0 -4.0 -3.0 -1.0 -2.0 0.0 -1.0 -3.0 0.0 -4.0 -3.0 -2.0 -2.0 -4.0 -2.0 -3.0 
0.0 -1.0 -1.0 -1.0 0.0 -2.0 0.0 -2.0 -4.0 -2.0 0.0 -4.0 0.0 -1.0 -1.0 -4.0 -4.0 -2.0 -2.0 0.0 -1.0 -4.0 0.0 -3.0 0.0 -4.0 -1.0 -4.0 -1.0 -2.0 -1.0 138.0 -4.0 -1.0 -4.0 -4.0 -2.0 -4.0 -1.0 0.0 -3.0 -4.0 -3.0 -4.0 -3.0 -3.0 -4.0 -3.0 0.0 -3.0 -1.0 -3.0 -3.0 -4.0 -3.0 -1.0 -3.0 -4.0 -1.0 -1.0 -4.0 -4.0 -1.0 -3.0 0.0 
0.0 0.0 -2.0 -2.0 -3.0 -2.0 -2.0 -3.0 -3.0 0.0 -2.0 -3.0 -4.0 0.0 -1.0 0.0 -4.0 0.0 -2.0 -1.0 -1.0 -4.0 -4.0 0.0 -1.0 -3.0 -1.0 -4.0 0.0 -4.0 -3.0 0.0 135.0 0.0 -1.0 -3.0 -3.0 -2.0 -4.0 -2.0 -2.0 -4.0 -1.0 -2.0 -2.0 -4.0 -1.0 -4.0 -4.0 -1.0 -3.0 -3.0 -1.0 -1.0 -3.0 0.0 -2.0 -3.0 -3.0 -4.0 -1.0 -3.0 -1.0 -4.0 -4.0 
0.0 -3.0 0.0 -1.0 -2.0 -3.0 0.0 -3.0 -4.0 0.0 -3.0 -4.0 -1.0 0.0 -2.0 -3.0 -3.0 -3.0 -1.0 -3.0 -1.0 -3.0 0.0 -2.0 -2.0 -2.0 -4.0 -3.0 -3.0 -4.0 -3.0 -4.0 -1.0 111.0 0.0 0.0 -2.0 -1.0 -2.0 -4.0 -4.0 -2.0 -1.0 -1.0 0.0 -4.0 0.0 0.0 -1.0 0.0 -3.0 0.0 -1.0 -2.0 -3.0 0.0 -3.0 0.0 -1.0 0.0 -3.0 -1.0 -1.0 0.0 0.0 
-1.0 -1.0 -3.0 -1.0 -2.0 0.0 -3.0 -4.0 -1.0 0.0 0.0 -1.0 -2.0 -3.0 0.0 -3.0 -1.0 -4.0 -2.0 -1.0 -4.0 -4.0 0.0 -1.0 -2.0 -4.0 0.0 -3.0 -4.0 -4.0 0.0 -1.0 -1.0 0.0 130.0 -1.0 -4.0 -3.0 -3.0 0.0 0.0 -3.0 -1.0 -2.0 -4.0 -4.0 -3.0 -4.0 -2.0 0.0 -4.0 -3.0 -1.0 -3.0 -1.0 -3.0 -4.0 -4.0 -1.0 -3.0 -4.0 0.0 -1.0 -2.0 -1.0 
-4.0 -2.0 0.0 -4.0 -3.0 0.0 -4.0 -3.0 -3.0 -2.0 -2.0 -1.0 -1.0 0.0 -2.0 -3.0 -3.0 -2.0 -1.0 -2.0 0.0 0.0 0.0 -2.0 -1.0 -2.0 -1.0 -3.0 0.0 -2.0 -4.0 -4.0 -2.0 -3.0 -1.0 114.0 0.0 -3.0 -1.0 0.0 -1.0 -1.0 0.0 -2.0 -1.0 0.0 -1.0 0.0 0.0 -3.0 0.0 -4.0 -3.0 -3.0 0.0 -2.0 -4.0 -2.0 -2.0 -2.0 0.0 -3.0 -4.0 -2.0 -3.0 
-3.0 0.0 -2.0 -3.0 -4.0 -1.0 -2.0 -2.0 0.0 -4.0 -2.0 -4.0 -1.0 -3.0 -3.0 -4.0 0.0 -3.0 -4.0 0.0 -1.0 0.0 -4.0 -3.0 -3.0 -1.0 -1.0 0.0 -4.0 -2.0 -1.0 0.0 -2.0 -3.0 -3.0 -4.0 125.0 -1.0 -2.0 -2.0 0.0 -4.0 -1.0 -4.0 -1.0 -4.0 0.0 0.0 -4.0 -1.0 -2.0 -1.0 -4.0 -3.0 -1.0 -3.0 -1.0 0.0 0.0 -1.0 0.0 0.0 -3.0 -3.0 -2.0 
-4.0 0.0 -1.0 -3.0 -2.0 -3.0 -2.0 0.0 -4.0 -4.0 0.0 0.0 -2.0 -3.0 -3.0 -2.0 -1.0 -3.0 -4.0 0.0 -4.0 0.0 -2.0 -1.0 -1.0 -2.0 0.0 0.0 -1.0 -1.0 -4.0 -3.0 -4.0 -4.0 -2.0 -1.0 -2.0 139.0 -4.0 -3.0 -4.0 -3.0 -4.0 -2.0 -4.0 -3.0 0.0 -1.0 -2.0 -1.0 -1.0 -2.0 -1.0 -4.0 0.0 -2.0 -2.0 -3.0 -4.0 -4.0 -3.0 -1.0 -4.0 0.0 -4.0 
0.0 -4.0 -3.0 -4.0 -3.0 0.0 -4.0 -1.0 0.0 -4.0 -1.0 0.0 -1.0 -2.0 -4.0 -4.0 -3.0 -1.0 0.0 -1.0 -2.0 -3.0 -3.0 -2.0 -1.0 -2.0 -1.0 0.0 -4.0 -2.0 0.0 -1.0 -3.0 -4.0 -4.0 -1.0 0.0 -1.0 124.0 0.0 -3.0 0.0 -1.0 -1.0 -1.0 -3.0 -1.0 -3.0 -3.0 -4.0 -2.0 -1.0 0.0 -3.0 -1.0 -2.0 -4.0 -4.0 -2.0 -2.0 0.0 -4.0 0.0 -3.0 -2.0 
-1.0 -2.0 -1.0 -2.0 -3.0 0.0 -2.0 -1.0 -2.0 -1.0 -2.0 0.0 -4.0 -2.0 -4.0 -3.0 -2.0 -1.0 -2.0 -2.0 -3.0 -3.0 -4.0 -4.0 -2.0 -4.0 -3.0 -4.0 -3.0 -4.0 -1.0 -3.0 0.0 -3.0 -2.0 0.0 0.0 -1.0 0.0 130.0 -4.0 0.0 -1.0 0.0 -4.0 -3.0 0.0 -3.0 0.0 -1.0 -4.0 -2.0 -2.0 -3.0 -3.0 -2.0 -4.0 0.0 -2.0 -1.0 -1.0 -1.0 -2.0 -2.0 -4.0 
-2.0 -4.0 -4.0 -3.0 -2.0 0.0 -4.0 -3.0 -2.0 -2.0 -4.0 -1.0 -2.0 -3.0 -3.0 0.0 -1.0 -4.0 0.0 -2.0 -3.0 -3.0 -1.0 -2.0 0.0 0.0 -2.0 -1.0 0.0 -2.0 -1.0 -4.0 0.0 -4.0 -2.0 -2.0 -3.0 -2.0 -2.0 -1.0 125.0 -1.0 -4.0 0.0 -1.0 -2.0 -3.0 -1.0 -2.0 -4.0 -1.0 -1.0 -3.0 -3.0 -1.0 -1.0 -2.0 -4.0 -4.0 0.0 0.0 -3.0 -1.0 0.0 -2.0 
-3.0 0.0 -4.0 -3.0 -3.0 -4.0 -2.0 0.0 -1.0 -1.0 -3.0 -1.0 -4.0 0.0 -2.0 -2.0 0.0 -1.0 -3.0 -4.0 0.0 0.0 -1.0 -4.0 -2.0 -4.0 -2.0 -2.0 -3.0 -4.0 -2.0 0.0 -1.0 -3.0 -3.0 -1.0 -1.0 -3.0 0.0 -2.0 0.0 125.0 0.0 -4.0 -2.0 -3.0 -4.0 -4.0 -4.0 -2.0 -4.0 -2.0 -4.0 -2.0 0.0 -1.0 0.0 0.0 -2.0 -1.0 -2.0 -1.0 -2.0 -2.0 0.0 
0.0 0.0 -3.0 -2.0 -1.0 -1.0 -4.0 -2.0 0.0 -1.0 -3.0 -3.0 -4.0 -3.0 -4.0 -1.0 -1.0 -3.0 0.0 0.0 -4.0 -3.0 -2.0 -1.0 -2.0 -3.0 -2.0 -1.0 -3.0 0.0 -1.0 0.0 -2.0 -3.0 -3.0 -1.0 -3.0 -2.0 -1.0 0.0 -1.0 0.0 121.0 -2.0 -1.0 -3.0 -1.0 -1.0 0.0 -4.0 -4.0 -4.0 -4.0 -3.0 0.0 -2.0 0.0 -4.0 -3.0 0.0 -3.0 0.0 -4.0 -1.0 -3.0 
-4.0 -4.0 -4.0 0.0 -3.0 0.0 -2.0 -3.0 -1.0 0.0 -1.0 -4.0 -2.0 -2.0 -2.0 -4.0 -3.0 0.0 -3.0 0.0 -1.0 -3.0 -4.0 -4.0 -1.0 0.0 -3.0 -2.0 -3.0 -2.0 -4.0 -4.0 0.0 -3.0 -2.0 -4.0 -4.0 -4.0 -4.0 0.0 0.0 0.0 -2.0 145.0 -4.0 0.0 -4.0 0.0 -2.0 -4.0 -1.0 -4.0 -3.0 -2.0 -2.0 -4.0 -1.0 -1.0 -2.0 -3.0 -3.0 0.0 -2.0 -3.0 -4.0 
-4.0 0.0 -4.0 -1.0 -3.0 -2.0 0.0 -4.0 -4.0 -2.0 -2.0 -2.0 -4.0 0.0 -2.0 -3.0 -1.0 -4.0 -3.0 -4.0 -3.0 0.0 -3.0 -3.0 -3.0 -2.0 0.0 -4.0 -1.0 -2.0 -3.0 -2.0 -2.0 -1.0 -1.0 0.0 0.0 -2.0 0.0 -4.0 -1.0 -3.0 -3.0 -2.0 118.0 -1.0 0.0 -4.0 0.0 -2.0 0.0 -3.0 -1.0 0.0 0.0 -3.0 -1.0 0.0 -1.0 0.0 0.0 -2.0 -2.0 0.0 -4.0 
0.0 -2.0 -3.0 -4.0 0.0 -4.0 -2.0 -3.0 0.0 -1.0 -2.0 -4.0 0.0 -4.0 0.0 0.0 0.0 0.0 -1.0 -3.0 -4.0 -4.0 0.0 -2.0 -2.0 -3.0 -2.0 -3.0 -2.0 -1.0 -1.0 -3.0 -3.0 -4.0 -2.0 0.0 0.0 -3.0 -1.0 -2.0 0.0 0.0 -2.0 0.0 -3.0 117.0 -4.0 0.0 0.0 -3.0 0.0 -1.0 -3.0 -3.0 -4.0 -4.0 -3.0 -1.0 0.0 -1.0 -1.0 -3.0 -2.0 -3.0 -1.0 
0.0 -2.0 -3.0 0.0 -2.0 -2.0 0.0 -1.0 -3.0 -2.0 -1.0 -3.0 -3.0 -1.0 -1.0 0.0 -4.0 -3.0 -4.0 -4.0 0.0 -3.0 -4.0 -1.0 -2.0 -4.0 -3.0 0.0 -2.0 0.0 -4.0 0.0 -3.0 -3.0 -4.0 -4.0 -4.0 0.0 -1.0 -1.0 -4.0 -4.0 -4.0 -2.0 -2.0 -1.0 147.0 -1.0 -2.0 -4.0 -4.0 -2.0 -3.0 -4.0 -3.0 -4.0 -1.0 -4.0 -4.0 -2.0 -4.0 0.0 -2.0 -2.0 -2.0 
-4.0 -1.0 -2.0 -4.0 -2.0 -2.0 -3.0 -1.0 -3.0 -2.0 -4.0 -2.0 0.0 -2.0 0.0 -2.0 -2.0 0.0 0.0 -3.0 0.0 -1.0 -1.0 -4.0 -4.0 -2.0 -4.0 -4.0 -2.0 0.0 -4.0 0.0 -3.0 -2.0 -2.0 -4.0 0.0 0.0 -4.0 -2.0 -3.0 -4.0 -1.0 -4.0 0.0 0.0 0.0 126.0 -1.0 -3.0 -1.0 -3.0 -4.0 -3.0 -3.0 0.0 -1.0 -1.0 -3.0 0.0 -3.0 -3.0 0.0 -3.0 0.0 
-2.0 -1.0 -2.0 -4.0 -1.0 0.0 0.0 -1.0 -4.0 -2.0 0.0 -3.0 0.0 -2.0 -2.0 -3.0 -2.0 0.0 0.0 -3.0 -3.0 0.0 -4.0 -2.0 -4.0 -4.0 -3.0 -3.0 0.0 -4.0 -2.0 -2.0 -3.0 -3.0 -3.0 -2.0 -1.0 -1.0 -4.0 -1.0 -3.0 -2.0 -4.0 0.0 0.0 0.0 -3.0 0.0 118.0 -2.0 -1.0 0.0 -1.0 0.0 -2.0 -3.0 -1.0 -1.0 0.0 -4.0 -3.0 -1.0 -1.0 -3.0 -2.0 
-1.0 -1.0 -1.0 -1.0 -2.0 -1.0 0.0 -4.0 0.0 -4.0 0.0 -3.0 -3.0 -4.0 -1.0 -1.0 -4.0 -3.0 0.0 -4.0 -4.0 -3.0 -2.0 -2.0 -2.0 -4.0 -1.0 -1.0 0.0 -4.0 0.0 -2.0 -2.0 -1.0 -1.0 -2.0 -2.0 -2.0 -4.0 0.0 -2.0 -2.0 -4.0 0.0 -1.0 -2.0 -4.0 -3.0 -2.0 126.0 -2.0 -4.0 0.0 -3.0 -2.0 -4.0 -1.0 -3.0 -2.0 -1.0 0.0 -2.0 -2.0 -1.0 -2.0 
-1.0 0.0 -3.0 0.0 -3.0 0.0 -4.0 -4.0 -4.0 -4.0 -4.0 -4.0 -3.0 0.0 -1.0 0.0 -3.0 -3.0 -3.0 -2.0 -1.0 -1.0 -2.0 -3.0 -1.0 -3.0 -4.0 -1.0 -3.0 -2.0 -2.0 -4.0 -2.0 -1.0 -2.0 -2.0 0.0 0.0 0.0 0.0 -4.0 -3.0 -2.0 -2.0 -1.0 -1.0 -3.0 -4.0 0.0 -3.0 127.0 -2.0 -3.0 0.0 -2.0 0.0 -3.0 -2.0 0.0 -2.0 -1.0 -1.0 -2.0 -4.0 -2.0 
-3.0 -1.0 -2.0 0.0 0.0 -4.0 -4.0 0.0 -3.0 -3.0 -1.0 0.0 -1.0 -1.0 -3.0 -2.0 0.0 -1.0 -2.0 -3.0 -3.0 -3.0 -4.0 -2.0 -3.0 -1.0 0.0 -4.0 0.0 -2.0 -2.0 -4.0 -2.0 -3.0 -4.0 -2.0 -3.0 -3.0 -1.0 -2.0 -2.0 -2.0 -4.0 -4.0 0.0 -4.0 -2.0 0.0 -3.0 -3.0 -3.0 140.0 -4.0 -3.0 -1.0 0.0 -3.0 -2.0 -2.0 -2.0 0.0 -2.0 -4.0 -4.0 -4.0 
-4.0 -3.0 -4.0 -1.0 0.0 -1.0 0.0 -1.0 0.0 -3.0 -4.0 -3.0 -2.0 0.0 -1.0 -3.0 -1.0 -2.0 -1.0 -4.0 -1.0 0.0 -4.0 0.0 0.0 -1.0 -4.0 -1.0 -3.0 -1.0 -4.0 -3.0 0.0 -2.0 -4.0 0.0 -3.0 -3.0 -3.0 0.0 -3.0 -1.0 -1.0 -4.0 -3.0 -3.0 -4.0 -1.0 -1.0 -4.0 -4.0 -3.0 131.0 0.0 -3.0 -3.0 -4.0 -1.0 -1.0 -4.0 0.0 -3.0 0.0 -4.0 -1.0 
0.0 0.0 -3.0 -2.0 -3.0 -1.0 -3.0 0.0 -3.0 -2.0 -4.0 -2.0 0.0 -2.0 -2.0 -2.0 -1.0 -3.0 -3.0 -4.0 -3.0 -2.0 -2.0 -4.0 -2.0 0.0 -4.0 -2.0 0.0 -4.0 0.0 -1.0 -1.0 -1.0 -2.0 -3.0 -1.0 -1.0 -2.0 0.0 0.0 -2.0 -3.0 -2.0 -3.0 -1.0 -3.0 -4.0 -2.0 -2.0 -2.0 -4.0 -1.0 126.0 -2.0 -1.0 0.0 -2.0 -4.0 0.0 -1.0 -4.0 -3.0 -1.0 -4.0 
-1.0 -2.0 -4.0 -3.0 -1.0 -2.0 -3.0 -4.0 0.0 -3.0 -3.0 -2.0 -4.0 -2.0 0.0 -1.0 -1.0 -2.0 -4.0 -2.0 -1.0 -4.0 0.0 -4.0 -2.0 -3.0 -2.0 -1.0 0.0 -2.0 -2.0 -2.0 -4.0 0.0 -3.0 -1.0 0.0 0.0 -3.0 -3.0 -1.0 -3.0 0.0 -1.0 -2.0 -4.0 -2.0 0.0 -3.0 -4.0 -2.0 -3.0 -3.0 -1.0 134.0 -2.0 -2.0 -2.0 -4.0 -2.0 -2.0 -3.0 -3.0 -1.0 -3.0 
-4.0 -2.0 -4.0 -4.0 0.0 0.0 -4.0 -4.0 -2.0 0.0 -2.0 -3.0 -3.0 -3.0 0.0 -1.0 -3.0 -1.0 0.0 -4.0 -2.0 -4.0 -4.0 -2.0 -2.0 -3.0 0.0 -1.0 0.0 -4.0 0.0 -1.0 -1.0 -1.0 -3.0 -4.0 -4.0 -2.0 -2.0 0.0 -2.0 -3.0 -3.0 0.0 -1.0 -4.0 -4.0 -1.0 -3.0 -1.0 -2.0 -1.0 -3.0 -3.0 -1.0 135.0 0.0 -3.0 0.0 -4.0 -4.0 -1.0 -2.0 -4.0 -1.0 
0.0 0.0 -1.0 -3.0 -3.0 -4.0 -2.0 -1.0 -1.0 -3.0 -3.0 -3.0 -4.0 0.0 -3.0 -4.0 0.0 -3.0 -1.0 0.0 -2.0 -3.0 -3.0 -4.0 0.0 -2.0 -3.0 0.0 -1.0 -2.0 -3.0 -1.0 0.0 -4.0 -4.0 -3.0 -2.0 -4.0 -1.0 -2.0 -3.0 -4.0 0.0 -3.0 0.0 -2.0 -2.0 -3.0 -4.0 -1.0 -2.0 -2.0 -4.0 0.0 0.0 -1.0 128.0 -3.0 -2.0 -3.0 0.0 -4.0 0.0 0.0 -2.0 
-4.0 -4.0 0.0 -4.0 -4.0 -4.0 -1.0 -4.0 -2.0 -4.0 -4.0 -4.0 -1.0 -4.0 -4.0 -4.0 -3.0 -4.0 -2.0 0.0 0.0 -2.0 -4.0 -2.0 0.0 -3.0 -1.0 -2.0 -4.0 -2.0 0.0 -2.0 -4.0 -3.0 -3.0 -3.0 0.0 -2.0 0.0 0.0 -2.0 -3.0 -2.0 -1.0 -4.0 -1.0 -4.0 0.0 -3.0 0.0 -3.0 -1.0 -4.0 -1.0 -2.0 -1.0 -3.0 146.0 -2.0 -4.0 0.0 -2.0 -4.0 -1.0 0.0 
0.0 -2.0 -4.0 -3.0 -3.0 -3.0 -2.0 -4.0 0.0 0.0 -3.0 -4.0 0.0 -4.0 -3.0 0.0 -3.0 -2.0 -4.0 -1.0 -2.0 -1.0 -2.0 0.0 -3.0 -3.0 -3.0 -4.0 -4.0 -4.0 -4.0 -1.0 -2.0 -3.0 -1.0 -1.0 -1.0 0.0 -1.0 -3.0 -3.0 -4.0 0.0 -1.0 -1.0 -1.0 -2.0 -2.0 -4.0 -3.0 -1.0 -3.0 0.0 -2.0 -4.0 -2.0 -1.0 -4.0 139.0 -4.0 0.0 0.0 -3.0 -4.0 -2.0 
-1.0 -3.0 0.0 -4.0 -2.0 -2.0 -1.0 -1.0 -4.0 0.0 -3.0 -2.0 -2.0 -2.0 -4.0 0.0 0.0 -1.0 0.0 0.0 -3.0 -1.0 -2.0 -1.0 -4.0 -4.0 -2.0 -2.0 0.0 -3.0 -4.0 -4.0 -3.0 0.0 0.0 -1.0 -2.0 -1.0 0.0 0.0 -1.0 0.0 -4.0 -4.0 0.0 -3.0 0.0 -1.0 -4.0 0.0 0.0 0.0 -3.0 -3.0 -1.0 -4.0 -1.0 -4.0 -4.0 115.0 -2.0 -3.0 -1.0 -1.0 -2.0 
-2.0 -4.0 -1.0 -3.0 -4.0 -1.0 -4.0 -2.0 -3.0 -4.0 0.0 -3.0 -3.0 0.0 -2.0 -3.0 0.0 -3.0 0.0 0.0 -1.0 -4.0 -2.0 -1.0 0.0 -2.0 0.0 -1.0 -1.0 -4.0 0.0 0.0 -4.0 0.0 -2.0 -2.0 -4.0 -1.0 -3.0 0.0 -3.0 -4.0 -3.0 -3.0 0.0 -3.0 -1.0 -3.0 -2.0 -3.0 -3.0 0.0 -3.0 -2.0 -4.0 -3.0 -4.0 0.0 -4.0 -3.0 134.0 -3.0 -3.0 -3.0 0.0 
-2.0 -2.0 -3.0 0.0 -3.0 -3.0 -4.0 -2.0 -4.0 -2.0 0.0 -4.0 -4.0 -2.0 -1.0 -2.0 -2.0 -4.0 -4.0 -2.0 -1.0 -4.0 -4.0 -2.0 -3.0 -2.0 0.0 -4.0 -2.0 -2.0 -2.0 -4.0 -1.0 -3.0 0.0 -2.0 -4.0 -2.0 -1.0 -4.0 -4.0 -2.0 0.0 -4.0 -3.0 -3.0 0.0 -4.0 -4.0 -1.0 -3.0 -2.0 0.0 -4.0 -2.0 -2.0 -1.0 -4.0 -2.0 0.0 -3.0 151.0 0.0 -3.0 -3.0 
-1.0 -2.0 -4.0 -1.0 -2.0 -1.0 -4.0 -4.0 -4.0 -2.0 -1.0 -3.0 0.0 -3.0 -1.0 -4.0 -1.0 -1.0 -3.0 -3.0 0.0 -1.0 -3.0 -2.0 0.0 -4.0 -1.0 -1.0 -3.0 0.0 -2.0 -1.0 -1.0 0.0 -2.0 0.0 -1.0 0.0 -4.0 0.0 -4.0 -1.0 -3.0 -4.0 -3.0 0.0 -1.0 0.0 -3.0 -4.0 -1.0 -1.0 -1.0 -1.0 -4.0 -2.0 -2.0 -4.0 -4.0 0.0 -3.0 -2.0 122.0 0.0 -3.0 
-4.0 0.0 -1.0 -2.0 -3.0 -4.0 -4.0 -1.0 0.0 0.0 -1.0 -3.0 -2.0 -1.0 -4.0 -1.0 -2.0 0.0 0.0 0.0 0.0 -4.0 -2.0 -4.0 -1.0 0.0 -2.0 -4.0 -1.0 0.0 -2.0 -1.0 0.0 0.0 -1.0 -4.0 -1.0 0.0 -4.0 -2.0 -2.0 -1.0 -4.0 0.0 -3.0 -1.0 0.0 0.0 -3.0 -3.0 -2.0 -2.0 -1.0 0.0 -3.0 -2.0 -3.0 -4.0 0.0 -3.0 -1.0 -4.0 -1.0 112.0 -3.0 
-1.0 -2.0 -1.0 -3.0 -4.0 -2.0 -4.0 -4.0 -3.0 0.0 -1.0 -3.0 -2.0 -1.0 -3.0 -4.0 0.0 -4.0 0.0 0.0 -4.0 0.0 -3.0 -4.0 -4.0 0.0 -4.0 -4.0 -2.0 -1.0 -1.0 0.0 -4.0 0.0 -3.0 0.0 -1.0 0.0 -4.0 0.0 0.0 0.0 -3.0 0.0 -3.0 -3.0 -4.0 -4.0 0.0 -2.0 -3.0 -1.0 -2.0 -1.0 -4.0 -3.0 -1.0 -2.0 -2.0 -1.0 -4.0 -3.0 -1.0 -3.0 131.0 

-3978.0 -4252.0 -3806.0 -3606.0 -3559.0 -3039.0 -3143.0 -3266.0 -3673.0 -2711.0 -3367.0 -2759.0 -2636.0 -2436.0 -2433.0 -2484.0 -1914.0 -1724.0 -1312.0 -1569.0 -1773.0 -1376.0 -1508.0 -848.0 -1145.0 -870.0 -872.0 -616.0 15.0 -321.0 -352.0 -642.0 -376.0 495.0 -12.0 394.0 770.0 498.0 779.0 956.0 1275.0 1298.0 1120.0 1585.0 1988.0 1542.0 1696.0 2080.0 1997.0 2124.0 2536.0 2385.0 2463.0 2603.0 2957.0 3250.0 3206.0 4240.0 3733.0 3096.0 3672.0 4584.0 3772.0 3425.0 4319.0 